1 0.7076030308491416 0.673542982554846 0.05040910308425506 0.027226273445216796
2 0.7888257573101913 0.6689487257063688 0.03933523538950343 0.018584979254075762
1 0.7925543238665572 0.3659421248765317 0.043940914772652204 0.014252676764564676
1 0.7550719147759477 0.4124745053753628 0.0376636412337021 0.012216580083912553
1 0.6965291631543898 0.6821842767459871 0.05498750892845372 0.021331470955705888
1 0.7557770726487412 0.32737745496044435 0.04555796185055314 0.017496075934727705
1 0.770141761367381 0.4877938140886511 0.04078864123370209 0.012453378424238614
1 0.7214508912369973 0.4165825875338678 0.050272735389503255 0.019413773445216796
1 0.6109383108809137 0.5794396302751166 0.05983865016215582 0.031061668466194802
1 0.6974212816599205 0.5416776759161501 0.05021818831160267 0.016288773445216797
2 0.580298011367381 0.5021793132634584 0.06269091477265239 0.015673466806520864
1 0.7359928579588144 0.5668426966620745 0.04862841477265238 0.014607874275053768
1 0.7196253384770538 0.38707268628911234 0.053315914772652385 0.014963071785542858
1 0.5932717495995534 0.7422831723916652 0.05964773538950343 0.020124168466194803
1 0.7100436071447401 0.22083237965041652 0.053343188311602674 0.01652557178554277
1 0.6119183839333967 0.657387031519872 0.06118296185055314 0.018680067636357833
1 0.7346155442418223 0.6457489466620745 0.0503545560063543 0.024101273445216797
1 0.6608327654245707 0.31350605434038875 0.05959318831160267 0.01699916846619498
1 0.4622984391289721 0.7810757531002777 0.07063978246740418 0.024077962657336017
1 0.5561126688364327 0.7255935024755777 0.06907728246740419 0.023959563487172986
1 0.2902052508173695 0.8065996618182103 0.09415910308425506 0.030541450209781475
1 0.4713726193196048 0.17181915227044073 0.081577282467404 0.024906756848477228
