1 0.707821023808339 0.6954455891472852 0.011997255447881727 0.03810077729789594
2 0.3688513589576328 0.7297237661960125 0.015340776735205086 0.041426036397194464
1 0.7931908052351211 0.5471501866186765 0.015340776735205175 0.041426036397194464
0 0.06118133456821619 0.6168172601790328 0.01421531930985207 0.04757590684754529
1 0.6078103161308843 0.6343659916758937 0.012543558666190257 0.04591327729789594
1 0.7298709864294721 0.651656016352896 0.012215776735205176 0.041225777297895935
1 0.39163901291257563 0.6403713695275 0.02024679802252862 0.04485142504614252
1 0.6393116884069435 0.613513271133258 0.013089861884499144 0.05372577729789594
1 0.7610010181083557 0.5806030367109616 0.01599634059717552 0.050801036397194466
1 0.4721348960843981 0.6917150215946833 0.016575494804219916 0.03683866594684382
1 0.7512982361773706 0.5765163140088575 0.017558840597175517 0.05090116594684382
1 0.7906778104309011 0.5112126866186765 0.01599634059717552 0.050801036397194466
2 0.5047510181083558 0.5970242828534502 0.017449579953513705 0.049338665946843815
1 0.5204852787520174 0.597585487356957 0.013996798022528623 0.04445090684754529
1 0.6446111936027237 0.5770751233850113 0.014106058666190436 0.04601340684754511
1 0.7773365762703429 0.4775385934662218 0.019995425746469307 0.06350129549649317
1 0.5326475170999496 0.3001702668143213 0.019744053470410174 0.08215116594684391
2 0.944929359790812 0.15839166795865395 0.03155563861970414 0.0953520727943891
1 0.6341328794886516 0.49456301203395936 0.016433383171822413 0.057051036397194464
1 0.8506766152386938 0.20209970003691186 0.024322292826748537 0.08088905459579188
1 0.8320026609154338 0.3390582819305996 0.026463947033792935 0.06702681369509049
1 0.28653661364920985 0.5513670311554073 0.022683383171822412 0.057451554595791876
1 0.597059214385844 0.4357282325765951 0.02322968639013112 0.06526405459579188
1 0.3983481987985037 0.5567578331303056 0.025589861884498966 0.05452681369509058
