2 0.18864578809523758 0.1933494574909235 0.016866127390180986 0.044323002965749494
1 0.4837382425987443 0.19690956171208632 0.012178627390180986 0.04413200197716636
1 0.43854565854558825 0.18472523809982086 0.015904404688076922 0.053634335969555115
1 0.5842586767441855 0.17255420745374245 0.015704145588778216 0.05050933596955511
1 0.4086590970099661 0.24983824353702833 0.014341904688076923 0.053570668973360734
2 0.5459192651162783 0.27229688087572745 0.019429922886674156 0.06001166996194387
1 0.5357630151162783 0.27271071635099103 0.016304922886674157 0.059884335969555114
1 0.6111623357511992 0.20262636802414624 0.01882914558877822 0.050636669961943936
1 0.3888286559246946 0.31609991349897226 0.022955441085271477 0.06638900395433271
1 0.22197991980435522 0.2325101165784525 0.01902940468807692 0.05376166996194396
1 0.7575192967331109 0.3384790019028043 0.018468200184570092 0.06932300296574959
1 0.3269887924141742 0.2718670938410395 0.016304922886674157 0.059884335969555204
1 0.794629270514949 0.3673560769979445 0.0249184592838688 0.0727026709505271
1 0.17082033313030545 0.3499177924718954 0.01680557063492083 0.0676968359695552
1 0.43834779457364254 0.30940690311884894 0.019830441085271388 0.06626166996194396
1 0.5546946853820589 0.34206821140807514 0.016605311535622214 0.06457183596955521
1 0.7383477945736425 0.29718283984952576 0.01826794108527139 0.06619800296574958
1 0.3216633374492421 0.4279260928524563 0.021893588833518152 0.07413783695813833
1 0.8674788803248419 0.5194504761996417 0.02531897748246621 0.07895267095052709
1 0.5694919632982636 0.5245796224727706 0.02535855027685514 0.10388900395433272
1 0.34485290870247176 0.5524340029285686 0.033531995681063353 0.08552100593149917
1 0.8830852914913236 0.5920603052491147 0.027382125230712973 0.08682883794672147
