2 0.3921875 0.24375 0.0109375 0.03203125
1 0.50078125 0.38984375 0.01875 0.04453125
1 0.18828125 0.4203125 0.01875 0.0546875
1 0.859375 0.45546875 0.0140625 0.059375
1 0.165625 0.4703125 0.025 0.053125
1 0.3140625 0.4078125 0.01796875 0.04921875
1 0.83671875 0.6328125 0.015625 0.07421875
1 0.553125 0.31875 0.01640625 0.0359375
1 0.32890625 0.3484375 0.01796875 0.0390625
1 0.734375 0.4109375 0.0140625 0.0546875
1 0.54375 0.4421875 0.01953125 0.05390625
1 0.634375 0.3546875 0.01796875 0.046875
1 0.2015625 0.471875 0.02421875 0.0578125
1 0.48125 0.45 0.015625 0.05078125
2 0.3671875 0.4859375 0.02421875 0.05546875
1 0.6828125 0.4625 0.0125 0.05703125
1 0.5546875 0.515625 0.01875 0.0578125
1 0.6578125 0.60546875 0.02109375 0.06328125
1 0.709375 0.490625 0.01796875 0.06015625
1 0.19375 0.5515625 0.0171875 0.065625
1 0.175 0.56875 0.02109375 0.06484375
1 0.6640625 0.534375 0.021875 0.05703125
