2 0.21483776218161763 0.29786703720864305 0.03507590684754527 0.012137901451278844
1 0.26935978562200225 0.5621825083527024 0.04288840684754529 0.012410719962933215
1 0.2744921668696946 0.3490277439247322 0.04445090684754529 0.012465283665263982
1 0.33564971236618774 0.36255204138499425 0.05372577729789594 0.011230165879249122
1 0.3213716710317477 0.6284870654316114 0.05412629549649317 0.01748016587924912
1 0.664569760945 0.6689632101746502 0.08431444324473994 0.026329376223535306
1 0.4208059623661877 0.3595783196079626 0.050801036397194646 0.014246038474587408
1 0.3542354333702488 0.5670485684268363 0.05548853639719455 0.014409729581580067
1 0.32445019894795246 0.4443749602594682 0.05392603639719455 0.014355165879248944
1 0.5631751326319683 0.2841368315888622 0.07620155459579188 0.021369057711881113
1 0.3269477359634559 0.26341513693849056 0.06017603639719464 0.014573420688572546
1 0.3915585533591742 0.39191959365457973 0.06027616594684391 0.016135920688572548
1 0.3303335518180147 0.24293894583149797 0.050801036397194556 0.014246038474587408
2 0.4692434623661878 0.3578868448357061 0.06965116594684381 0.016463302902557687
1 0.3576794108527149 0.6452281321291672 0.06017603639719456 0.01457342068857237
1 0.38180641424880085 0.2153025299522489 0.06486353639719464 0.014737111795565028
1 0.4242766255352544 0.6092335792266095 0.06642603639719451 0.014791675497895973
1 0.685271375692138 0.2344592354023937 0.08920220234403828 0.029618067330527964
1 0.609623840217794 0.5690921849469068 0.07337694324473994 0.0259474303072194
1 0.3859812908637895 0.8180654314035276 0.057151165946843815 0.016026793283910833
1 0.8293985148025114 0.406383820704271 0.10240310919158375 0.04099207694917482
1 0.4955580336194174 0.23090519338442722 0.07121366594684382 0.016517866604888454
