1 0.5818109170039978 0.797640530937992 0.009859678878243728 0.039107951795397965
2 0.8234218848918221 0.8001423204601912 0.011585953188503594 0.04224204215447784
1 0.7382756009706244 0.7560928594914109 0.011667840343633173 0.04380454215447767
1 0.641987099161602 0.708200781036188 0.01512038896415202 0.050072722872636886
1 0.6757169679993661 0.6509559075978169 0.015611711894930557 0.05944772287263689
1 0.34342676842890735 0.7075932896203949 0.01224105042954129 0.054742042154477664
1 0.4053778917892272 0.7713149011549093 0.01956222749876275 0.04541249394987581
1 0.5974115835577697 0.7225269014494968 0.01528416327441171 0.05319772287263689
1 0.7910830184289074 0.7049889017440844 0.01873671189493038 0.05946590359079629
1 0.8415909514910226 0.6398315343558376 0.018818599050060315 0.06102840359079629
1 0.4163729454981288 0.6977910427436529 0.01692855042954129 0.05476931323171641
2 0.5664814088633975 0.5796945068356911 0.015939260515449583 0.0656977228726369
1 0.7709996540021574 0.23230538066684558 0.03649077792830404 0.10018180718159239
1 0.6529168758467107 0.5588729467272324 0.019228034825708916 0.06884090359079628
1 0.8520304845077096 0.66008949220136 0.015447937584671223 0.056322722872636885
1 0.42715995929293876 0.6352092295119364 0.01717421189493056 0.05945681323171659
1 0.8664880529159322 0.548252567533325 0.02564180913596843 0.07200226502711474
1 0.4607846867917016 0.680339922330344 0.015284163274411533 0.05319772287263689
1 0.6081399643813215 0.5544445219610017 0.02227114767057934 0.06729658430895533
1 0.8498804070543752 0.529593471124121 0.021118083446228297 0.0750999939498758
1 0.18575595205684953 0.44280460265571975 0.030738744911617343 0.07984203610435348
1 0.8680771291260709 0.42945711573792683 0.029012470601357875 0.07670794574527395
