1 0.11889594414505064 0.27315450262089364 0.015972509885831744 0.047776165946843904
1 0.30977295353659084 0.24073892812846148 0.01935217787060939 0.05422642504614252
2 0.08756237250995154 0.21553296730343324 0.015972509885831744 0.047776165946843904
1 0.5005889545251739 0.2482672331856787 0.01434634288963732 0.04611353639719455
1 0.46232495057084133 0.264614123994095 0.011285009885831698 0.04747577729789594
1 0.5702992766545647 0.30599819246954746 0.017917011862998145 0.057251295496493174
2 0.45595293376492735 0.3441013648947963 0.014728344866803767 0.05548853639719455
1 0.5843485533091293 0.5763502652639365 0.02155134783255317 0.06995155459579187
1 0.4627149283277198 0.37038326264304294 0.018108012851581277 0.06193879549649317
1 0.6836667568829011 0.4072579086932466 0.016800180836358793 0.06808866594684386
1 0.2646620888981236 0.3866731893872285 0.01817167984777566 0.06350129549649317
1 0.19214510174970484 0.3209294710040611 0.018108012851581277 0.06193879549649317
1 0.3120755997725385 0.3380144463270588 0.019734179847775656 0.06360142504614252
1 0.06045474996281895 0.4002188479328167 0.015174013840164435 0.06642603639719451
1 0.5465540760465423 0.46583426742340495 0.024676347832553347 0.07015181369509058
1 0.20217804045754803 0.6129562846991515 0.022315351786885908 0.08870155459579188
1 0.3804462563886096 0.3901765260612783 0.018108012851581277 0.06193879549649326
1 0.663579749962819 0.4388688540974547 0.018553681824942103 0.07287629549649317
1 0.7641978793928527 0.6223402930232579 0.02336851581733086 0.07630168414544122
1 0.27917823365119654 0.49178099398302033 0.020370849809719614 0.07922642504614252
1 0.7238169130046807 0.4599614065337782 0.023241181824942104 0.07317668414544123
1 0.7944292074537425 0.6493428840162443 0.038802514828747546 0.0726154796419344
