2 0.59296875 0.2203125 0.01171875 0.03671875
1 0.24140625 0.30546875 0.009375 0.04453125
1 0.4140625 0.2578125 0.01171875 0.0390625
2 0.378125 0.328125 0.0109375 0.05078125
1 0.3828125 0.375 0.015625 0.053125
1 0.253125 0.328125 0.01015625 0.05234375
1 0.5734375 0.315625 0.0125 0.0484375
1 0.2328125 0.375 0.0109375 0.05859375
1 0.415625 0.403125 0.0125 0.0625
1 0.2046875 0.378125 0.01328125 0.05703125
1 0.33984375 0.43671875 0.0125 0.06015625
1 0.175 0.4171875 0.0109375 0.06484375
1 0.5078125 0.43828125 0.01484375 0.06015625
1 0.1140625 0.52421875 0.015625 0.0703125
1 0.5609375 0.690625 0.01640625 0.07578125
1 0.65625 0.4375 0.01328125 0.0609375
1 0.490625 0.55 0.01484375 0.071875
0 0.9328125 0.453125 0.01015625 0.0609375
1 0.10390625 0.62578125 0.01640625 0.0703125
1 0.56796875 0.5078125 0.0171875 0.0671875
1 0.41875 0.69765625 0.02421875 0.0859375
1 0.340625 0.51953125 0.015625 0.0703125
1 0.221875 0.659375 0.0203125 0.07734375
