2 0.1899845585254265 0.6724984402874392 0.03621028463973604 0.010420674452321777
1 0.2044120860390266 0.4453820108205527 0.041079641066226816 0.01680706677218975
2 0.2974406720115462 0.41915814311129085 0.056522784639736125 0.011011707838416384
1 0.2582310709953318 0.31558686223247845 0.04402278463973612 0.010647994985435005
1 0.27877925171585966 0.33495062767188466 0.050272784639736126 0.010829851411925783
1 0.289372107746639 0.48147628668480014 0.048710284639736125 0.010784387305303155
1 0.42029784732179765 0.550184485747728 0.06929556927947225 0.02075042069139794
1 0.2745474266303997 0.6147517879384413 0.05050010517284953 0.018642351411925873
1 0.3521054399582349 0.42153063684308467 0.05969324874635884 0.012665136051661818
1 0.3429985275801071 0.25080895988348056 0.05982964106622681 0.01735263605166191
1 0.3412241127612039 0.5267720663099713 0.05973871285298138 0.014227636051661819
1 0.48100802678868426 0.5597700859060126 0.07545464106622682 0.017807277117888633
1 0.3710874575092121 0.5753375984424249 0.06598871285298155 0.014409492478152685
1 0.3061290133943421 0.2817945354311589 0.05505121285298138 0.014091243731793846
1 0.6315274816576 0.17006639139543123 0.07706260517284953 0.019415241224511347
1 0.5982603405913731 0.18473664515635493 0.07389214106622681 0.017761813011266003
1 0.6494457897208081 0.5216659953146394 0.07867056927947225 0.021023205331134064
1 0.45726326755097724 0.16655964350700228 0.07232964106622682 0.017716348904643332
1 0.3770155455933028 0.7209456151354724 0.0629091769596041 0.015881064264907253
1 0.6227552575883544 0.5521658375553653 0.08795464106622682 0.01817098997087019
1 0.4475830760098967 0.36488348324044556 0.06451714106622682 0.01748902837152997
1 0.35935095328607003 0.22626360094970738 0.06286371285298147 0.014318564264907251
