1 0.5857567345801019 0.2681257960185272 0.012754530054229463 0.04440509724103805
2 0.23875446955298724 0.22807184757972232 0.012754530054229284 0.04440509724103805
2 0.5072322796614458 0.3296154946844747 0.01280907220870695 0.05378009724103805
1 0.638337354797019 0.445828072137809 0.012854524004105094 0.06159259724103805
1 0.6112112525340828 0.34756099050060324 0.01438975292686635 0.056986984396167804
1 0.5596578428931623 0.34642121438132145 0.01126475292686635 0.05682321008590829
1 0.3382373608471433 0.4129182383528967 0.014417024004105095 0.06167448439616767
1 0.6163350897699045 0.4228066519659925 0.01435339149054773 0.050736984396167806
1 0.8021907765381879 0.41848872342643295 0.01600679508134384 0.06644387155129756
1 0.29302433391617194 0.2933969544316987 0.012781801131468118 0.04909259724103805
1 0.5240839572563472 0.40703780981333715 0.009720433645025395 0.05986632293077854
1 0.7055061531980128 0.3118901633859532 0.01278180113146803 0.04909259724103805
1 0.6584862283335859 0.41876760515449585 0.012845433645025394 0.06003009724103801
1 0.7628282946885605 0.36487904454818915 0.012845433645025394 0.06003009724103805
1 0.1288714512062229 0.4035078595655099 0.012872704722264317 0.06471759724103805
1 0.4367930355151783 0.438389629126071 0.019122704722264315 0.06504514586155707
1 0.2159361557320955 0.6017616530976463 0.019240879390299347 0.08535764586155707
1 0.829225975210328 0.5011308050636387 0.016061337235821684 0.07581887155129756
1 0.41624418617910824 0.3967000961093842 0.020667024004105094 0.06200203301668683
1 0.6067378968533009 0.518368135457649 0.01760565651766246 0.07277575870642732
1 0.8865031857863247 0.6806412426483097 0.022347698672140127 0.08239642017181659
1 0.576769637483527 0.737042892355054 0.01925906010845857 0.08848264586155707
