2 0.31492339439121897 0.2184003381817897 0.012739017412854547 0.03520379419114121
1 0.582513686114333 0.2760281971095037 0.01314845318850324 0.04301629419114121
1 0.37099633197589005 0.2786759099673325 0.013230340343632995 0.04457879419114121
1 0.3897739874483855 0.3400161516689627 0.012159163274411532 0.053835395020978186
1 0.6529799943457905 0.3288348110115953 0.018409163274411534 0.05430899170163021
1 0.7231342005865115 0.6726449332120567 0.0277775192218769 0.08458848755244545
1 0.394236837402957 0.4251724016689627 0.01512038896415202 0.0509471933613042
1 0.5947480924913396 0.3609951929603189 0.015366050429541289 0.05563469336130424
1 0.4701641723195231 0.32976665851744 0.015284163274411533 0.05407219336130424
1 0.33162172998515366 0.5667194390116267 0.02268058344622812 0.07642079004195637
1 0.29043240671569087 0.33015405436361067 0.015611711894930557 0.06032219336130425
1 0.423849094300362 0.3962903850722232 0.01717421189493056 0.060440592531467274
1 0.2703655681810801 0.33330236515149136 0.01512038896415202 0.050947193361304245
2 0.39677533921197927 0.47360990166896266 0.017665534825709095 0.06981559253146727
1 0.6727912053362098 0.36535265146847007 0.015611711894930557 0.06032219336130425
1 0.24736848145549167 0.38447377884380146 0.015857373360319827 0.06500969336130424
1 0.642800490161919 0.43155706930996496 0.015939260515449583 0.0665721933613042
1 0.2928602023955338 0.688285863076899 0.03114818068726617 0.08951278589277134
1 0.6190331987774892 0.61651148715146 0.027204309135968607 0.07365098755244545
1 0.8471294640426372 0.3956824593565657 0.017010437584671224 0.05731559253146727
1 0.4763831105815627 0.8344774693053207 0.04274077792830404 0.10284158008391264
1 0.2727956066248338 0.4984537684708393 0.01774742198083885 0.07137809253146728
