1 0.53984375 0.19921875 0.0078125 0.0390625
2 0.78125 0.1953125 0.009375 0.0421875
1 0.6984375 0.23984375 0.01015625 0.04453125
1 0.6046875 0.28828125 0.0125 0.04921875
1 0.64140625 0.3453125 0.0125 0.06015625
1 0.30625 0.290625 0.009375 0.0546875
1 0.36484375 0.2265625 0.0171875 0.0453125
1 0.559375 0.27421875 0.0125 0.05390625
1 0.75390625 0.290625 0.015625 0.05859375
1 0.8078125 0.35546875 0.01484375 0.0609375
1 0.3796875 0.3 0.0140625 0.0546875
2 0.5359375 0.4171875 0.0125 0.06640625
1 0.75859375 0.76328125 0.03125 0.10078125
1 0.6234375 0.4375 0.015625 0.06875
1 0.8171875 0.33515625 0.0125 0.05546875
1 0.39375 0.3625 0.0140625 0.06015625
1 0.8375 0.446875 0.021875 0.07265625
1 0.425 0.3171875 0.0125 0.053125
1 0.57890625 0.4421875 0.01875 0.0671875
1 0.821875 0.465625 0.0171875 0.075
1 0.1625 0.55625 0.02578125 0.0796875
1 0.8453125 0.565625 0.025 0.0765625
