2 0.7709677030575908 0.6233532858417619 0.030124147642635178 0.01093085594746519
1 0.6225966313031878 0.8010611267512218 0.06010274607105863 0.01873671189493047
1 0.5605910909803161 0.8586003098133371 0.041352746071058634 0.01775406603337366
1 0.6471085179875681 0.5576320313192061 0.04120719685684691 0.014629066033373661
0 0.6597563370513747 0.8793842005865116 0.041352746071058634 0.017754066033373306
1 0.6600730525194713 0.7188561363621602 0.039863020678164496 0.019234678878243726
1 0.6926928457378271 0.5491102023955338 0.04127997146395259 0.016191566033373482
1 0.6187930810555187 0.7026645703287867 0.047457196856846906 0.014956614653892687
2 0.568647531841307 0.6969191813646346 0.05356164764263518 0.012159163274411532
1 0.6500258486333113 0.43620741067241975 0.053707196856846905 0.01528416327441171
1 0.5959078527671404 0.8136906015364511 0.04901969685684691 0.015038501809022265
1 0.5346747146395272 0.16830285843385612 0.053707196856846905 0.015284163274411533
1 0.539368792594674 0.5535443176152532 0.056759422249741044 0.013885437584671045
1 0.5798074321745385 0.20028319877748918 0.053707196856846905 0.015284163274411556
2 0.1857234842842343 0.07208079715018097 0.0851755206781644 0.02160940637700661
1 0.6001115475570726 0.6362206987774892 0.04440497146395259 0.016355340343633173
1 0.5964342758454511 0.523802585932619 0.05080052067816432 0.01980788896415202
1 0.5245955473521848 0.23635681761525323 0.05363442224974104 0.013721663274411534
1 0.44315726447291137 0.41211705619529254 0.06002997146395259 0.01717421189493056
1 0.549826795490158 0.44342568916655073 0.05392552067816432 0.01997166327441171
1 0.5397689371369372 0.2776778584338561 0.05385274607105863 0.018409163274411534
1 0.4182898893704675 0.21286068464399496 0.06947774607105864 0.019228034825709096
1 0.569966090980316 0.8590916327441157 0.04171661910658777 0.025566566033373306
