1 0.4594799198043552 0.26708119515944456 0.015103368290882279 0.04128009724103805
1 0.466140929983388 0.2854593809350933 0.01197836829088228 0.041116322930778534
1 0.5757371730435578 0.33666775610443544 0.011978368290882457 0.041116322930778534
2 0.17761865052602377 0.2374158700809595 0.011778109191583707 0.03799132293077854
2 0.5363347116002206 0.36438996438132143 0.014341904688076923 0.05369821008590829
1 0.6278398935861935 0.30647564506858754 0.015704145588778216 0.05065509724103805
1 0.3674345172757466 0.3578899016273082 0.013079793337024892 0.058303822930778536
1 0.766014114747138 0.474411174805914 0.023155700184570093 0.06973264586155707
1 0.4092005151162783 0.317749580505552 0.014341904688076923 0.05369821008590829
1 0.5765091286267987 0.37355028041469496 0.014341904688076923 0.05369821008590829
1 0.38754675817644796 0.36207943464399495 0.012879534237726276 0.05517882293077854
1 0.6122649583610181 0.30487552351728997 0.014041516039128865 0.04901071008590829
1 0.7222431307862671 0.4235170601520214 0.014542163787375629 0.05682321008590829
1 0.05319274213731904 0.39315685775648757 0.01338018198597284 0.06299132293077854
1 0.19578885718899888 0.29637479025277597 0.018729016039128955 0.04925637155129756
1 0.7526351303248416 0.5975620697629598 0.0233559592838688 0.07285764586155707
1 0.7364570226744174 0.48305251243601355 0.02079216378737563 0.057150758706427315
1 0.6871462399778507 0.38405176842890737 0.022655052436323507 0.06192014586155707
1 0.5087523272702092 0.45230604420950493 0.02578005243632351 0.06208392017181659
1 0.6438039435585068 0.7423622354122206 0.027281995681063265 0.08552142017181659
1 0.21034390808416292 0.38728307326946276 0.019429922886674156 0.060193871551297476
1 0.17660355645071837 0.5712929030976464 0.023856607032115385 0.08067014586155707
