1 0.34375 0.24047149907714935 0.009375 0.03810077729789594
2 0.68359375 0.206193322028422 0.0125 0.041426036397194554
1 0.2484375 0.38876690160575794 0.0125 0.041426036397194554
0 0.98203125 0.3190998280454017 0.0109375 0.04757590684754529
1 0.4390625 0.30155109654854073 0.009375 0.04591327729789594
1 0.31875 0.2842610718715385 0.009375 0.041225777297895935
1 0.6546875 0.29554571869693447 0.0171875 0.04485142504614252
1 0.40625 0.3224038170911765 0.009375 0.05372577729789594
1 0.2828125 0.35531405151347284 0.0125 0.050801036397194646
1 0.578125 0.24420206662975116 0.0140625 0.03683866594684382
1 0.2921875 0.3594007742155769 0.0140625 0.05090116594684382
1 0.2484375 0.4247044016057579 0.0125 0.05080103639719451
2 0.5390625 0.3388928053709842 0.0140625 0.049338665946843815
1 0.5234375 0.33833160086747743 0.0109375 0.04445090684754529
1 0.3984375 0.3588419648394231 0.0109375 0.04601340684754529
1 0.259375 0.4583784947582127 0.015625 0.06350129549649317
1 0.490625 0.6357468214101132 0.0140625 0.08215116594684382
2 0.0703125 0.7775254202657805 0.025 0.09535207279438929
1 0.403125 0.4413540761904752 0.0125 0.057051036397194464
1 0.1671875 0.7338173881875226 0.01875 0.08088905459579188
1 0.1953125 0.5968588062938348 0.021875 0.06702681369509059
1 0.753125 0.38455005706902723 0.01875 0.057451554595791876
1 0.4359375 0.5001888556478394 0.01875 0.06526405459579188
1 0.6421875 0.379159255094129 0.021875 0.05452681369509049
