2 0.6234327097452941 0.23314059334831777 0.012940090992986342 0.03144091477265239
1 0.5242010726375057 0.3811298543053664 0.021553627390180984 0.0440772824674041
1 0.8386535988556674 0.4061438965152984 0.022254534237726276 0.05501478246740401
1 0.16981276372277712 0.45301413149446945 0.0178674228866742 0.05962046185055314
1 0.8645139944444458 0.4557484302005184 0.028404404688076923 0.05356137662320535
1 0.7120713124584729 0.3958394164008008 0.02195414558877822 0.0503272824674041
1 0.20383371760797506 0.6299624151796894 0.020431218383167415 0.07527273538950344
1 0.46730142812846154 0.3109497678602028 0.017927979641934398 0.03621023538950343
1 0.6934226395717986 0.336723515020829 0.021253238741233103 0.0393897824674041
1 0.29195907155777145 0.4063009983784422 0.017567034237726275 0.054932961850553144
1 0.4845866625507579 0.4342236266265008 0.022154404688076924 0.05345228246740419
1 0.38835440777039587 0.34830549188562043 0.021753886489479603 0.0472022824674041
1 0.8286766239940949 0.4579382215963763 0.028704793337024626 0.058248876623205346
1 0.5475873102990045 0.44094518506848707 0.01882914558877822 0.050272735389503255
2 0.6639527899409389 0.4748917167251124 0.02860466378737563 0.056686376623205345
1 0.34682584669619904 0.45696347159308104 0.016104663787375538 0.05646818831160268
1 0.478355251384276 0.5078520413991531 0.022454793337024805 0.05813978246740401
1 0.3809877004891119 0.5994958449698755 0.02588018198597286 0.06288182954530477
1 0.3220656785898869 0.48555212175523677 0.022554922886674156 0.059702282467404014
1 0.8415957310262104 0.5374893539016246 0.02139294108527139 0.06592500892845372
1 0.861447156072353 0.5543495714342205 0.02608044108527139 0.06600682954530476
1 0.37018180598006784 0.528511189125677 0.02547966378737563 0.05663182954530477
