2 0.688492037208643 0.24393348642947207 0.012137901451278844 0.035139824505632154
1 0.42155750835270245 0.26285917700697714 0.012410719962933215 0.042952324505632154
1 0.6334027439247322 0.29646862454497314 0.012465283665263982 0.044514824505632156
1 0.6156770413849942 0.35553226810835575 0.011230165879249122 0.05378056386197043
1 0.3519245654316114 0.3057625890076917 0.01748016587924912 0.05421760643661742
1 0.28771321017465024 0.6419461074450236 0.026329376223535393 0.08445140965492595
1 0.6127033196079626 0.4406885181083558 0.014246038474587408 0.05087408514929379
1 0.4107985684268362 0.34668787378866844 0.014409729581580067 0.05556158514929388
1 0.5349999602594682 0.3334444646379455 0.014355165879248944 0.05399908514929388
1 0.6778868315888621 0.5924802470731338 0.021369057711881113 0.07631112772394086
1 0.7149776369384906 0.3601265689808759 0.01457342068857237 0.06024908514929388
1 0.5825445936545798 0.40725330523512104 0.016135920688572548 0.060358345792955605
1 0.7351264458314979 0.3662344573484785 0.014246038474587408 0.05087408514929388
2 0.611011844835706 0.48912601810835576 0.016463302902557687 0.0697333457929556
1 0.33272813212916713 0.3396623416055817 0.014573420688572546 0.06024908514929388
1 0.7590525299522488 0.42116225796889706 0.014737111795565028 0.06493658514929383
1 0.3639210792266095 0.41076144544430904 0.014791675497895973 0.06649908514929379
1 0.7188342354023937 0.7206488057393241 0.029618067330527964 0.08935743094224939
1 0.3909671849469068 0.6006105492830363 0.0259474303072194 0.07351390965492613
1 0.1586904314035277 0.3447219101591291 0.016026793283910833 0.0572333457929556
1 0.537633820704271 0.8411148530055481 0.04099207694917482 0.10262225544788173
1 0.7355926933844273 0.5322964999231254 0.016517866604888454 0.0712958457929556
