2 0.31873337255942513 0.8188785483856421 0.011537517856907441 0.03488442224974122
1 0.583703807624617 0.793750231593638 0.01167388555165907 0.042696922249740865
1 0.37087652515721287 0.7651028850272413 0.011701159090609536 0.04425942224974104
1 0.3854514939076248 0.7056743810982999 0.011864800324311631 0.05363442224974104
1 0.6508407146866315 0.7492596770027428 0.016552300324311632 0.05385274607105863
1 0.6972524699649326 0.41185387634078896 0.024882997564368025 0.08390411910658777
1 0.38396508603483126 0.6205181310982999 0.013372753246410874 0.05058219685684691
1 0.5900435365212986 0.7097391046291672 0.013454573863261921 0.055269696856846906
1 0.46698786606660325 0.7258649106678046 0.013427300324311631 0.053707196856846905
1 0.3110888733734993 0.4703682737785364 0.02005912986961631 0.07587329528527036
1 0.28627365421605033 0.703396943547078 0.013536394480112967 0.0599571968568469
1 0.415760556813838 0.653223623240417 0.015098894480112968 0.060029971463952767
1 0.26587933359919924 0.6977633736547018 0.014935253246410873 0.05065497146395259
2 0.3831196063273707 0.5720806310982999 0.015262535713814973 0.0694049714639526
1 0.668195810060249 0.7149403349844601 0.01353639448011279 0.0599571968568469
1 0.23917078327488767 0.6434375926374551 0.013618215096963926 0.0646446968568469
1 0.6334020243464339 0.6446256809316842 0.013645488635914305 0.06620719685684691
1 0.2635944902574721 0.3432578101724665 0.028089818181219074 0.08873716832079959
1 0.5965354496723931 0.4555610268789083 0.02469208279171564 0.07296661910658778
1 0.8413333011317953 0.7058308163732103 0.015044347402212565 0.05690497146395277
1 0.4378387394466932 0.2186688407754284 0.03924550649282175 0.10174659057054056
1 0.25673833847046323 0.5318472752262784 0.015289809252765263 0.07096747146395259
