2 0.6421875 0.24921875 0.00625 0.028125
1 0.4953125 0.2921875 0.009375 0.04140625
1 0.33125 0.33125 0.0109375 0.0375
2 0.44375 0.35703125 0.01015625 0.046875
1 0.3109375 0.334375 0.0109375 0.0453125
1 0.390625 0.4046875 0.009375 0.04921875
1 0.628125 0.684375 0.021875 0.06484375
1 0.275 0.38125 0.01015625 0.05078125
1 0.409375 0.396875 0.0140625 0.05
1 0.5453125 0.428125 0.0140625 0.05390625
1 0.2390625 0.428125 0.0125 0.05703125
1 0.2859375 0.38671875 0.0109375 0.05078125
2 0.0484375 0.73515625 0.021875 0.07734375
1 0.3578125 0.7015625 0.02109375 0.07890625
1 0.690625 0.37734375 0.01015625 0.05078125
1 0.5609375 0.528125 0.01171875 0.06484375
1 0.5953125 0.44765625 0.01328125 0.053125
1 0.371875 0.5546875 0.0171875 0.065625
1 0.9390625 0.48203125 0.0140625 0.05703125
1 0.3546875 0.428125 0.0125 0.05390625
1 0.14453125 0.63515625 0.015625 0.0671875
1 0.171875 0.5171875 0.015625 0.0609375
1 0.5125 0.6046875 0.0171875 0.06953125
1 0.2234375 0.66796875 0.02265625 0.071875
