1 0.26990708000734703 0.8517928208993361 0.04695681323171659 0.017340319309852248
1 0.22427589655871333 0.6658442492436953 0.05322499394987581 0.020902361884498965
2 0.21463377272755885 0.8892653237493274 0.04695681323171659 0.017340319309852248
1 0.218479372751 0.4755470311746805 0.04538522287263691 0.015668558666190435
1 0.23744754136891083 0.5117359034507397 0.046929542154477664 0.01265281930985207
1 0.2711862162333375 0.3999571692901816 0.05634090359079611 0.019558383171822503
2 0.31715322208707003 0.5092886106239913 0.05476022287263689 0.016324122528160602
1 0.5397907704880638 0.35616433858036317 0.06885908430895533 0.02355746832111638
1 0.34288902029167195 0.4996733100035726 0.0610284035907962 0.019886165102807673
1 0.36425443930236623 0.2762140306704775 0.06726931323171659 0.01876070767745457
1 0.37294065553570377 0.6945269880958305 0.06259090359079611 0.019995425746469307
1 0.31243949277152544 0.7737881531986381 0.06102840359079611 0.019886165102807673
1 0.32111453512239485 0.6528200893366678 0.06259999394987581 0.02155792574646931
1 0.4006849022160541 0.8957945571535809 0.0656977228726369 0.01708894703379258
1 0.4322237101832133 0.4058908229930228 0.06887726502711473 0.02668246832111638
1 0.6029372277444107 0.7315906734775555 0.08760908430895534 0.024868596045057246
1 0.3683617189638121 0.5791751397049849 0.0610284035907962 0.019886165102807673
1 0.39717602361132165 0.292669557153581 0.0719659035907962 0.020650989608439828
1 0.573111288834828 0.17251060441980498 0.07511817466803503 0.025557010895763278
1 0.47673782122674835 0.6685111552923251 0.07822499394987581 0.022650532183086724
1 0.4140089996072166 0.23053019007330197 0.07199317466803504 0.02533848960843983
1 0.5979294816532356 0.13951243412121722 0.07052157825883114 0.040854228964778104
