2 0.7373003660666033 0.7046875 0.028288641233702096 0.009375
1 0.38174802110002304 0.565625 0.0567409237011061 0.028125
1 0.3599311168773823 0.8375 0.07228410308425506 0.0234375
1 0.624005884737585 0.390625 0.04860114123370209 0.009375
1 0.6198286736978108 0.509375 0.04862841477265238 0.0109375
1 0.3934821822192275 0.70078125 0.06896818831160267 0.0125
1 0.3343741891190863 0.6265625 0.06121023538950343 0.015625
1 0.6287109756469755 0.346875 0.047120461850553144 0.0140625
1 0.5209310722351136 0.7515625 0.05644091477265238 0.0109375
2 0.5359736452875966 0.6734375 0.05803068831160267 0.0125
1 0.3440219245085897 0.6421875 0.07538182954530477 0.021875
1 0.6353560365212986 0.6828125 0.04714773538950343 0.015625
2 0.25990683400953163 0.03046875 0.07850682954530477 0.021875
1 0.46796439041962784 0.3578125 0.05655000892845372 0.0171875
1 0.4060288210172976 0.79296875 0.07063978246740414 0.01875
1 0.38064126298234824 0.68125 0.06603410308425506 0.0234375
1 0.353061733761355 0.7125 0.06277273538950343 0.015625
1 0.526850241068251 0.4640625 0.053343188311602674 0.0125
1 0.5877217370110612 0.28125 0.05339773538950325 0.015625
1 0.40201824188232516 0.115625 0.07214773538950343 0.015625
1 0.48739009496328495 0.6203125 0.06274546185055314 0.0140625
1 0.3829911469124497 0.4578125 0.06280000892845372 0.0171875
1 0.7182076724799948 0.55078125 0.04078864123370209 0.009375
