1 0.4978765829960022 0.7913582422926575 0.009859678878243728 0.03919886769475163
2 0.7390781151081778 0.79105073052483 0.01158595318850324 0.042351141233702094
1 0.6585993990293757 0.747964978089198 0.011667840343633173 0.043913641233702096
1 0.567387900838398 0.7011638904262185 0.01512038896415202 0.05021818831160267
1 0.6070955320006339 0.6434917122608855 0.015611711894930557 0.05959318831160267
1 0.26907323157109264 0.7040293863657334 0.01224105042954129 0.05485114123370209
1 0.3243096082107728 0.7670691286550956 0.01956222749876275 0.04561250892845372
1 0.5213384164422303 0.7160173230557783 0.01528416327441171 0.053343188311602674
1 0.7167294815710926 0.6962155174564609 0.018736711894930556 0.059647735389503256
1 0.7740340485089774 0.6304308303626742 0.018818599050060315 0.06121023538950343
1 0.34300205450187116 0.6933725300350673 0.01692855042954129 0.054932961850553144
2 0.5053935911366025 0.5734576761400334 0.015939260515449583 0.06584318831160267
1 0.7461878459978426 0.22347744683960996 0.03649077792830404 0.10054547077900677
1 0.5939581241532894 0.5516178579588144 0.019228034825708916 0.06902273538950343
1 0.7823445154922906 0.6505796891289721 0.015447937584671046 0.05646818831160268
1 0.36034004070706127 0.6306270681845143 0.01717421189493056 0.05962046185055314
1 0.8085119470840677 0.5385063831226178 0.02564180913596852 0.07225682954530477
1 0.3892153132082984 0.6753940974055075 0.015284163274411533 0.053343188311602674
1 0.5496725356186786 0.5477076538188991 0.02227114767057934 0.0675147824674042
1 0.7938695929456249 0.5200291185121212 0.02111808344622812 0.07530000892845372
1 0.13924404794315046 0.4409135519491646 0.030738744911617343 0.08015115016215582
1 0.822547870873929 0.41962001542786603 0.029012470601357875 0.0769988766232054
