1 0.6376941941069267 0.7284640321347284 0.015559298022528622 0.0444780420933748
2 0.292348843118191 0.7705422002258789 0.015559298022528622 0.0444780420933748
2 0.5541989970731338 0.6674347978491568 0.016214861884498964 0.053853042093374624
1 0.6770195020168124 0.5504608584995574 0.016761165102807674 0.061665542093374805
1 0.6572311619238399 0.6488829479479788 0.017995883171822415 0.05706904735504672
1 0.6055594012801782 0.6503236215831499 0.014870883171822414 0.05688703683170289
1 0.3782213690970915 0.5851213687405524 0.018323665102807675 0.06175654735504672
1 0.6566741510280767 0.5736099321629633 0.017558840597175517 0.05081904735504672
1 0.8435949968210323 0.5768428060240133 0.02021394703379258 0.06653505261671847
1 0.3418846673717216 0.7049025186982002 0.015887079953513794 0.0491655420933748
1 0.5652514755337088 0.5899167426016024 0.013526904459145861 0.05992103157003115
1 0.754603188659045 0.684002129616832 0.015887079953513704 0.0491655420933748
1 0.6992986936027237 0.5774027900978234 0.01665190445914604 0.0601030420933748
1 0.8081380980618695 0.6306804375658095 0.01665190445914604 0.0601030420933748
1 0.1687371084534297 0.5957535738045803 0.016979686390131123 0.0647905420933748
1 0.4752384807294889 0.5590755372552259 0.02322968639013112 0.0651545631400623
1 0.24112628863937458 0.3969982844126285 0.02465007475773371 0.08546706314006211
1 0.864475943350622 0.4940457165755919 0.020869510895763454 0.07591005261671846
1 0.457766757464694 0.60088360565696 0.024573665102807674 0.062120568401734036
1 0.63979837144288 0.47810771636383037 0.02221348960843983 0.07287605787839038
1 0.9083794906168461 0.31420702715540527 0.027556553470409993 0.08252407366340594
1 0.5931426206865753 0.2596153215972673 0.024868596045057246 0.08859206314006221
