1 0.7824055173648057 0.48079699593621966 0.03132272287263689 0.013045470779006862
2 0.7943525681034903 0.7887867739393968 0.048492042154477666 0.010220479707460584
1 0.7675157946885605 0.33836403408566657 0.053234084308955334 0.01967730032431154
1 0.7707271530998169 0.3532623311635673 0.04696590359079611 0.016443206168510117
1 0.7350310684962739 0.5284026529982343 0.05476022287263689 0.013454573863261743
2 0.6979487041330892 0.46526172483290135 0.05948408430895533 0.01978639448011279
1 0.734087233794535 0.7689867426898088 0.05945681323171659 0.01509889448011279
1 0.6946691680287357 0.4386446777550006 0.056340903590796285 0.01660684740221221
1 0.38421397794080253 0.6503911067344077 0.09073408430895542 0.020331865259119654
1 0.7012742129136879 0.6340526351413268 0.06258181323171659 0.015153441558013547
1 0.6234315349260031 0.8154878214243346 0.06884999394987582 0.018387535713814886
1 0.6358401104543598 0.6657196465054126 0.06883181323171658 0.015262535713814885
1 0.6134015081914235 0.5684628169601078 0.06727840359079629 0.016797762174864773
1 0.6403624213483854 0.23459237743068906 0.06884999394987582 0.018387535713814972
1 0.5161543243500063 0.6370707207757116 0.07508181323171641 0.0153716298696164
1 0.6730840177575892 0.2195401217486462 0.06883181323171658 0.015262535713814885
1 0.5975305476154268 0.39164121834007953 0.06886817466803503 0.021512535713815062
1 0.5744828912941561 0.18969688879477478 0.07198408430895534 0.02000458279171564
1 0.3179329094445286 0.133661528406919 0.09074317466803503 0.021894365259119742
1 0.3533538216195318 0.44831040949435136 0.08451135538619425 0.024910271103318494
1 0.4178238251355733 0.11665703489974077 0.08135908430895537 0.02016822402541769
1 0.7920486829576545 0.5270543871699218 0.04695681323171641 0.014880706168510116
