2 0.6953125 0.1953125 0.0109375 0.034375
1 0.4296875 0.2328125 0.0109375 0.0421875
1 0.6421875 0.2515625 0.0109375 0.04453125
1 0.6265625 0.31171875 0.01015625 0.053125
1 0.36171875 0.28046875 0.015625 0.05234375
1 0.309375 0.6203125 0.0234375 0.0828125
1 0.6265625 0.396875 0.01328125 0.04921875
1 0.421875 0.3171875 0.0125 0.0546875
1 0.5453125 0.2953125 0.0125 0.053125
1 0.696875 0.54375 0.01875 0.07578125
1 0.72578125 0.309375 0.0125 0.05859375
1 0.5953125 0.365625 0.0140625 0.059375
1 0.74609375 0.3140625 0.01328125 0.05078125
2 0.6265625 0.4453125 0.0140625 0.06953125
1 0.34375 0.315625 0.0125 0.05859375
1 0.771875 0.3671875 0.01328125 0.0640625
1 0.37734375 0.384375 0.01328125 0.065625
1 0.7421875 0.66875 0.0265625 0.0875
1 0.4109375 0.571875 0.0234375 0.07265625
1 0.1703125 0.3328125 0.0140625 0.05546875
1 0.565625 0.8015625 0.03671875 0.09921875
1 0.75234375 0.4796875 0.0140625 0.0703125
