2 0.6640765422099321 0.3202907014242231 0.0066863766232053475 0.02507272533418181
1 0.5515941331193225 0.3627407360757238 0.011537517856907441 0.03450226933481808
2 0.49937706818451433 0.39964075206872407 0.009975017856907442 0.03448408800127263
1 0.3627577297107558 0.43712147605027046 0.01000229139585782 0.03604658800127254
0 0.0816986444834082 0.42291133601209036 0.013181838473758489 0.03920795066836362
1 0.35805086445163614 0.5277101133831795 0.010111385551659247 0.04229658800127254
1 0.3408009090939048 0.4415544373806342 0.01005683847375849 0.03917158800127272
1 0.3588747991097908 0.3909731820496341 0.009865923701106106 0.028234088001272716
1 0.47951853571711023 0.418163485399406 0.009975017856907442 0.03448408800127254
1 0.32731115341186195 0.40857830537872514 0.009975017856907442 0.03448408800127258
1 0.3818077386392096 0.4201521520528157 0.009975017856907442 0.03448408800127254
1 0.45573616234031566 0.3928816747294517 0.008385244317957152 0.032903406667727265
1 0.4935440795486 0.4652112080680878 0.013181838473758489 0.03920795066836362
1 0.302371834419864 0.6286453573758617 0.013427300324311631 0.053270450668363625
1 0.14328716071875788 0.654924952020999 0.013372753246410874 0.05014545066836362
1 0.3699156647759477 0.47471238271799765 0.0084670649348082 0.03759090666772717
1 0.5529621696472116 0.6425009614099055 0.011864800324311631 0.05325226933481808
1 0.5756786952147568 0.5497776594127691 0.013209112012708957 0.04077045066836362
1 0.27899065584749394 0.4908453653723619 0.013263659090609536 0.043895450668363624
0 0.8384202029253945 0.4942292827816311 0.0100841120127086 0.04073408800127272
1 0.7377304561718054 0.44304749610117716 0.009975017856907442 0.034484088001272714
2 0.1553780576345028 0.6785079026893627 0.01660684740221221 0.05643181333545435
1 0.20997582873782114 0.5947510680299077 0.013181838473758489 0.03920795066836362
1 0.5536906469190402 0.5112327800763602 0.011728432629560004 0.04543976933481808
1 0.3615594683466701 0.3714692040499522 0.009975017856907442 0.034484088001272714
