2 0.7174958308506308 0.275 0.010684942927905538 0.028125
1 0.5948803920565547 0.628125 0.03074488585581072 0.05625
1 0.8679925603773542 0.6546875 0.025222631926869354 0.071875
1 0.40845477874093505 0.3828125 0.011631012820281584 0.0484375
1 0.5274958771693585 0.3890625 0.013193512820281583 0.0484375
1 0.7295999944139195 0.61875 0.015702082712657627 0.06875
1 0.6580739048768363 0.6765625 0.01846320967712849 0.0609375
1 0.3644500676160646 0.37734375 0.01624573821317572 0.046875
1 0.7744865012383451 0.4921875 0.0135573858558109 0.05625
2 0.6955973678637336 0.47578125 0.015192660462916762 0.0578125
1 0.6732622572342011 0.6671875 0.02536818114108108 0.075
1 0.7003511803125116 0.3765625 0.01780823821317572 0.046875
2 0.06496391376817641 0.740625 0.025513730355292873 0.078125
1 0.38288335214796787 0.53828125 0.019807385855810898 0.05625
1 0.8212780721641785 0.6078125 0.02202485731976367 0.0703125
1 0.7106509412707664 0.63125 0.026494033498445903 0.065625
1 0.7432108841986718 0.659375 0.018535984284234176 0.0625
1 0.4864770789886041 0.48125 0.014974336641599173 0.053125
1 0.30068082009726393 0.4171875 0.018099336641599174 0.053125
1 0.14357044912864925 0.6 0.018972631926869443 0.071875
1 0.6446919933804622 0.5234375 0.016973484284234352 0.0625
1 0.486922342842343 0.625 0.020098484284234174 0.0625
1 0.5643537142252424 0.29140625 0.011267139784752267 0.040625
