1 0.48852735580472295 0.8227781971851623 0.010315738741233104 0.03938083498097171
2 0.7296832819305996 0.8365209980971958 0.01207849784053181 0.04256950197716662
1 0.6497244740956052 0.7886153972988931 0.012178627390180986 0.04413200197716627
1 0.5590784901347343 0.7363578775272295 0.015704145588778216 0.05050933596955502
1 0.5994519686969344 0.6808228019377978 0.016304922886674334 0.059884335969555204
1 0.26079118445920824 0.7218537312541008 0.012879534237726276 0.05506950197716627
1 0.315279622923586 0.7883037436113904 0.020091256939830337 0.046012836958138334
1 0.5128648241878904 0.7485740346375922 0.015904404688076922 0.053634335969555205
1 0.7084474344592082 0.740094325663794 0.019429922886674156 0.06001166996194378
1 0.766509060769655 0.6774470870325005 0.019530052436323508 0.06157416996194396
1 0.33482946175710415 0.7154710800752371 0.017567034237726275 0.05526050296574958
2 0.4985891779808032 0.6046502796946763 0.01670544108527139 0.06613433596955502
1 0.7434241232281279 0.26762907665237706 0.03765829117755644 0.10127333992388783
1 0.5873908621262445 0.5879031314815621 0.020030700184570094 0.06938666996194395
1 0.7745823766242138 0.6981415890096667 0.016104663787375628 0.05675933596955503
1 0.352897143743077 0.6535440830409867 0.017867422886674155 0.05994800296574958
1 0.8020541394241404 0.5872505099601939 0.0264809592838688 0.07276633794672147
1 0.38124338680324665 0.7001299229648745 0.015904404688076922 0.053634335969555205
1 0.5431600007751923 0.581401122090022 0.023055570634920742 0.06795150395433272
1 0.7876306940199322 0.56786383999825 0.021993718383167504 0.07570033695813834
1 0.1340632078995928 0.45037136760421675 0.03166910703211538 0.08076983893530461
1 0.8174764851974888 0.4688188449411658 0.02990634793281686 0.0775811719391104
