1 0.4671875 0.2203125 0.01328125 0.03046875
2 0.775 0.21015625 0.009375 0.0484375
1 0.325 0.234375 0.01875 0.05234375
1 0.33984375 0.23125 0.015625 0.04765625
1 0.515625 0.26796875 0.0125 0.0546875
2 0.453125 0.3046875 0.01796875 0.05859375
1 0.75625 0.2703125 0.0140625 0.05859375
1 0.4265625 0.3078125 0.01484375 0.05546875
1 0.64375 0.61953125 0.01796875 0.090625
1 0.621875 0.30234375 0.0140625 0.0625
1 0.8046875 0.38125 0.0171875 0.06875
1 0.6546875 0.36796875 0.0140625 0.06796875
1 0.5578125 0.38984375 0.01640625 0.0671875
1 0.2234375 0.3609375 0.0171875 0.06875
1 0.628125 0.4875 0.0140625 0.075
1 0.2078125 0.328125 0.0140625 0.06875
1 0.38125 0.4046875 0.0203125 0.06953125
1 0.1796875 0.4265625 0.01875 0.071875
1 0.128125 0.6828125 0.02109375 0.08984375
1 0.4421875 0.64921875 0.0234375 0.08359375
1 0.109375 0.5828125 0.01796875 0.08125
1 0.51328125 0.2109375 0.0140625 0.04765625
