2 0.3047092985757769 0.6749859577900679 0.02507272533418181 0.0066863766232053475
1 0.3497592639242762 0.5640308668806775 0.03452045066836362 0.013100017856907443
2 0.38785924793127585 0.5131229318154856 0.034484088001272714 0.009975017856907442
1 0.42850352394972957 0.37786727028924416 0.03604658800127254 0.01000229139585782
0 0.42083866398790964 0.0964263555165918 0.03920795066836362 0.013181838473758489
1 0.5191648866168205 0.37632413554836386 0.04229658800127254 0.010111385551659247
1 0.4334455626193658 0.3560740909060952 0.03917158800127272 0.01005683847375849
1 0.3824643179503659 0.37237520089020915 0.028234088001272716 0.009865923701106106
1 0.406836514600594 0.4939189642828897 0.03448408800127258 0.009975017856907442
1 0.40079669462127476 0.34143884658813806 0.034484088001272714 0.009975017856907442
1 0.4110978479471843 0.39631726136079043 0.03448408800127258 0.009975017856907442
1 0.38211832527054834 0.4692638376596843 0.03288522533418181 0.006822744317957152
1 0.4535387919319122 0.5095809204513999 0.03920795066836362 0.013181838473758489
1 0.6213546426241383 0.324190665580136 0.053270450668363625 0.013427300324311631
1 0.6513250479790009 0.1660878392812421 0.05014545066836362 0.013372753246410874
1 0.4659126172820024 0.38633433522405236 0.03760908800127272 0.010029564934808199
1 0.6293740385900944 0.5751628303527884 0.053270450668363625 0.013427300324311631
1 0.5361598405872309 0.5946338047852432 0.04077045066836362 0.013209112012708957
1 0.4841546346276381 0.29600934415250607 0.043895450668363624 0.013263659090609536
0 0.4745207172183689 0.8553297970746054 0.040715906667727175 0.008521612012708601
1 0.4257025038988228 0.7528945438281945 0.034484088001272714 0.009975017856907442
2 0.6746170973106373 0.1789969423654972 0.05643181333545435 0.01660684740221221
1 0.5896239319700923 0.23064917126217885 0.03918976933481808 0.011619338473758489
1 0.49814221992363983 0.5713093530809598 0.04543976933481808 0.011728432629560004
1 0.3629057959500478 0.37437803165332995 0.034484088001272714 0.009975017856907442
