2 0.6111203643071621 0.7751142223614925 0.011887994804219915 0.03615570554708327
1 0.38432291752547076 0.7725932068782635 0.018465776735205174 0.04098867591180557
2 0.3618630455015131 0.6810785073151038 0.013308383171822414 0.056468205547083275
1 0.2565692581226463 0.7256480845374303 0.012434298022528623 0.04396820554708327
1 0.2767942768120797 0.7041179234432636 0.012871340597175518 0.05021820554708327
1 0.4239260029268662 0.6858738036678815 0.012762079953513705 0.048655705547083275
1 0.4980569076381137 0.5515520486338884 0.023557468321116205 0.06918641109416672
1 0.5567549284212341 0.6937018746219439 0.02068384059717552 0.05040004350298606
1 0.3664684180296739 0.6263728235195135 0.015089404459145861 0.05962957313826393
1 0.19517257223671822 0.6443993909581942 0.01977690445914595 0.059738675911805574
1 0.47139086481136516 0.6317305111148259 0.016651904459145862 0.05966594072944442
1 0.5101305727409213 0.49043271067798566 0.020869510895763277 0.07536367591180557
1 0.5212323276845998 0.599371299583819 0.017088947033792934 0.0659159407294446
1 0.22469082743249835 0.6795913553389928 0.01632412252816078 0.054978440729444425
1 0.12610477002681572 0.360534843655486 0.022541271539425 0.07696254350298606
1 0.13943529650991932 0.39298366774368043 0.020760250252101552 0.07380117591180557
1 0.47885271161272697 0.324245319435451 0.024213032183086725 0.07856141109416673
1 0.11548470825853227 0.5347172260643054 0.020650989608439828 0.07223867591180558
1 0.667255021868401 0.5858328636040271 0.01843292574646931 0.06282730832062491
1 0.5082999109923083 0.3492992176118398 0.021743596045057247 0.08786367591180558
1 0.3136490566493779 0.5340047919843747 0.020104686390131122 0.06442617591180558
1 0.17126517867333557 0.6293562724170831 0.016870425746469398 0.06279094072944442
