2 0.6190157129823881 0.7028865192705112 0.010757717535011225 0.030343063861970342
1 0.7976393649682494 0.5328532526747646 0.01839043507002245 0.060467606436617416
1 0.8555567187733564 0.463748337571957 0.017517139784752445 0.04171760643661741
1 0.5540006809316842 0.5859446737296571 0.014392139784752267 0.04149908514929379
0 0.8757665190210254 0.5610932311353396 0.01751713978475209 0.04171760643661741
1 0.7151928920565547 0.5801595774324984 0.019006865177646402 0.04026436708027923
1 0.545210031841307 0.6328032482352892 0.015954639784752266 0.0416083457929556
1 0.6992382522718024 0.540517923225454 0.01468323821317572 0.04774908514929379
2 0.6937844648444149 0.4907364445127774 0.011849336641599173 0.053780563861970346
1 0.4325259412707664 0.6030607539352724 0.014974336641599173 0.05399908514929379
1 0.8104283093438969 0.5045261568818089 0.014756012820281583 0.04931158514929379
1 0.16522281720177978 0.5182915420704438 0.014974336641599173 0.05399908514929379
1 0.55054173304138 0.4780229130859953 0.0135573858558109 0.05701482450563215
1 0.19694800620074382 0.559965589840871 0.014974336641599173 0.05399908514929379
2 0.0710146290313853 0.1784420742535306 0.021117328783716305 0.08557686708027905
1 0.6328855062007438 0.5294818702592468 0.016100188998963993 0.044733345792955605
1 0.5204582808078497 0.5389111366028917 0.019516287427387445 0.05120186708027905
1 0.23335423304137998 0.5002028237493275 0.013411836641599173 0.05388982450563216
1 0.4096384431327932 0.3977394694063971 0.016827935070022625 0.060358345792955605
1 0.4403319791124386 0.5014054187859784 0.01966183664159917 0.05432686708027923
1 0.27459781720177984 0.5106432970141224 0.018099336641599174 0.05421760643661742
1 0.21047319706173467 0.39599057115143743 0.018827082712657806 0.06984260643661741
1 0.8559933664159913 0.47312333757195696 0.02532963978475209 0.04226390965492595
