1 0.5838541666666667 0.23796296296296296 0.0125 0.04259259259259259
2 0.23776041666666667 0.2151574074074074 0.013020833333333334 0.04351851851851852
2 0.50546875 0.3037037037037037 0.013020833333333334 0.053703703703703705
1 0.6364583333333333 0.41203703703703703 0.0125 0.06111111111111111
1 0.6096354166666667 0.3162037037037037 0.0140625 0.05648148148148148
1 0.5580729166666667 0.3175925925925926 0.0109375 0.05555555555555555
1 0.33645833333333336 0.39537037037037037 0.013541666666666667 0.06111111111111111
1 0.6138020833333333 0.3912037037037037 0.0140625 0.049074074074074076
1 0.7994791666666666 0.3763888888888889 0.015625 0.06574074074074074
1 0.29140625 0.27870370370370373 0.011979166666666667 0.04814814814814815
1 0.5216145833333333 0.37962962962962965 0.009895833333333333 0.05925925925925926
1 0.70390625 0.275 0.011979166666666667 0.04814814814814815
1 0.6559895833333333 0.38472222222222224 0.013020833333333334 0.06018518518518518
1 0.7614583333333333 0.32546296296296295 0.0125 0.058333333333333334
1 0.1265625 0.39675925925925926 0.0125 0.06388888888888888
1 0.43463541666666666 0.4162037037037037 0.018229166666666668 0.06388888888888888
1 0.2125 0.5907407407407408 0.01875 0.08518518518518518
1 0.8270833333333333 0.4583333333333333 0.014583333333333334 0.07592592592592592
1 0.41432291666666665 0.375 0.0203125 0.06111111111111111
1 0.60390625 0.48657407407407405 0.0171875 0.0712962962962963
1 0.8828125 0.6347222222222222 0.021875 0.08055555555555556
1 0.57265625 0.7069444444444445 0.019270833333333334 0.08796296296296297
