1 0.4623074909548885 0.2754027356731675 0.014629066033373661 0.04149908514929388
1 0.4691782886708963 0.29391778889147613 0.011504066033373483 0.04128056386197043
1 0.5793035611721334 0.347097055235121 0.011504066033373662 0.04128056386197043
2 0.1802729189286211 0.2407828091703934 0.01134029172311406 0.03815556386197043
2 0.5402477052246683 0.3741622997872394 0.01372166327441171 0.05388982450563216
1 0.6310231914298583 0.3177808958322966 0.015120388964152198 0.05087408514929388
1 0.3713748744919736 0.364705900271772 0.012404824739800802 0.05846806386197043
1 0.7710672580290587 0.4883169069801614 0.02235303482570892 0.07006112772394087
1 0.4126483276804769 0.3252499163633154 0.013721663274411534 0.05388982450563216
1 0.5805042130265843 0.3840343265224445 0.01372166327441171 0.05388982450563216
1 0.3915236001817141 0.36925128863937456 0.01224105042954129 0.05534306386197043
1 0.6154391350074231 0.3159070393956792 0.013476001809022264 0.04920232450563215
1 0.726730759838081 0.4366015876703093 0.013885437584671045 0.05701482450563215
1 0.057735098372691786 0.3945255321830868 0.01265048620519007 0.06315556386197044
1 0.1991180941888203 0.3001249581816577 0.018163501809022264 0.04953010643661741
1 0.7591294227738083 0.6113719947273453 0.022516809135968607 0.07318612772394087
1 0.7416287415207153 0.4964518350724193 0.020135437584671047 0.05745186708027905
1 0.6911960515611951 0.3964793322224277 0.021943599050060315 0.062248627723940866
1 0.5137051373822723 0.4616951507759751 0.025068599050060314 0.06246714901126431
1 0.6520495058813521 0.7544339438548251 0.026296906377006657 0.08590464901126431
1 0.21472208276885957 0.39138909654926024 0.018736711894930556 0.060467606436617416
1 0.18314345488598396 0.575015697537996 0.022926244911617343 0.08099862772394087
