2 0.65670283923666 0.2417462219128222 0.007888094710093264 0.02819772533418181
1 0.5123304839326358 0.286424017266094 0.011741136803468066 0.04073408800127272
1 0.350543115474432 0.32739555728836567 0.01312162628012441 0.03762726933481808
2 0.4645447022920175 0.3518677512730937 0.012105157850155378 0.04698408800127272
1 0.33041262599777566 0.3307569146244565 0.01357665258848364 0.04543976933481808
1 0.41419536277300895 0.4001421666136388 0.012287168373499214 0.05010908800127258
1 0.6679853046122699 0.6770661039147312 0.02569722099021767 0.06587953866963617
1 0.29720528384793116 0.3780500852960017 0.012287168373499214 0.050109088001272714
1 0.4324903364646497 0.39211149061109346 0.018537168373499214 0.05018181333545444
1 0.5702479416980866 0.4217797145926398 0.01715667889684287 0.05328863200190899
1 0.2639979416980866 0.42534325596754685 0.015776189420186527 0.05639545066836358
1 0.30846130226378266 0.3833915659611836 0.015412168373499213 0.05014545066836353
2 0.09125547561660499 0.7345926286600912 0.026425263083592433 0.07837953866963616
1 0.39867386249066017 0.6973989746180932 0.026425263083592478 0.07837953866963616
1 0.7126027706937516 0.3693076005729134 0.013849668373499213 0.05012726933481808
1 0.5916972784450849 0.5215979012571854 0.014759720990217672 0.06575226933481808
1 0.6213855074689848 0.4407291619191856 0.01559417889684287 0.053270450668363625
1 0.4041818678935064 0.5503603426161842 0.021009720990217674 0.0658249946689999
1 0.9671376232257654 0.47110426853918763 0.017338689420186883 0.056413632001908985
1 0.37962294169808664 0.4239978372851841 0.01559417889684287 0.05327045066836358
1 0.18152488886960666 0.6334744766470463 0.0195382262518895 0.06736931333545434
1 0.20199774161338208 0.5151875533100011 0.019174205205202098 0.06111931333545435
1 0.5477190362670056 0.5987240225970941 0.02119173151356133 0.0689499946689999
1 0.2623422493647155 0.6653688193030014 0.026061242036905075 0.07212953866963616
