1 0.8248970171857121 0.4321923525554364 0.0394719357756486 0.009176592558271324
2 0.8161517017181653 0.19064969329960926 0.042678822930778536 0.010848219962933125
1 0.7759604709400421 0.2750172588160386 0.04424132293077854 0.010902783665263982
1 0.7324362002478273 0.3704587335882952 0.05065509724103805 0.014246038474587408
1 0.6734806021022781 0.3357315587233714 0.06003009724103805 0.014573420688572546
1 0.7457328968776098 0.6689780791417915 0.05517882293077854 0.011284729581580066
1 0.8067246285602441 0.6081472173462263 0.04621325870642741 0.01876984736759475
1 0.74887342774659 0.41528016026731746 0.05378009724103805 0.014355165879249121
1 0.722272226932936 0.22132182914179147 0.06019387155129756 0.017698420688572546
1 0.6546033700809595 0.16967997278852195 0.06175637155129756 0.017752984390903403
1 0.7325092005865115 0.5958679613557767 0.05542448439616763 0.015972229581580066
2 0.6071329850735363 0.4437102390305908 0.06628009724103805 0.014791675497895973
1 0.24937031546754668 0.23313984909687538 0.10163774310259503 0.03474207694917482
1 0.5822348043862702 0.3569195671608919 0.06956887155129757 0.018025802902557685
1 0.674424547150181 0.15959564465822082 0.05690509724103805 0.014464293283910834
1 0.6692722161903437 0.5839880094490109 0.06011198439616781 0.016135920688572548
1 0.5616412641334942 0.143184449374877 0.07302142017181659 0.0243849303072194
1 0.7129469730877487 0.551155662081416 0.05378009724103805 0.014355165879249121
1 0.5798810883074681 0.4016145082678845 0.06817014586155708 0.02109623920022674
1 0.5437101356847917 0.1594642138028473 0.07590075870642714 0.019806557711881112
1 0.487641515149547 0.822003908538037 0.0809976944820761 0.02778274881887377
1 0.4424818283578455 0.13951879075202206 0.0778726944820761 0.02767362141421197
