2 0.326832483290911 0.29710817059711114 0.006540901336727067 0.025291098428423454
1 0.43804215595163865 0.3356547861890424 0.012899989337999785 0.03495719685684691
2 0.4891683039465479 0.3707532241545491 0.009774989337999784 0.03481164764263518
1 0.6246512706079118 0.40348433333633943 0.009793170671545148 0.036374147642635135
0 0.9060285399427299 0.3794474040572851 0.012954533338636054 0.039644696856846906
1 0.6267217532622761 0.4939637841221277 0.009865896005727137 0.04262414764263518
1 0.6464717266072755 0.4071529888368574 0.009829533338636055 0.03949914764263518
1 0.6298751199475024 0.3571722595150219 0.009702264003817972 0.02856164764263518
1 0.5084813779440026 0.38859354156572584 0.009774989337999784 0.03481164764263509
1 0.6609160346117298 0.37368551737290473 0.009774989337999784 0.03481164764263518
1 0.6061012652769117 0.38717012862160977 0.009774989337999784 0.03481164764263518
1 0.5329910292807296 0.3624655351555851 0.006631808004454243 0.033103598428423454
1 0.4930921879376392 0.4361599003332315 0.012954533338636054 0.039644696856846906
1 0.679446216581822 0.5930155601769757 0.013118165340545218 0.053707196856846905
1 0.8377127025780041 0.6137539375557312 0.013081802673454134 0.05058219685684691
1 0.6164024186028211 0.4413482063718687 0.00981135200509069 0.03793664764263518
1 0.42853769724700397 0.6156333846174658 0.013118165340545218 0.053707196856846905
1 0.40852573659295793 0.5236470918133949 0.012972714672181595 0.04120719685684691
1 0.7068274239338213 0.454314779159729 0.013009077339272502 0.0443321968568469
0 0.1474887866009121 0.47724308850362596 0.00828521467218155 0.04098887303552914
1 0.24963308927436634 0.42251273904174524 0.009774989337999784 0.03481164764263518
2 0.8249399825748224 0.637773634412578 0.016279528007635945 0.056977746071058634
1 0.7727967745862765 0.5558729710541772 0.011392033338636054 0.03957192224974104
1 0.43162742926482134 0.4843106100103599 0.011464758672817866 0.04582192224974087
1 0.6277586366168204 0.3377501714256807 0.009774989337999784 0.03481164764263518
