1 0.288164941839261 0.2796875 0.026349668373499214 0.05
2 0.28187016823232486 0.1984375 0.01790013154179624 0.0390625
1 0.5850861734939967 0.2 0.011923147326811722 0.04375
1 0.5434747971432852 0.23671875 0.01155912628012441 0.0375
1 0.28098947867096397 0.290625 0.020372684158514787 0.0546875
1 0.6286765497741211 0.2375 0.01670165258848364 0.0453125
1 0.4659567418957307 0.2203125 0.011741136803468066 0.040625
1 0.5438689102692299 0.2703125 0.018537168373499214 0.05
1 0.3954607733245875 0.378125 0.030020699943530182 0.059375
1 0.4217054839326358 0.2921875 0.015412168373499213 0.05
2 0.47701388118886034 0.41015625 0.014577710466874016 0.0625
1 0.3913053523908395 0.253125 0.013758663111827297 0.0484375
1 0.5736929181617376 0.27265625 0.01403167889684287 0.053125
1 0.23460657331047002 0.39296875 0.01908319994353027 0.059375
1 0.7416084602551124 0.28515625 0.01403167889684287 0.053125
1 0.3171992654320797 0.37578125 0.0176117052052021 0.0609375
1 0.31239910239083957 0.253125 0.023224668373499215 0.05
1 0.6553216207361039 0.3328125 0.015958199943530184 0.059375
1 0.21329926266006946 0.5234375 0.022845236775233247 0.0703125
1 0.2563219495905944 0.43046875 0.02275423151356133 0.06875
1 0.21080984144397283 0.6953125 0.027335315700310937 0.09375
1 0.8227652679217414 0.525 0.025044773606936133 0.08125
