2 0.22221403213472843 0.587356738701453 0.03023353157003115 0.009720445337363515
1 0.3684156559957784 0.7751214627227702 0.06028505261671846 0.01631589067472703
1 0.4297102007905763 0.8368134880649061 0.04153505261671846 0.016097714672181594
1 0.3467659820782587 0.5293907920512249 0.0413530420933748 0.012972714672181595
0 0.33036264817385785 0.8512930640515431 0.04153505261671846 0.01609771467218124
1 0.33192369012605827 0.6902646573838158 0.040063557878390374 0.017642033338636055
1 0.3013092689099617 0.5179169427116344 0.04144404735504672 0.014535214672181596
1 0.3733677374811049 0.6766748720559974 0.047603042093374806 0.013045440006363406
2 0.42354974800444867 0.6741316747294517 0.0536710315700311 0.009993165340545219
1 0.34527064248866296 0.4074157947167249 0.053853042093374805 0.013118165340545218
1 0.39494035864073174 0.7895021360598153 0.0491655420933748 0.01306362133990895
1 0.4636845264495336 0.14611576273072432 0.053853042093374805 0.01311816534054513
1 0.45448747681658686 0.5322078040658607 0.05688703683170289 0.011592028007635946
1 0.4182054264777684 0.17529418539145186 0.053853042093374805 0.01311816534054513
2 0.8135472895331262 0.07200883744426763 0.08537605787839046 0.018169292011454008
1 0.3928149584713226 0.6112316853914519 0.04456904735504654 0.014571577339272501
1 0.3978048373116957 0.4987135040579064 0.05100105787839038 0.017769302673454133
1 0.4729615449359722 0.21502030406586062 0.053762036831702886 0.01155566534054513
1 0.5522941872128737 0.3965344807447237 0.06019404735504672 0.014753390674726852
1 0.4453238503952882 0.4210884907304061 0.0541260578783902 0.01780566534054522
1 0.4573141581325041 0.2554907627307243 0.05403505261671846 0.01624316534054513
1 0.5794768554451986 0.19827879408017815 0.06966005261671845 0.01642497867599957
1 0.4203352007905763 0.8367044000636333 0.04199007892507769 0.02391021467218124
