2 0.6701808666900575 0.2944384017429092 0.025327548620519023 0.00756019448207601
1 0.6205759350982802 0.4084499920865422 0.03503009724103805 0.014301517412854636
2 0.5803736589789985 0.4619777838096562 0.034866322930778536 0.011176517412854636
1 0.5341869764827101 0.5999624626879001 0.03642882293077854 0.011258404567984215
0 0.5303847885593547 0.8806392526019918 0.03971759724103805 0.014547178878243727
1 0.4433982021724505 0.6078369176854256 0.042678822930778536 0.01158595318850324
1 0.5283530563108935 0.6220831241532894 0.03955382293077854 0.011422178878243728
1 0.5800350650173207 0.6022342916115724 0.028616322930778537 0.01084896879233561
1 0.5606000695398765 0.48249167967121326 0.034866322930778536 0.011176517412854636
1 0.5604285719147257 0.6344259938955645 0.034866322930778536 0.011176517412854636
1 0.552357122344267 0.5803117039814728 0.034866322930778536 0.011176517412854636
1 0.5843308186353654 0.5054002351891373 0.03314004862051902 0.007969630257724703
1 0.5145029975136092 0.4701045443251058 0.03971759724103805 0.014547178878243727
1 0.339010595320474 0.6670658327688596 0.05378009724103805 0.015284163274411533
1 0.30257404907480423 0.8271335515611952 0.05065509724103805 0.015120388964152198
1 0.4970964122583588 0.5941152544110141 0.03799132293077854 0.011340291723114149
1 0.34121598371879924 0.4168577928547679 0.05378009724103805 0.01528416327441171
1 0.4352902103130509 0.39089175712454755 0.04128009724103805 0.014629066033373484
1 0.47515945726083314 0.6856410131174414 0.04440509724103805 0.014792840343632995
0 0.5076000587972843 0.12610223880718188 0.04103443577564878 0.009941566033373572
1 0.5522773937138504 0.22504434984302982 0.034866322930778536 0.011176517412854548
2 0.27979164631584225 0.8158618588881413 0.05706887155129756 0.018572937584671222
1 0.3669508095902538 0.7583149525111347 0.03963571008590829 0.012984678878243727
1 0.47238409656366953 0.4115417718238687 0.04588571008590812 0.013312227498762753
1 0.5996891457500154 0.5988669521724506 0.034866322930778536 0.011176517412854636
