1 0.7218942224798535 0.23412502148518435 0.05013635538619425 0.02605788896415202
2 0.8031351321207738 0.22830438941843728 0.03915340359079629 0.017672178878243815
1 0.8033361617822198 0.531511276573567 0.04380454215447775 0.011667840343632996
1 0.7663628817279904 0.48968562471911614 0.03755454215447766 0.011340291723114149
1 0.7109112706844554 0.22688573157109265 0.05478749394987581 0.020053550429541288
1 0.7660770562978296 0.5748828182966811 0.04539431323171641 0.016437227498762752
1 0.7823237041330892 0.4122633095902538 0.040679542154477846 0.011504066033373662
1 0.7327600413689108 0.4898836985544059 0.050090903590796286 0.01824538896415202
1 0.6240475958200287 0.34084641225835877 0.05952953610435348 0.02967421189493056
1 0.7101669030016209 0.3675926187262224 0.050072722872636886 0.01512038896415202
2 0.5924799541330892 0.42221259893851865 0.06256363251355737 0.01421298620519007
1 0.749065776538188 0.3374204398479786 0.048501132513557366 0.013476001809022264
1 0.7305890081914235 0.5196940292871005 0.05318863251355736 0.01372166327441171
1 0.6082629936552882 0.1799055902320914 0.05946590359079629 0.018736711894930556
1 0.7190616766129426 0.6875366265281385 0.05318863251355736 0.013721663274411534
1 0.6259368278660478 0.2625985815256641 0.06101931323171641 0.017256099050060314
1 0.7486067134046672 0.2585141898479786 0.05011817466803503 0.02293288896415202
1 0.6708872761454044 0.600971684759596 0.05944772287263689 0.015611711894930557
1 0.4776260720123153 0.15783691768542568 0.07042158430895533 0.02243492198083885
1 0.5708766231437835 0.20140213195520543 0.06885908430895533 0.022353034825709096
1 0.3056783491396783 0.15434450474969838 0.09387726502711473 0.026788229307785107
1 0.47960881205336625 0.7672938048405554 0.08136817466803503 0.024570632066747145
