1 0.8329585095583809 0.4648150590283041 0.03960880321830871 0.008039758976990542
2 0.8199839901126429 0.22343153492600312 0.04284306386197052 0.009620439695149674
1 0.7812435542267149 0.30598495969223405 0.044405563861970344 0.009629530054229285
1 0.7393616928464188 0.39945315856076585 0.05087408514929379 0.01279089149054773
1 0.6797628177203683 0.36240261045435984 0.06024908514929379 0.012845433645025484
1 0.7578867257858104 0.6978770230221464 0.05534306386197034 0.009693162567786472
1 0.8178519516484954 0.6396559777444107 0.046514367080278965 0.017451120413308985
1 0.7565927515126093 0.44484747179248246 0.05399908514929379 0.01280907220870695
1 0.7265835513767233 0.25022077302214646 0.060467606436617416 0.015970433645025484
1 0.6579703091703933 0.19593727312034231 0.06203010643661742 0.015979524004105093
1 0.7433764755337088 0.6243849808676687 0.0556708457929556 0.01438066256778665
2 0.6152629111675353 0.4674532039366975 0.06649908514929379 0.01288179508134384
1 0.25359951944573805 0.24278343940056207 0.10218521287323465 0.03183178298109555
1 0.5888318151224782 0.37983502926866236 0.06984260643661741 0.016024975799503238
1 0.677627245308423 0.18668044778837736 0.05712408514929379 0.012827252926866262
1 0.6798931297407532 0.609958866504484 0.060358345792955605 0.014407933645025395
1 0.5644881069408204 0.16571798711418467 0.07340464901126431 0.022293156517662414
1 0.7230204168675185 0.5789724869177929 0.05399908514929379 0.01280907220870695
1 0.5872582434668375 0.4243390081914235 0.06849862772394069 0.019140885440423538
1 0.5468307133774377 0.18123390280522927 0.07620186708027923 0.017623837235821636
1 0.50231370500269 0.8400816619786114 0.08143567029858775 0.025463608313060604
1 0.4451918037225117 0.1572146198241337 0.07831067029858776 0.025445427594901295
