1 0.728125 0.2796875 0.0234375 0.05
2 0.7296875 0.1984375 0.01640625 0.0390625
1 0.4265625 0.2 0.0109375 0.04296875
1 0.4703125 0.23671875 0.009375 0.03828125
1 0.7359375 0.290625 0.0171875 0.0546875
1 0.38515625 0.2375 0.0140625 0.0453125
1 0.546875 0.2203125 0.01015625 0.040625
1 0.471875 0.2703125 0.015625 0.05078125
1 0.6265625 0.378125 0.0265625 0.059375
1 0.5953125 0.2921875 0.01328125 0.05078125
2 0.546875 0.41015625 0.0109375 0.06328125
1 0.6234375 0.253125 0.0109375 0.0484375
1 0.4421875 0.27265625 0.0109375 0.053125
1 0.78828125 0.39296875 0.01640625 0.06015625
1 0.275 0.28515625 0.01171875 0.05390625
1 0.7046875 0.37578125 0.0140625 0.0609375
1 0.70234375 0.253125 0.0203125 0.05
1 0.3640625 0.3328125 0.01171875 0.059375
1 0.8171875 0.5234375 0.01875 0.0703125
1 0.76875 0.43046875 0.01796875 0.06875
1 0.8296875 0.6953125 0.02265625 0.09453125
1 0.2078125 0.525 0.01953125 0.08046875
