2 0.2953125 0.275 0.009375 0.02890625
1 0.434375 0.628125 0.028125 0.05546875
1 0.1625 0.6546875 0.02265625 0.071875
1 0.609375 0.3828125 0.009375 0.0484375
1 0.490625 0.3890625 0.0109375 0.0484375
1 0.29921875 0.61875 0.01328125 0.06875
1 0.3734375 0.6765625 0.015625 0.0609375
1 0.653125 0.37734375 0.0140625 0.04765625
1 0.2484375 0.4921875 0.0109375 0.05703125
2 0.3265625 0.47578125 0.01328125 0.0578125
1 0.3578125 0.6671875 0.021875 0.075
1 0.3171875 0.3765625 0.01484375 0.046875
2 0.96953125 0.740625 0.02265625 0.07890625
1 0.6421875 0.53828125 0.0171875 0.05703125
1 0.20703125 0.6078125 0.01875 0.0703125
1 0.31875 0.63125 0.0234375 0.065625
1 0.2875 0.659375 0.015625 0.06328125
1 0.5359375 0.48125 0.01328125 0.05390625
1 0.71875 0.4171875 0.01484375 0.053125
1 0.884375 0.6 0.01484375 0.07265625
1 0.3796875 0.5234375 0.0140625 0.06328125
1 0.5421875 0.625 0.0171875 0.06328125
1 0.44921875 0.29140625 0.01015625 0.04140625
