1 0.5328125 0.8200616170255912 0.0125 0.03219719336130424
2 0.225 0.8068932305034755 0.009375 0.04914789502097818
1 0.675 0.8167734415104263 0.01875 0.054545790041956366
1 0.66015625 0.8187736493938775 0.015625 0.048058991701630305
1 0.484375 0.7687349927505375 0.0125 0.05563469336130424
2 0.546875 0.7367522095570583 0.01875 0.060795790041956364
1 0.24375 0.7481577705454316 0.0140625 0.060440592531467274
1 0.5734375 0.7356399954498298 0.015625 0.057433991701630306
1 0.35625 0.4074637607971695 0.01875 0.09204579004195632
1 0.378125 0.7263088491794518 0.0140625 0.06356559253146728
1 0.1953125 0.6335498962703779 0.0171875 0.07005239087179334
1 0.3453125 0.6581974666060283 0.0140625 0.06981559253146727
1 0.4421875 0.6436632151561359 0.015625 0.0683714917016303
1 0.7765625 0.6979068875710229 0.0171875 0.07005239087179334
1 0.371875 0.5406790024987996 0.0140625 0.07606559253146727
1 0.7921875 0.731903379272653 0.0140625 0.06981559253146727
1 0.61875 0.6421985713845575 0.0203125 0.07028918921211921
1 0.8203125 0.6355970643355876 0.01875 0.07329579004195637
1 0.871875 0.3832542369509674 0.0203125 0.0921641892121194
1 0.5578125 0.39304975374819956 0.0234375 0.08615098755244528
1 0.890625 0.48467502699292364 0.01875 0.08267079004195636
1 0.48671875 0.8259438415057818 0.0140625 0.04794059253146728
