2 0.24375 0.3850950993668617 0.03125 0.011846782132453626
1 0.38984375 0.489437955397641 0.04375 0.020022994985435007
1 0.4203125 0.17605140531849878 0.0546875 0.020341243731793846
1 0.45546875 0.8461222129194883 0.059375 0.015790136051661817
1 0.4703125 0.15194030390657298 0.053125 0.026545779625171174
1 0.4078125 0.3021963681714802 0.05 0.020204851411925785
1 0.6328125 0.8183057868178143 0.075 0.017807277117888987
1 0.31875 0.543850322248973 0.0359375 0.0166706744523216
1 0.3484375 0.3187677542231421 0.0390625 0.019886602665567032
1 0.4109375 0.7224179399582349 0.0546875 0.015653743731793845
1 0.4421875 0.5308836578257813 0.053125 0.02029577962517113
1 0.3546875 0.6240546477966513 0.046875 0.02011392319868044
1 0.471875 0.18783233979995032 0.0578125 0.02668217194503919
1 0.45 0.46815633729266787 0.05 0.017079851411925872
2 0.4859375 0.3530481628403462 0.05625 0.02663670783841656
1 0.4625 0.6693551244396864 0.05625 0.014136707838416562
1 0.515625 0.5396843448145152 0.0578125 0.0204321719450391
1 0.60546875 0.6401951586837111 0.0625 0.023693564264907253
1 0.490625 0.6950992705204782 0.059375 0.020477636051661818
1 0.5515625 0.17770117036219357 0.065625 0.019096992478152598
1 0.56875 0.1584510651893441 0.065625 0.023784492478152598
1 0.534375 0.6485137755350431 0.05625 0.023511707838416385
