2 0.7749512626114117 0.45244287557425267 0.037645450668363625 0.01468412628012441
1 0.6857042125636866 0.7990455888131369 0.04385908800127254 0.011923147326811722
1 0.7353694999204582 0.6291649992941283 0.03920795066836362 0.014775131541796327
2 0.6646388292489129 0.6610072625188951 0.05012726933481808 0.013849668373499213
1 0.6178183732495492 0.6535896046687396 0.05330681333545435 0.01871917889684287
1 0.6631843225652774 0.7860072625188951 0.05323408800127272 0.01246917889684287
1 0.6794114959420936 0.4664228046122699 0.04858295066836362 0.015321163111827296
1 0.6160729652291866 0.8035896046687396 0.05950226933481808 0.01439569994353036
1 0.5900751812540037 0.6191390099586463 0.06264545066836362 0.01614021046687384
1 0.6126207012253686 0.8315325941453959 0.05639545066836362 0.015776189420186527
1 0.5555996365770495 0.6929636468327016 0.059520450668363624 0.01595819994353036
1 0.5732127558880051 0.8589449626035996 0.06575226933481808 0.014759720990217672
1 0.555991629933185 0.5249038915710298 0.05955681333545435 0.01908319994353036
1 0.4654724338797328 0.9136486021790781 0.07049431333545435 0.019720236775233248
1 0.30426604527373 0.45708154181102606 0.07518181333545444 0.01999325256024882
1 0.5585001066200022 0.37651189420186565 0.061082950668363625 0.0160492052052021
1 0.44407288526418504 0.5355845153614925 0.07205681333545436 0.019811242036904986
0 0.5460932026575459 0.09903934158514718 0.06104658800127272 0.0129242052052021
1 0.36379175521168744 0.9178895101704079 0.07049431333545444 0.019720236775233248
1 0.4871603612746845 0.46069790742663247 0.06738749466899989 0.02110072625188959
1 0.2955802939210946 0.5988595181335028 0.08622840133672707 0.030005289391951705
1 0.4727962272438223 0.6873591179640937 0.07049431333545435 0.019720236775233248
1 0.3315706958943685 0.7979641470444631 0.0783613573360908 0.024862763083592476
