2 0.7619311069635181 0.6920325779270422 0.028616322930778537 0.009865923701106106
1 0.4015181501569701 0.5591338977298191 0.057723968792335566 0.02910684740221221
1 0.389204015149547 0.8314725478919748 0.07310330732694634 0.02469208279171582
1 0.6376592887824379 0.3798519521146157 0.048928822930778534 0.010220479707460584
1 0.6376327125722991 0.4987110462704171 0.04901071008590829 0.011782979707460584
1 0.4179763890756937 0.6941265064961171 0.06940509724103805 0.013700035713814885
1 0.35627424920703044 0.6209168774372796 0.06175637155129756 0.016688668019063258
1 0.6408351984388049 0.33600649472828953 0.0476119843961678 0.014880706168510205
1 0.5472002216174106 0.7426985998411395 0.05682321008590811 0.01191934740221221
2 0.559512113860923 0.664287227682161 0.05846759724103805 0.013509120941162679
1 0.366468120758328 0.6363782362035776 0.07614642017181658 0.023184129869616397
1 0.6592221867917015 0.6719303579588143 0.04769387155129756 0.016443206168510117
2 0.26097179952503013 0.025941342534243562 0.0792714201718165 0.023238676947517002
1 0.4804709085247132 0.3497531692401745 0.057150758706427315 0.01816934740221221
1 0.43374523122834907 0.7861230917234646 0.07129514586155708 0.019977309252765352
1 0.40445279963657177 0.6748134448077198 0.0668533073269462 0.024582988635914304
1 0.3779655427391669 0.7065543685088259 0.06331887155129756 0.016715941558013547
1 0.5430704850735364 0.4550076850684871 0.05378009724103805 0.013427300324311631
1 0.5975521879233553 0.2710769699715232 0.05394387155129756 0.016552300324311542
1 0.4060596494796016 0.10864297402871297 0.07269387155129756 0.01687958279171564
1 0.5090717005865114 0.6119940706201463 0.06323698439616762 0.015153441558013547
1 0.39899293645301726 0.45126685065191835 0.06340075870642722 0.018278441558013725
1 0.7374589721832375 0.5384127000860208 0.041116322930778534 0.01008411201270878
