1 0.8046226033422226 0.43704227501688137 0.04396820554708327 0.01141268899896417
2 0.8256676808488894 0.7376972464808341 0.037754573138263935 0.01268409057054054
1 0.7872195106366671 0.5610962051245052 0.037790940729444424 0.01424659057054054
2 0.6007014355985422 0.5945507522718024 0.06275457313826394 0.013848484284234176
1 0.7482310522397922 0.629516565339753 0.047093205547083274 0.01155823821317572
1 0.7525158958952781 0.4783179383752823 0.04723867591180557 0.01780823821317572
1 0.7166927243518757 0.749790523983424 0.05650457313826394 0.013557385855810723
1 0.7334372811538892 0.3962674176971178 0.05025457313826394 0.013266287427387446
1 0.7529198586605561 0.6968496145539647 0.053452308320624906 0.016536836641599172
1 0.7427570765567364 0.3608029526433059 0.05657730832062491 0.0166823858558109
1 0.7325183993137506 0.7926693827509298 0.053488675911805575 0.018099336641599174
1 0.7449579690335421 0.488891565339753 0.05025457313826394 0.013266287427387446
1 0.6867142836224311 0.7359078064484128 0.054978440729444425 0.015047111248705036
1 0.6889962969214587 0.3645422286981538 0.0502909407294446 0.014828787427387446
1 0.6994844277147575 0.6139793025194714 0.05650457313826394 0.0135573858558109
1 0.6605342965402089 0.7846342508240604 0.05661367591180557 0.0182448858558109
1 0.4940566177786119 0.8408734805601806 0.07071254350298624 0.020462357319763667
1 0.7165004350298613 0.20506022084027098 0.053488675911805575 0.018099336641599174
1 0.5822638261754868 0.7747455204687675 0.0674784407294446 0.015629308105551944
1 0.5016040932742364 0.2933820504525568 0.06915004350298623 0.020389582712657717
1 0.3049213825962507 0.8289427531003719 0.09273301386770835 0.027731201819245755
1 0.6209412004161811 0.5923718221641785 0.04396820554708327 0.011412688998963994
