2 0.18577600319553328 0.6058004918957307 0.038228042093374805 0.01468412628012441
1 0.2914084370716993 0.25919777865684646 0.04429603157003115 0.011923147326811722
1 0.23369610565696003 0.4290783681758551 0.039790542093374806 0.014775131541796327
2 0.3061017266754125 0.3972361049510883 0.050637036831702883 0.013849668373499213
1 0.352703710890397 0.40465376280124377 0.05403505261671846 0.01871917889684287
1 0.31338214760916044 0.2722361049510883 0.05367103157003115 0.01246917889684287
1 0.28222606896643143 0.5918205628577136 0.0491655420933748 0.015321163111827473
1 0.3614402160108945 0.2546537628012438 0.060012036831702975 0.014395699943530271
1 0.3789176003952881 0.43910435751133703 0.0632280420933748 0.01614021046687384
1 0.3662033107209878 0.2267107733245875 0.0569780420933748 0.015776189420186527
1 0.4169251055863728 0.3652797206372818 0.0601030420933748 0.01595819994353027
1 0.40699491069275295 0.19929840486638367 0.06626203683170288 0.014759720990217672
1 0.40870453995664907 0.5333394758989536 0.06028505261671846 0.01908319994353036
1 0.517575365897955 0.14459476529090537 0.07122255261671846 0.019720236775233203
1 0.6579541110598062 0.6011618256589573 0.07591005261671846 0.01999325256024882
1 0.3992777900978234 0.6817314732681178 0.061665542093374805 0.0160492052052021
1 0.5214243478350393 0.5226588521084908 0.07278505261671846 0.019811242036904986
0 0.39879485878190607 0.9592040258848362 0.06148353157003106 0.0129242052052021
1 0.619729400098822 0.14035385729957556 0.07122255261671846 0.019720236775233248
1 0.47473208738228284 0.597545460043351 0.06818855787839037 0.021100726251889412
1 0.6732668398719445 0.4593838493364806 0.08739358418674961 0.030005289391951705
1 0.4996921029555369 0.37088424950588983 0.07122255261671846 0.019720236775233248
1 0.6464522528425974 0.2602792204255203 0.07930806840173403 0.024862763083592476
