2 0.19422875231635187 0.40703125 0.03830103639719455 0.0125
1 0.2568558536452546 0.75859375 0.04435077729789594 0.009375
1 0.2202639188815046 0.5859375 0.03986353639719455 0.0125
2 0.28827343923957016 0.621875 0.050801036397194556 0.0125
1 0.33544882788851815 0.6171875 0.05412629549649317 0.015625
1 0.28026307526762445 0.746875 0.05382590684754529 0.0109375
1 0.28828963294573534 0.4265625 0.049238536397194645 0.0125
1 0.3258363911221833 0.7671875 0.06017603639719456 0.0125
1 0.3656765484311539 0.584375 0.06330103639719456 0.0125
1 0.32715905922849553 0.7953125 0.057051036397194554 0.0125
1 0.3944140152731618 0.66015625 0.06017603639719456 0.0125
1 0.3643190977851584 0.825 0.06632590684754529 0.0109375
1 0.4067404418604639 0.4921875 0.06037629549649317 0.015625
1 0.46744529534883494 0.8859375 0.07131379549649317 0.015625
1 0.6624885965485408 0.4390625 0.07600129549649318 0.015625
1 0.41547149907714936 0.34375 0.06173853639719464 0.0125
1 0.5173577668143213 0.509375 0.07287629549649317 0.015625
0 0.4488194293650792 0.0671875 0.06153827729789594 0.009375
1 0.5683569532761144 0.89609375 0.07131379549649317 0.015625
1 0.4801266795219627 0.43203125 0.06828892504614252 0.0171875
1 0.6604080575304525 0.58125 0.0875395727943891 0.025
1 0.4772765800479865 0.659375 0.07131379549649317 0.015625
1 0.609510484274638 0.778125 0.07942668414544123 0.0203125
