2 0.2225543464480685 0.6533887995897258 0.041116322930778534 0.012453378424238614
1 0.3191682383528967 0.35878853984146364 0.05402575870642732 0.02121307178554286
1 0.2816483061952925 0.444654262247062 0.04588571008590829 0.014371075934727705
1 0.3962375079134578 0.6712186074778216 0.04785764586155707 0.022301975104890737
1 0.4181346828349727 0.3911884879766526 0.0663619843961678 0.019035265146847013
1 0.31617487166283914 0.6877181006293444 0.04753009724103805 0.016051975104890738
1 0.6321329850735363 0.5101197771934164 0.0856851944820761 0.03139355518880329
1 0.47664654567984294 0.394065956857766 0.07269387155129756 0.021071361827499135
1 0.39425228403273954 0.7224259099673326 0.0632369843961678 0.018798466806520864
1 0.7658263116223594 0.6260785091467843 0.0856851944820761 0.03139355518880329
1 0.36689748869158095 0.5865117207552132 0.06019387155129756 0.020124168466194803
1 0.787159079035214 0.661933498773822 0.09193519448207592 0.031867151869455414
1 0.6442036171402834 0.5919617730442315 0.08856453301668683 0.02694285352912935
1 0.37599809249133964 0.3444193091374955 0.06471759724103805 0.017354365976683984
1 0.40308837347186144 0.7425491558181475 0.06331887155129752 0.020360966806520865
1 0.3978377137039529 0.137530691710919 0.06331887155129748 0.020360966806520952
2 0.5046708056294656 0.6615377993892333 0.07269387155129756 0.021071361827499045
1 0.45235695386587177 0.5245104734545055 0.06965075870642715 0.022397063487172984
1 0.5277464574839165 0.6267134361118416 0.06989642017181659 0.027084563487172985
1 0.6799818283578455 0.2055991431701003 0.09654080732694617 0.030659849379944416
1 0.4796032858417618 0.7771385659859729 0.07491146879233561 0.03368976099766208
1 0.6708059814554916 0.41655995395798107 0.08552142017181659 0.02826855518880329
