2 0.22628908313030544 0.3578125 0.028525518198597232 0.00625
1 0.25984565546326926 0.5046875 0.041225777297895935 0.009375
1 0.28839455275009057 0.66875 0.03820090684754529 0.0109375
2 0.3213851303248417 0.55625 0.04747577729789594 0.009375
1 0.2902178686046494 0.6890625 0.04601340684754529 0.0109375
1 0.3656369756367647 0.609375 0.05060077729789594 0.009375
1 0.6605441671834615 0.371875 0.06702681369509059 0.021875
1 0.334789888962715 0.725 0.05060077729789594 0.009375
1 0.35902603023255664 0.590625 0.05100129549649317 0.015625
1 0.3989873010520476 0.4546875 0.05402616594684391 0.0140625
1 0.3793619093207806 0.7609375 0.057051036397194554 0.0125
1 0.3409595458102602 0.7140625 0.050801036397194556 0.0125
2 0.6741773542635634 0.9515625 0.07952681369509058 0.021875
1 0.6604092550941291 0.6421875 0.07952681369509058 0.021875
1 0.3575180991694344 0.309375 0.05070090684754529 0.0109375
1 0.4999885965485408 0.4390625 0.06632590684754511 0.0109375
1 0.42172269664082584 0.4046875 0.05392603639719451 0.0125
1 0.5144354210409728 0.628125 0.06672642504614253 0.0171875
1 0.47812619756367647 0.0609375 0.057151165946843815 0.0140625
1 0.3867714959948304 0.6453125 0.05392603639719455 0.0125
1 0.5803353215669966 0.85546875 0.06818879549649318 0.015625
1 0.4641188386858598 0.828125 0.06193879549649317 0.015625
1 0.5734470805094118 0.4875 0.06985142504614253 0.0171875
1 0.6182043638242873 0.7765625 0.07327681369509058 0.021875
