1 0.7330069634721108 0.30935632022658643 0.024310253246410875 0.05095500494291585
2 0.7331512394466932 0.22816998722278078 0.016306838473758488 0.03969916996194396
1 0.4300535129856435 0.21738108996106886 0.011701159090609536 0.04419566897336073
1 0.47444444115097645 0.2558825158545118 0.010029564934808022 0.03788200197716636
1 0.7410103782447632 0.32061215520755837 0.018142073863261922 0.055387836958138335
1 0.3893018279204517 0.2531939145619175 0.014853432629559826 0.04588550296574958
1 0.550720568991998 0.24259594866803705 0.010084112012708956 0.041007001977166266
1 0.47659332223840883 0.2895399328507063 0.016497753246410875 0.05063666996194396
1 0.6331626964259822 0.4036554654739509 0.02759889448011279 0.06045733893530465
1 0.6004126517837136 0.31644462555006314 0.013372753246410874 0.05050933596955511
2 0.5540343039744642 0.43243969866803694 0.012028441558013548 0.06294566897336082
1 0.6278558133099551 0.2785281314815622 0.011782979707460584 0.04888316897336074
1 0.44694673254683437 0.2906740099230128 0.011864800324311631 0.053570668973360734
1 0.7951405450460105 0.4250887495800705 0.016661394480112966 0.06001166996194396
1 0.279977420858437 0.2963616413302129 0.013427300324311543 0.053634335969555115
1 0.7112467861175568 0.4044950652836706 0.015126168019063257 0.06151050296574958
1 0.7067620633099551 0.281743314789379 0.021185253246410872 0.05082767095052709
1 0.3698717637964224 0.3476469101132932 0.013536394480112967 0.059884335969555114
1 0.8263241355483639 0.5567353390096668 0.019977309252764995 0.07107650395433271
1 0.7762638599808186 0.4617929121276406 0.019950035713814884 0.06951400395433271
1 0.8418242248329012 0.7291196749792219 0.023511412337020234 0.09464133794672147
1 0.21697640908731425 0.5334677104938541 0.020168224025417736 0.08201400395433271
