2 0.7421030070307634 0.563765953350825 0.031504573138263936 0.012757605233436919
1 0.598536804617812 0.46368119531714297 0.044186411094166544 0.0212981473268119
1 0.5607945363817007 0.777955797919744 0.05512391109416655 0.021935184158514788
1 0.5412581667937498 0.10890966630736058 0.05970230832062491 0.017520699943530272
1 0.5102672063095827 0.803524216293243 0.05370688145888884 0.02809417889684278
1 0.5762221274717355 0.6514465058263692 0.05043641109416654 0.021662168373499213
1 0.36338708672163184 0.14189501350711548 0.07536367591180557 0.019993252560248732
1 0.6708488689223607 0.4071967059110738 0.036301175911805574 0.017718121018452493
1 0.6359426195879508 0.6331445558828389 0.03949891109416672 0.02102513154179615
1 0.5828800094993053 0.2313160163497129 0.05501480832062491 0.017247684158514697
1 0.5471931633752775 0.4237611215831499 0.053561411094166546 0.02184417889684287
1 0.6368024836637497 0.3280398269295263 0.04731141109416655 0.021480157850155467
1 0.5095411609067355 0.767677721554915 0.058394381458888846 0.028367194681858266
1 0.5379259597280551 0.4867161478915092 0.05036367591180557 0.018537168373499214
2 0.4993336255718745 0.6028717689099616 0.056831881458888844 0.028276189420186525
1 0.5301173789903469 0.2858816899848839 0.0565409407294446 0.015776189420186527
1 0.4740102365135413 0.41710086888172676 0.05824891109416672 0.022117194681858444
1 0.38656674753145803 0.3192086714278581 0.06300914627652779 0.025515210466874015
1 0.5026106280404165 0.2609572846949772 0.059811411094166725 0.022208199943530273
1 0.4296718229508327 0.7801314899001793 0.06602504350298619 0.021009720990217674
1 0.412047911856666 0.7998825477785697 0.06613414627652783 0.02569722099021767
1 0.4578059678961802 0.308817932021789 0.05675914627652787 0.025151189420186525
