1 0.6277729244864056 0.7708643734613536 0.010902783665263982 0.04413200197716627
2 0.3282639978073833 0.7971509367306768 0.012247028855940556 0.037945668973360644
1 0.5020635963561044 0.755645233156905 0.013809528855940556 0.038009335969555025
2 0.45332845207640177 0.5698642420541535 0.01312004809323426 0.06294566897336082
1 0.4303324400955022 0.7178852479856526 0.011011911069925518 0.04725700197716627
1 0.5821677586071565 0.7195220493547966 0.017261911069925518 0.04751166996194378
1 0.3072570386442234 0.688476273688815 0.012901793283910834 0.05669566897336083
1 0.6628175578815171 0.6990238655526883 0.012683538474587409 0.05044566897336082
1 0.363254067500164 0.7237479288220114 0.015917665879249122 0.05369800296574958
1 0.6991097219466677 0.7077157746402173 0.016026793283910833 0.05682300296574958
1 0.26558789381636655 0.7050390325860637 0.01748016587924912 0.05376166996194396
1 0.5709574400955022 0.7121552183281574 0.012683538474587409 0.05044566897336082
1 0.3187203282999372 0.65827943771926 0.014409729581579888 0.055196835969555026
1 0.6909772742162532 0.6540641926249948 0.014246038474587408 0.05050933596955502
1 0.4419222153232457 0.6689065785180002 0.012901793283910834 0.05669566897336083
1 0.26776546350914715 0.6329730315974805 0.017589293283910835 0.05688666996194378
1 0.19783736550858017 0.4676146284414505 0.019642866604888544 0.07101283695813834
1 0.8530060482628702 0.6787564920169725 0.017480165879248943 0.05376166996194396
1 0.2712872783926044 0.554593363612703 0.01484623920022674 0.06769683596955503
1 0.7469841936388812 0.4655800127772192 0.019588302902557687 0.06945033695813833
1 0.19436015752654662 0.27842479444906176 0.026656758437520533 0.09314250494291584
1 0.4571627802067029 0.5900494080617648 0.010902783665263982 0.04413200197716627
