1 0.22751076209732926 0.5421618700270442 0.03947193577564878 0.008267033338636053
2 0.23625607756487596 0.7835226666931806 0.042678822930778536 0.009865896005727137
1 0.2764473083429991 0.7012283346992257 0.04424132293077854 0.009884077339272324
1 0.31997157903521395 0.6080419560391345 0.05065509724103805 0.013081802673454134
1 0.37892717718076313 0.6454243247135433 0.06003009724103805 0.013190890674726851
1 0.3066748824054314 0.3096317280394527 0.05517882293077854 0.010011346674090583
1 0.2456831507227971 0.3674800433640895 0.04621325870642732 0.017714758672817865
1 0.3035343515364512 0.5625658240372255 0.05378009724103805 0.013118165340545218
1 0.3301355523501053 0.7572879780394527 0.06019387155129756 0.01631589067472685
1 0.3978044092020817 0.8119487533815887 0.06175637155129756 0.016334072008272214
1 0.3198985786965297 0.3831783160407254 0.0554244843961678 0.014698846674090582
2 0.4452747942095049 0.5407919160566338 0.06628009724103805 0.013263616008908663
1 0.8030374638154946 0.7674753314369498 0.10163774310259503 0.032413605346908445
1 0.47017297489677096 0.6285282733927245 0.06956887155129757 0.01642497867599957
1 0.37798323213286017 0.8210873960454979 0.05690509724103805 0.013154528007635946
1 0.3831355630926975 0.3979680693825432 0.06011198439616781 0.014753390674726852
1 0.490766515149547 0.8426998613939972 0.07302142017181659 0.022711341343090653
1 0.3394608061952925 0.42869081070972526 0.05378009724103805 0.013118165340545218
1 0.4725266909755731 0.584051567393361 0.06817014586155708 0.019531797342454027
1 0.5086976435982494 0.8272930373965426 0.07590075870642714 0.018060204010181026
1 0.5647662641334942 0.16897255474217834 0.0809976944820761 0.025927248010817694
1 0.6099259509251957 0.8518941427434509 0.0778726944820761 0.02589088534372692
