1 0.5621885159681316 0.7147978866446838 0.013772994985435005 0.04477036606107632
2 0.2146770184754141 0.7649880448395506 0.013772994985435005 0.04477036606107632
2 0.4851917584462842 0.6556139474052278 0.014045779625171128 0.05414536606107632
1 0.6188429959098719 0.5355888766427441 0.014273100158284535 0.06195786606107632
1 0.5894617212992657 0.6346321545225312 0.01569920783841656 0.05739791181871077
1 0.5379446854058884 0.6372786645244709 0.012574207838416385 0.057142820303441685
1 0.3183428907370224 0.5772651621085749 0.015835600158284537 0.062085411818710766
1 0.5963314984171543 0.5592495172496277 0.015517351411925872 0.05114791181871077
1 0.7818598214575502 0.5581340720911179 0.017534492478152686 0.06690045757634522
1 0.27040183274032137 0.6980877162011592 0.013909387305303157 0.049457866061076314
1 0.5038257496707956 0.5777122169500652 0.011102636051661818 0.06014027454580724
1 0.6828109045270759 0.6675406361856419 0.013909387305303157 0.049457866061076314
1 0.6383371419906636 0.5620557817934951 0.014227636051661819 0.06039536606107632
1 0.7412970059390018 0.6128852160319813 0.014227636051661819 0.06039536606107632
1 0.10901335484364509 0.5927937936316027 0.014364028371529924 0.06508286606107631
1 0.41737142412311723 0.5489172793775993 0.02061402837152997 0.06559304909161448
1 0.20058840406485756 0.3920287769617032 0.021205061757624755 0.08590554909161438
1 0.8107864550019297 0.4747157942113308 0.017807277117888633 0.07627545757634539
1 0.3958768573509276 0.5912003742268481 0.022085600158284535 0.06259559484924893
1 0.5889712909744492 0.4639848146742521 0.019278848904643375 0.07327800333397985
1 0.8721738990502926 0.29356164693648756 0.0242391335443795 0.08303564060688355
1 0.5641317300082473 0.2462232298269428 0.02129598997087001 0.08903054909161448
