2 0.18467257804548312 0.31150796279135695 0.03475694591631599 0.012137901451278844
1 0.2128967486492376 0.5784424916472976 0.04256944591631599 0.012410719962933215
1 0.23906741216623403 0.36659725607526783 0.044131945916315904 0.012465283665263982
1 0.29867802514292546 0.38432295861500576 0.05345238221398514 0.011230165879249122
1 0.2581794775978454 0.6480754345683886 0.053670637023308564 0.01748016587924912
1 0.5961953435697618 0.7122867898253498 0.08363095553496294 0.026329376223535306
1 0.38383427514292545 0.38729668039203735 0.05043650961864685 0.014246038474587408
1 0.2969989301375834 0.5892014315731637 0.05512400961864685 0.014409729581580067
1 0.27943446262172095 0.4650000397405318 0.05356150961864685 0.014355165879248944
1 0.533164641747814 0.3221131684111378 0.07565476442797028 0.021369057711881113
1 0.29979907024093483 0.28502236306150946 0.059811509618646855 0.014573420688572546
1 0.3514930010963083 0.4174554063454202 0.05986607332097771 0.016135920688572548
1 0.30519589837123595 0.264873554168502 0.05043650961864685 0.014246038474587408
2 0.4322717751429255 0.3889881551642939 0.06924107332097762 0.016463302902557687
1 0.29270824502104054 0.6672718678708328 0.059811509618646855 0.01457342068857237
1 0.35922119945969505 0.2409474700477511 0.06449900961864685 0.014737111795565028
1 0.362631364621154 0.6360789207733906 0.06606150961864685 0.014791675497895973
1 0.6597469891154087 0.28116576459760634 0.08842758293962447 0.029618067330527964
1 0.5513044842212673 0.6090328150530933 0.07269345553496294 0.0259474303072194
1 0.30383917406231553 0.8413095685964723 0.056741073320977706 0.016026793283910833
1 0.7863937907520221 0.46236617929572904 0.10130952885594055 0.04099207694917482
1 0.4710391531805593 0.26440730661557277 0.07080357332097761 0.016517866604888454
