2 0.2586680355151783 0.4290544934412793 0.029742042154477667 0.010930855947465368
1 0.4146175327847038 0.25134665253181937 0.059465903590796246 0.018736711894930556
1 0.4791067587805987 0.19380746946970406 0.040715903590796285 0.017754066033373574
1 0.3801072191602038 0.49477574796383517 0.040697722872636885 0.014629066033373661
0 0.38057835518980254 0.17302357869652968 0.0407159035907962 0.017754066033373574
1 0.3737021621750031 0.33355164292088096 0.03916249394987581 0.019234678878243816
1 0.33407710167376115 0.5032975768875074 0.040706813231716585 0.016191566033373662
1 0.4144089754067197 0.3497432089542545 0.04694772287263689 0.014956614653892508
2 0.46442715612487895 0.3554885979184066 0.05317954215447766 0.012159163274411532
1 0.372222517168414 0.6162003686106214 0.05319772287263698 0.01528416327441171
1 0.4418794695529872 0.23871717774659001 0.048510222872636885 0.015038501809022265
1 0.47687469749378975 0.8841049208491849 0.05319772287263689 0.015284163274411355
1 0.4879106288011242 0.49886346166778794 0.056313632513557366 0.013885437584671045
1 0.43295198067127705 0.8521245805055522 0.05319772287263689 0.015284163274411355
2 0.8226417154477706 0.9803269821328602 0.08447499394987582 0.02160940637700648
1 0.4304157704880637 0.416187080505552 0.04383181323171659 0.016355340343633173
1 0.42950777634179615 0.5286051933504222 0.05009999394987581 0.019807888964152198
1 0.48975597169428653 0.816050961667788 0.05318863251355736 0.01372166327441171
1 0.5785497852205908 0.6402907230877487 0.05945681323171659 0.01717421189493056
1 0.472931044295777 0.6089820901164904 0.05322499394987581 0.01997166327441171
1 0.4762383723582165 0.774729920849185 0.05321590359079629 0.018409163274411534
1 0.5953292608237021 0.8395470946390461 0.06884090359079628 0.019228034825709273
1 0.4697317587805987 0.19331614653892557 0.040761355386194256 0.025566566033373574
