1 0.4 0.2046875 0.01015625 0.04453125
2 0.7 0.190625 0.0109375 0.03828125
1 0.525 0.225 0.0125 0.03828125
2 0.5671875 0.4125 0.0109375 0.06328125
1 0.5953125 0.265625 0.01015625 0.046875
1 0.44375 0.2578125 0.01484375 0.046875
1 0.7171875 0.3 0.0109375 0.05546875
1 0.3625 0.275 0.0109375 0.04921875
1 0.6625 0.2625 0.0140625 0.05234375
1 0.3265625 0.26484375 0.0140625 0.05546875
1 0.759375 0.28515625 0.01484375 0.05234375
1 0.4546875 0.265625 0.0109375 0.04921875
1 0.7046875 0.3296875 0.0125 0.0546875
1 0.3328125 0.31875 0.01328125 0.05078125
1 0.58203125 0.3140625 0.0109375 0.05546875
1 0.7546875 0.35703125 0.01484375 0.05703125
1 0.81875 0.525 0.0171875 0.0703125
1 0.171875 0.2875 0.015625 0.05390625
1 0.7484375 0.43515625 0.01328125 0.0671875
1 0.2703125 0.5046875 0.0171875 0.06875
1 0.815625 0.7140625 0.0234375 0.0921875
1 0.5640625 0.3921875 0.009375 0.04453125
