1 0.3054240938758003 0.7361474155309018 0.025766287427387447 0.05136507892507769
2 0.3076458734453048 0.8173064102692299 0.017444365177646404 0.03997255261671846
1 0.6106980988381989 0.8333989310335685 0.012975188998963993 0.044387036831702885
1 0.5652378955712114 0.7941320337067568 0.01112159057054054 0.03804603157003115
1 0.29710217162605923 0.7247548892225424 0.019734611248705035 0.0556885578783902
1 0.6503577582676584 0.7983105704678726 0.016172963606069856 0.04613154735504672
1 0.4894395289458228 0.8060790258848363 0.011267139784752267 0.041171031570031144
1 0.5621107415184354 0.7604472784450851 0.017953787427387447 0.05091005261671846
1 0.4024017936281313 0.643625257539572 0.029327935070022626 0.06092208944842135
1 0.43765439701895337 0.7313828627730089 0.014828787427387446 0.0507280420933748
2 0.48059741418246116 0.6162352758848362 0.013848484284234353 0.06313703683170288
1 0.41134876219659977 0.7688072680629157 0.013193512820281583 0.04907453683170289
1 0.5916890796077766 0.7598326284168501 0.013411836641599173 0.053762036831702886
1 0.23999168486062555 0.6193624629565356 0.018390435070022627 0.06028505261671846
1 0.7582943827509298 0.757070191415738 0.014974336641599173 0.053853042093374805
1 0.32438595553879007 0.6414187444559796 0.01690070967712849 0.06175654735504672
1 0.3324425121965998 0.7642115023484872 0.022641287427387448 0.05118306840173403
1 0.6670122572342011 0.7042266415004426 0.015265435070022626 0.0601030420933748
1 0.2050087551672865 0.4872101156156063 0.02202485731976358 0.0714045631400623
1 0.257776344290085 0.5830000287274336 0.021952082712657715 0.06984206314006229
1 0.18450354838564217 0.31460707352223155 0.02624147642635144 0.09502407366340586
1 0.8143109805601807 0.5211396676676274 0.022534279569504535 0.08234206314006229
