1 0.6948858147138213 0.749083953153056 0.050818455534962934 0.024892351411925872
2 0.7760812510114903 0.7530105866974355 0.039608137023308385 0.016761602665567032
1 0.7851041092636764 0.44984012259081274 0.044131945916315904 0.012210494985435005
1 0.7468575755984124 0.49252171608517975 0.03782738221398514 0.010466138558944493
1 0.6836754962021668 0.7565782044066973 0.05528770072563951 0.018778743731793668
1 0.7490500473754441 0.4073427340318684 0.04580357332097762 0.015380959092057722
1 0.7605902041842005 0.5695615892047179 0.04095238221398514 0.010557066772189571
1 0.7132092618960815 0.49310673779279207 0.05054563702330857 0.017079851411925872
1 0.5999949553653268 0.6446572144358271 0.06030258293962447 0.028290136051661818
1 0.6870237294119439 0.6159077403000746 0.05043650961864685 0.013954851411925873
2 0.5707464541842004 0.5640377002500621 0.06288194591631609 0.012756064264907252
1 0.7251040827699885 0.6451693429656415 0.04881944591631591 0.012346887305303155
1 0.7119022222403679 0.46335104163285806 0.053506945916316086 0.012483279625171128
1 0.5795038621740832 0.8059440554229116 0.05992063702330856 0.01735263605166182
1 0.7052405383897693 0.2957998287798766 0.05356150961864685 0.014045779625171128
1 0.599610520248784 0.7228504105957612 0.06142857332097762 0.015835600158284537
1 0.7223486158022803 0.7240755929656416 0.050709328130301046 0.021767351411925873
1 0.6544741573569106 0.3834756735278848 0.059811509618646855 0.014227636051661819
1 0.4480256836809624 0.8310540525199176 0.07096726442797027 0.020795884798020838
1 0.542685908453219 0.7853216668639673 0.06940476442797028 0.020750420691398118
1 0.2757141740623156 0.8385530007914228 0.09456845553496285 0.02616534639736088
1 0.4677430275899962 0.22163358841329509 0.08190476442797028 0.0211141335443795
