2 0.7225886459730987 0.6655314920049682 0.025327548620519023 0.0063954457452737755
1 0.6729837143813213 0.5540672720591975 0.034948210085908114 0.011137487899751618
2 0.6327814382620396 0.5027229406771083 0.034866322930778536 0.009574987899751619
1 0.5865947557657512 0.3670126996540988 0.03642882293077854 0.00958407825883123
0 0.5827925678423959 0.08569906714054146 0.03971759724103805 0.012727258976990452
1 0.49580598145549165 0.3644149404807166 0.042678822930778536 0.009620439695149674
1 0.5807608355939347 0.3451649707313376 0.03955382293077854 0.009602258976990453
1 0.6324428443003619 0.36205703406125006 0.028616322930778537 0.009538626463433175
1 0.6130078488229177 0.4833007749860638 0.034866322930778536 0.009574987899751619
1 0.6128363511977669 0.33091157319066566 0.034866322930778536 0.009574987899751619
1 0.6047649016273082 0.385662705704223 0.034866322930778536 0.009574987899751619
1 0.6367385979184066 0.45893657924078984 0.0332219357756486 0.008003397540672096
1 0.5669107767966504 0.4984172357584523 0.03971759724103805 0.01272725897699054
1 0.39141837460351525 0.31109956382089177 0.05378009724103805 0.01280907220870695
1 0.3549818283578454 0.15266944028432486 0.05065509724103805 0.01279089149054773
1 0.5495041915414 0.37504336827200957 0.03790943577564878 0.008030668617910842
1 0.3936237630018404 0.5619444463344492 0.05369821008590829 0.01124657220870695
1 0.4876979895960921 0.5824973199692118 0.04128009724103805 0.012736349336070063
1 0.5275672365438744 0.28451836222188537 0.04440509724103805 0.012754530054229284
0 0.5600078380803255 0.8438751815037261 0.041116322930778534 0.009611349336070062
1 0.6046851729968916 0.7420217900131784 0.034866322930778536 0.009574987899751619
2 0.3321994255988835 0.16530579567051915 0.05706887155129756 0.01595225292686626
1 0.419358588873295 0.21793991628021975 0.03971759724103805 0.012727258976990452
1 0.5247918758467106 0.5596183561717611 0.04588571008590812 0.011201120413308984
1 0.6520969250330566 0.3642871545727548 0.034866322930778536 0.009574987899751619
