2 0.3046875 0.19490740740740742 0.010416666666666666 0.03425925925925926
1 0.5697916666666667 0.23287037037037037 0.010416666666666666 0.041666666666666664
1 0.3580729166666667 0.2518518518518518 0.0109375 0.044444444444444446
1 0.37395833333333334 0.31157407407407406 0.010416666666666666 0.05277777777777778
1 0.63828125 0.28055555555555556 0.016145833333333335 0.05185185185185185
1 0.6908854166666667 0.6208333333333333 0.0234375 0.0824074074074074
1 0.3731770833333333 0.39675925925925926 0.013020833333333334 0.049074074074074076
1 0.5778645833333333 0.31712962962962965 0.011979166666666667 0.05462962962962963
1 0.4549479166666667 0.29583333333333334 0.011979166666666667 0.05277777777777778
1 0.3026041666666667 0.5435185185185185 0.01875 0.07592592592592592
1 0.27421875 0.30972222222222223 0.011979166666666667 0.058333333333333334
1 0.4041666666666667 0.36574074074074076 0.013541666666666667 0.05925925925925926
1 0.25390625 0.3143518518518518 0.013020833333333334 0.05092592592592592
2 0.3731770833333333 0.44583333333333336 0.0140625 0.06944444444444445
1 0.6557291666666667 0.3162037037037037 0.0125 0.058333333333333334
1 0.22786458333333334 0.36712962962962964 0.013020833333333334 0.06388888888888888
1 0.62265625 0.38472222222222224 0.013020833333333334 0.06574074074074074
1 0.25755208333333335 0.6685185185185185 0.0265625 0.08703703703703704
1 0.5893229166666667 0.5712962962962963 0.0234375 0.07222222222222222
1 0.8299479166666667 0.33240740740740743 0.0140625 0.05555555555555555
1 0.4348958333333333 0.8013888888888889 0.036458333333333336 0.09907407407407408
1 0.24765625 0.47962962962962963 0.0140625 0.07037037037037037
