2 0.66640625 0.209375 0.01015625 0.0359375
1 0.4390625 0.2171875 0.015625 0.03984375
2 0.41015625 0.309375 0.01015625 0.05703125
1 0.3078125 0.2671875 0.009375 0.04296875
1 0.3265625 0.28828125 0.009375 0.05078125
1 0.47265625 0.303125 0.01015625 0.0484375
1 0.5375 0.4359375 0.01796875 0.06875
1 0.60625 0.2921875 0.0171875 0.04921875
1 0.4109375 0.3640625 0.0109375 0.05859375
1 0.240625 0.35 0.01484375 0.05859375
1 0.51640625 0.35625 0.0125 0.05859375
1 0.5453125 0.496875 0.015625 0.07578125
1 0.5640625 0.3875 0.01328125 0.06484375
1 0.27265625 0.3140625 0.0125 0.0546875
1 0.1515625 0.6359375 0.0171875 0.0765625
1 0.1671875 0.603125 0.015625 0.0734375
1 0.50234375 0.6640625 0.01875 0.078125
1 0.153125 0.46171875 0.015625 0.071875
1 0.709375 0.39765625 0.0140625 0.0625
1 0.53359375 0.63828125 0.015625 0.08828125
1 0.3515625 0.4578125 0.015625 0.0640625
1 0.215625 0.365625 0.0125 0.0625
