1 0.18023937346135366 0.5988091629605701 0.04413200197716636 0.009629530054229285
2 0.17840093673067683 0.29889097619228666 0.037945668973360734 0.011155668617910841
1 0.20564523315690497 0.47369098829253503 0.03800933596955518 0.01271816861791084
2 0.39486424205415355 0.43041264520298095 0.06294566897336082 0.011301114363184794
1 0.24913524798565262 0.403142138956465 0.047257001977166355 0.009647710772388508
1 0.2351470493547966 0.554750090751863 0.04751166996194396 0.015897710772388506
1 0.2884762736888151 0.2810671510567134 0.05669566897336074 0.011264752926866262
1 0.24902386555268827 0.6359000968019872 0.05044566897336074 0.011228391490547907
1 0.24874792882201144 0.3359728196746242 0.05369800296574949 0.01437157220870695
1 0.23740327464021727 0.6718966841360048 0.05682300296574949 0.01438975292686635
1 0.2753515325860637 0.2389660094679698 0.05376166996194396 0.01593407220870695
1 0.24340521832815737 0.543767138956465 0.05044566897336074 0.011228391490547728
1 0.31765443771926 0.29339443423420064 0.055196835969555116 0.01281816256778665
1 0.29156419262499483 0.6653330667477579 0.05050933596955511 0.012790891490547907
1 0.29703157851800027 0.4161415878249969 0.05669566897336074 0.01126475292686635
1 0.3470355315974805 0.24323535295030735 0.056886669961943956 0.015952252926866174
1 0.5176146284414506 0.17819563934924845 0.07101283695813834 0.017596566158582804
1 0.2537564920169725 0.8264523739293503 0.05376166996194396 0.01593407220870695
1 0.424905863612703 0.24903083499632644 0.06769683596955507 0.01289088544042354
1 0.4749550127772192 0.7267513140172834 0.06945033695813833 0.01758747579950324
1 0.7065497944490617 0.1802207059006147 0.09314250494291584 0.023973831185697448
1 0.3744244080617648 0.433655819871016 0.04413200197716636 0.009629530054229285
