1 0.2825211575678068 0.35444605536065776 0.03804603157003115 0.01090300790866543
2 0.28981480198143394 0.6937804693911026 0.0413530420933748 0.014155341901054186
1 0.419157336605824 0.2649272520143474 0.0413530420933748 0.014155341901054186
0 0.4392280569607571 0.9955870378133064 0.04751203683170289 0.008825924373387296
1 0.3552599785297896 0.4524962361970166 0.04585853157003106 0.011221342889637321
1 0.32325257338105723 0.33116506425790637 0.041171031570031144 0.011030341901054185
1 0.3756312046405047 0.6684395711779885 0.04475105787839038 0.018970175893442943
1 0.37209886803468073 0.42044774015134934 0.05367103157003115 0.011539677870609211
1 0.38990945236260466 0.29802891209045956 0.0507280420933748 0.014537343878220543
1 0.31492194681858415 0.5895850593149905 0.03675654735504663 0.015526840912471052
1 0.3951429839326358 0.30759491307904274 0.05081904735504654 0.016099843878220544
1 0.45509483660582395 0.2663915929268184 0.0507280420933748 0.014537343878220543
2 0.4048343152767879 0.5542789120904595 0.04925654735504672 0.016036176882026076
1 0.40236176266006946 0.5385902450942652 0.044387036831702885 0.012720175893442941
1 0.40758134172632154 0.4140995810638203 0.045949536831702886 0.01278384288963732
1 0.49010687343752696 0.27872976684309503 0.06341005261671846 0.01817167984777566
1 0.6957631521649607 0.5178108073750052 0.08206904735504672 0.017373183802108373
2 0.7861264867752332 0.10217783159529295 0.09520608418674961 0.028820019771663485
1 0.490666857511337 0.42216143186212307 0.05688703683170289 0.013229511862998145
1 0.7542688129988878 0.19752482368662755 0.0807795631400623 0.021997016805913948
1 0.6207506577089811 0.2201426285158127 0.06689907366340578 0.024549013840164412
1 0.47667703612583134 0.7707607579458464 0.057342063140062294 0.021042011862997968
1 0.5535154680064458 0.45745694471370435 0.0651545631400623 0.021360346843970035
1 0.45771566254713003 0.6593139219762912 0.054399073663405774 0.024039677870609212
