2 0.5679537538575113 0.2936984515688461 0.01127746144333699 0.03028827729789594
1 0.7438282341177546 0.46264511797711527 0.019429922886674333 0.06037629549649317
1 0.8006103578073077 0.5313939204134389 0.01822836829088246 0.041626295496493174
1 0.500818713759689 0.4109872786821719 0.015103368290882458 0.041426036397194645
0 0.822543519435215 0.43395771590993204 0.01822836829088246 0.041626295496493174
1 0.6621066671834616 0.41583187229605195 0.019690738741233105 0.04016392504614252
1 0.492835035474344 0.36419262183462664 0.016665868290882457 0.041526165946843906
1 0.6454407988925792 0.4555557063492081 0.015503886489479512 0.04767603639719446
2 0.6391116533038009 0.5053554472499094 0.012779404688076923 0.05372577729789594
1 0.3794944262827602 0.3945834238095248 0.015904404688076922 0.05392603639719455
1 0.7561384669988914 0.4908900339239592 0.015604016039128865 0.049238536397194645
1 0.11038587600590502 0.4808866594684389 0.015904404688076922 0.05392603639719447
1 0.4954722748338858 0.5188999082318212 0.014542163787375629 0.05695090684754511
1 0.142877003396086 0.43903912091177605 0.015904404688076922 0.05392603639719447
2 0.01071474668696836 0.8211926819859728 0.02142949337393672 0.08547642504614253
1 0.578814503396086 0.46697526526393657 0.016866127390180986 0.04465116594684382
1 0.46641463294573526 0.4582034376891855 0.020391645588778217 0.051101425046142526
1 0.17828477483388577 0.498573609653009 0.014341904688076923 0.05382590684754511
1 0.3529960757290498 0.5999823226375056 0.017867422886674155 0.06027616594684382
1 0.385536070330379 0.49616571020671946 0.020591904688076923 0.05422642504614252
1 0.21976087600590502 0.48789572794389147 0.01902940468807692 0.05412629549649317
1 0.1535572802325566 0.6028908698320418 0.02003070018457014 0.06975129549649317
1 0.8012111351052036 0.5220189204134389 0.02604086829088246 0.04212694324473994
