2 0.4036899644346394 0.27076394482000765 0.010757717535011225 0.03001488221398514
1 0.21043861642050068 0.4213021142426358 0.018390435070022627 0.05992063702330856
1 0.14648097022560763 0.4840178798517324 0.017517139784752268 0.041170637023308566
1 0.45742493238393545 0.3939311155085802 0.014392139784752267 0.04106150961864685
0 0.13544077047327666 0.38503474282842387 0.017517139784752268 0.041170637023308566
1 0.29674214350880596 0.382842304168502 0.019006865177646402 0.03966270072563942
1 0.47050928329355823 0.34821931142489615 0.015954639784752266 0.041116073320977706
1 0.30891250372405366 0.4239583774894797 0.01468323821317572 0.04731150961864685
2 0.3097087162966662 0.4740675048941414 0.011849336641599173 0.05345238221398514
1 0.5797001927230176 0.3895933342903869 0.014974336641598996 0.05356150961864685
1 0.1951025607961482 0.4481547909216581 0.014756012820281583 0.04887400961864685
1 0.8373970686540311 0.5018850362819707 0.014974336641598996 0.05356150961864685
1 0.4508409844936313 0.5016890518062492 0.013557385855810723 0.05663194591631608
1 0.809747257652995 0.45709832593768446 0.014974336641598996 0.05356150961864685
2 0.8994388804836365 0.8499257213985135 0.02111732878371626 0.08497520072563916
1 0.37380975765299507 0.44187505298737567 0.016100188998963993 0.04424107332097762
1 0.4863825322601009 0.44424113955519734 0.019516287427387445 0.05060020072563951
1 0.7680284844936314 0.5127654833794131 0.013411836641598996 0.053506945916316086
1 0.5833751945850445 0.5963071257601993 0.01682793507002245 0.05986607332097762
1 0.5625062305646898 0.48993807467174016 0.01966183664159917 0.05372520072563951
1 0.7280220686540311 0.4980655771188108 0.018099336641599174 0.053670637023308564
1 0.7810849485139858 0.618861715956218 0.01882708271265763 0.06929563702330857
1 0.1469176178682428 0.4746428798517325 0.025329639784752268 0.04144345553496294
