2 0.3373416286628285 0.8235417152384276 0.01055706677218975 0.04095238221398532
1 0.6437400443396616 0.7216270734906137 0.01873327962517113 0.05372520072563951
1 0.5534500134608491 0.760704442457755 0.012255959092057723 0.045694445916316086
1 0.3377006444979461 0.6499405241314351 0.02011392319868044 0.04752976442797028
1 0.621581551003579 0.6230978042533201 0.015971992478152685 0.06611607332097762
1 0.3126802609535667 0.7303993504476377 0.013863923198680439 0.04731150961864685
1 0.5245260092377071 0.4109028498994835 0.027455061757624754 0.0852480192372937
1 0.6248489550019297 0.5645586179556509 0.017716348904643197 0.07242063702330856
1 0.28600175217807805 0.6528274219545169 0.015881064264907253 0.06299107332097761
1 0.4220040659807669 0.27906751814098535 0.027455061757624754 0.0852480192372937
1 0.4197857187919832 0.6778324003549705 0.01735263605166182 0.05992063702330856
1 0.3881973673135504 0.25833586668970654 0.027636918184115445 0.0914980192372937
1 0.44350332977082046 0.40025303737827905 0.02285848997087019 0.08820932813030105
1 0.6641722162847008 0.664469337918584 0.01436402837152997 0.06449900961864685
1 0.26669782271119147 0.6443328756753812 0.01744356426490725 0.06304563702330857
1 0.874501962523777 0.6389683740309187 0.01744356426490725 0.06304563702330857
2 0.3588518819615338 0.54119300670824 0.017716348904643374 0.07242063702330856
1 0.49112717286947605 0.5911707032575281 0.01918792069139812 0.06935020072563951
1 0.3962980576674967 0.5174752537130151 0.02387542069139794 0.06951389183263199
1 0.8357650376092369 0.357643962960993 0.026210810503983595 0.09613095553496276
1 0.23997384982908015 0.5683234471822602 0.028699313011266003 0.07436508293962447
1 0.6226740042231421 0.3705357994439966 0.02433006175762493 0.08513889183263199
