2 0.19649866542008693 0.6324602920179665 0.04073408800127272 0.01079365626060227
1 0.30547148671227065 0.32540670545014483 0.05332499466899989 0.01904266587924912
1 0.26432032272436096 0.415942425413078 0.04543976933481808 0.01251984736759475
1 0.36999070942072326 0.6310912210592414 0.047093176002545256 0.020386911069925694
1 0.40341863804899775 0.3469964740544663 0.06578863200190899 0.016354175497895973
1 0.2890043387571322 0.6565847835804459 0.047020450668363536 0.014136911069925696
1 0.6132123560629971 0.4428372197932971 0.08466590133672706 0.02794643992586625
1 0.4619942067154524 0.34338783521705923 0.07205681333545436 0.0181349303072194
1 0.36590319342772293 0.682817412166234 0.06266363200190898 0.01624504809323426
1 0.7425736867440873 0.5446129962021669 0.08466590133672706 0.027946439925866075
1 0.3440270987428147 0.5491517402965351 0.05955681333545444 0.01769842068857237
1 0.7625049260820871 0.5783059499230312 0.09091590133672725 0.028164694735189677
1 0.6219702854073603 0.5238144012816428 0.08773635733609061 0.023368067330527965
1 0.3630658107097253 0.3046378484639032 0.06420795066836363 0.014737111795565028
1 0.373942960097041 0.7020758436545798 0.06268181333545453 0.01780754809323426
1 0.3934420120146357 0.09411701071495518 0.06268181333545444 0.01780754809323424
2 0.4791566240849507 0.6093030118960815 0.07205681333545436 0.0181349303072194
1 0.43228962006681515 0.47729160926367636 0.0689499946689999 0.019588302902557687
1 0.5037293627466327 0.5717112426587878 0.06900453866963616 0.024275802902557687
1 0.673674952020999 0.131225107997732 0.0955852200031817 0.026765885842182202
1 0.4492793147676317 0.7283630359426987 0.07376476400381797 0.030689494009550167
1 0.6558351133831796 0.3444344361280331 0.08462953866963616 0.024821439925866252
