2 0.33724840421934554 0.18994537663306024 0.01000229139585782 0.03648353157003106
1 0.5647285219140972 0.18451661105980618 0.016334112012708957 0.041535052616718506
2 0.5952439107121673 0.275020513718877 0.01035684740221221 0.056796031570031144
1 0.696851275160508 0.22687216907937086 0.010138659090609537 0.04429603157003115
1 0.6784694679363377 0.24905798221943307 0.010247753246410873 0.050546031570031145
1 0.532634816556366 0.2724107241857509 0.010220479707460584 0.048983531570031144
1 0.4701093173671449 0.4089999425451326 0.019950035713814884 0.06984206314006225
1 0.39885015178371364 0.26925417405869406 0.018060253246410873 0.05100105787839038
1 0.5954172345754293 0.3297535163497129 0.01197389448011279 0.060012036831702975
1 0.7654842727248761 0.30577144282748137 0.01666139448011279 0.06028505261671846
1 0.48981211688067744 0.32808387151256274 0.01353639448011279 0.0601030420933748
1 0.46336048538620817 0.47039246885349184 0.0169341298696164 0.07591005261671846
1 0.44270133765968434 0.3621095319935541 0.013645488635914305 0.06635304209337481
1 0.7328257313290184 0.2716995506917542 0.013454573863261743 0.055415542093374806
1 0.8595378303527884 0.586521642912186 0.018523903408566866 0.0775635578783902
1 0.8433400860348312 0.5546191955289045 0.01690685633066593 0.07434755261671847
1 0.5092475040538945 0.635077324157516 0.02011367694751698 0.0792170631400623
1 0.8549343307598253 0.41239389817385785 0.01687958279171582 0.07278505261671846
1 0.29756611566286156 0.3807292713290361 0.015153441558013547 0.06331904735504663
1 0.47754749066121394 0.6111161793909531 0.017152318181219074 0.08841005261671846
1 0.6564286469124496 0.4200453164061827 0.01674321509696384 0.06497255261671846
1 0.7907570081143795 0.3199403586407318 0.013590941558013547 0.0632280420933748
