2 0.7811726856937042 0.5918307691923104 0.04106164764263518 0.011741136803468066
1 0.6827909594722407 0.29525814803268347 0.05392552067816432 0.020281678896842868
1 0.7208303068672068 0.3818635059675436 0.04582192224974104 0.01357665258848364
1 0.6075168618723868 0.6066198532378856 0.04774829528527036 0.02148015785015538
1 0.583970315758547 0.325945976887174 0.06627997146395259 0.01788472099021767
1 0.6877116300693518 0.6245438296309495 0.047457196856846906 0.01523015785015538
1 0.37057344168956036 0.4412201793203659 0.08553939371369372 0.02991428413027979
1 0.5254493403656528 0.3277961741998684 0.07260274607105863 0.019811242036905076
1 0.6098027998378935 0.65790933745287 0.06315497146395259 0.017702710466873838
1 0.23749976840636206 0.5549326107774576 0.08553939371369372 0.029914284130279967
1 0.6363739160489972 0.5223512690511359 0.06010274607105863 0.01908319994353036
1 0.21636747705003317 0.5904451765483556 0.09178939371369373 0.03027830517696728
1 0.35897666212005575 0.5229252056287251 0.08844606989237622 0.025408794653623445
1 0.625851754757511 0.2798753427145419 0.0646446968568469 0.016231215728545755
1 0.6010806172490702 0.6778956137612292 0.06322774607105863 0.01926521046687384
1 0.6027910521096957 0.07241145320965071 0.06322774607105863 0.01926521046687395
2 0.49897876985410416 0.5950214715549149 0.07260274607105863 0.019811242036904986
1 0.5505134987616549 0.4587885689664314 0.06955052067816432 0.02119173151356133
1 0.4756889731210917 0.5597588057416646 0.06976884449948209 0.02587923151356151
1 0.3209203138965201 0.13557639504891167 0.09640411910658786 0.028988820961982763
1 0.5247342870176119 0.7111701163214781 0.0746746683207995 0.030839747298576903
1 0.33133546733012353 0.3468933266471777 0.085393844499482 0.02678928413027979
