2 0.7125414244894795 0.3424691071381496 0.025473596680652123 0.006686376623205437
1 0.6772569651561359 0.45342419804754003 0.035322193361304245 0.013100017856907443
2 0.6436641377715155 0.504332133112732 0.03508539502097818 0.009975017856907442
1 0.6149023655756987 0.6395877946389733 0.036647895020978184 0.010002291395857909
0 0.6471517162050431 0.9210287094116257 0.04000969336130424 0.013181838473758489
1 0.5245141639160247 0.6411309293798537 0.04289789502097818 0.01011138555165907
1 0.6118724539579811 0.6613809740221224 0.03977289502097818 0.01005683847375849
1 0.6613513130861877 0.6450798640380084 0.028835395020978184 0.009865923701106106
1 0.6263941273985534 0.5235361006453279 0.03508539502097818 0.009975017856907442
1 0.6457505464894482 0.6760162183400795 0.03508539502097818 0.009975017856907442
1 0.6306690755337424 0.6211378035674271 0.03508539502097818 0.009975017856907442
1 0.6532293145360802 0.5481912272685332 0.03328609668065212 0.006822744317957152
1 0.5783943352820046 0.5078741444768176 0.04000969336130424 0.013181838473758489
1 0.42703643528664903 0.6932643993480816 0.05407219336130424 0.013427300324311631
1 0.41092895105819593 0.8513672256469753 0.050947193361304245 0.013372753246410695
1 0.5768103697248835 0.6311207297041653 0.038210395020978186 0.010029564934808022
1 0.39709586847548367 0.44229223457542927 0.05407219336130416 0.013427300324311631
1 0.4884662296782828 0.42282126014297444 0.041572193361304244 0.013209112012708779
1 0.5664900215943389 0.7214457207757115 0.04469719336130425 0.013263659090609536
0 0.5272281186759764 0.1621252678536122 0.041216995850815154 0.008521612012708868
1 0.5849240647365729 0.26456052110002304 0.03508539502097818 0.009975017856907442
2 0.38654425769689177 0.8384581225627205 0.057433991701630306 0.016606847402212566
1 0.466893685911349 0.7868058936660387 0.039891294191141215 0.011619338473758489
1 0.5284642676456468 0.44614571184725776 0.04614129419114121 0.011728432629559827
1 0.6807049643309432 0.6430770332748876 0.03508539502097818 0.009975017856907442
