1 0.7234932608372338 0.3996344083169473 0.03788200197716627 0.012216580083912553
2 0.7221456891649537 0.7404253516782515 0.0411343359695552 0.015578378424238615
1 0.5851894476050917 0.2935475838321121 0.0411343359695552 0.015578378424238615
1 0.652422074069376 0.4898557439999373 0.04569450197716627 0.012808575934727706
1 0.6823244327763442 0.37143763072254565 0.041007001977166266 0.012453378424238614
1 0.6358235285945499 0.7048887481491222 0.04445033695813834 0.020502676764564676
1 0.6350090809894582 0.45562245395798107 0.05350700197716627 0.013400571785542681
1 0.6150387736888151 0.33029056723537265 0.05050933596955502 0.016288773445216797
1 0.6951932114080751 0.632588618274991 0.03651050296574958 0.0167856809137497
1 0.6099692717116488 0.33931036972488354 0.05057300296574958 0.0178512734452168
1 0.5492519476050918 0.2908244029183626 0.0505093359695552 0.016288773445216797
2 0.6045973863129349 0.5865405672353726 0.04901050296574958 0.017732874275053767
1 0.6067965562748789 0.5710339664055357 0.04419566897336082 0.014252676764564676
1 0.5993899159704302 0.44508677304423144 0.045758168973360824 0.014371075934727705
1 0.514431278631731 0.29915712117477605 0.06313666996194396 0.020360966806520952
1 0.3128210631949611 0.5158440232447241 0.08182300296574958 0.02021925684847723
2 0.21510373517125236 0.08682918423774184 0.09476867193911025 0.03210395020978143
1 0.5163864149818471 0.4434991170255912 0.05675933596955503 0.016762370125868918
1 0.24865638140720012 0.18654576432165443 0.08045150395433272 0.0247883576783142
1 0.38266662547570107 0.22491229254075598 0.06651633794672147 0.026847765146847013
1 0.5365000078343033 0.7961038987691778 0.05701400395433272 0.023012370125868743
1 0.45411190806176477 0.47169404938923326 0.06482650395433272 0.023604365976683896
1 0.5535203645641051 0.686113592130482 0.05401633794672147 0.025900571785542857
