2 0.685532990119445 0.7382340444148557 0.006831881458888844 0.025473596680652123
1 0.5727959475663894 0.6860185037481996 0.013300087005972294 0.035322193361304245
2 0.520360625378056 0.6446113311328198 0.010175087005972295 0.03508539502097818
1 0.38351393559854213 0.5952481033286366 0.01021145459715278 0.036647895020978184
0 0.10251850873680604 0.5848737526992924 0.013409189779513931 0.04000969336130424
1 0.37827961531006987 0.5043863049883106 0.01035692496187508 0.04289789502097818
1 0.36152983282500045 0.5889030149463543 0.01028418977951393 0.03977289502097818
1 0.37989927953836855 0.6409866558181476 0.010029616641249994 0.028835395020978184
1 0.5003929642838895 0.624381341505782 0.010175087005972116 0.03508539502097818
1 0.3482310522397921 0.6206499224148871 0.010175087005972295 0.03508539502097818
1 0.4026639791015283 0.613856393370593 0.010175087005972161 0.03508539502097818
1 0.4767560957427783 0.647546154368255 0.007013719414791631 0.03328609668065212
1 0.5141456865484726 0.5786311336223307 0.013409189779513931 0.04000969336130424
1 0.3220094718833336 0.39873903361768626 0.013736498100138928 0.05407219336130424
1 0.16276110524208362 0.3585965178461394 0.013663762917777822 0.050947193361304245
1 0.3904536134102088 0.5583400991794518 0.010247822188333356 0.038210395020978186
1 0.5725361487450698 0.4068046004288517 0.013736498100139017 0.0540721933613042
1 0.5957937704203129 0.5013717392260524 0.013445557370694416 0.041572193361304244
1 0.29942856990722266 0.5342854473099964 0.013518292553055566 0.04469719336130425
0 0.8588763050895839 0.579797350228359 0.008758057370694416 0.041216995850815154
1 0.7584775680073615 0.6221014041677624 0.010175087005972295 0.03508539502097818
2 0.17471559137437526 0.33610621120744355 0.016934233282500034 0.057433991701630306
1 0.22980444129812536 0.4245067829929864 0.01184668977951393 0.039891294191141215
1 0.5740285264042365 0.5379362012586887 0.011992160144236052 0.04614129419114121
1 0.3826976244281255 0.6606955045733922 0.010175087005972295 0.03508539502097818
