1 0.18373503830495136 0.5988091629605701 0.04407738221398514 0.009629530054229285
2 0.18014876915247569 0.29889097619228666 0.037881945916315996 0.011155668617910841
1 0.20841263449141983 0.47369098829253503 0.03793650961864685 0.01271816861791084
2 0.3973858544543529 0.43041264520298095 0.06288194591631609 0.011301114363184794
1 0.25149300109630834 0.403142138956465 0.047202382213985136 0.009647710772388508
1 0.2383878219702153 0.554750090751863 0.047420637023308565 0.015897710772388506
1 0.2901239698781151 0.2810671510567134 0.056631945916316 0.011264752926866262
1 0.2527380094490108 0.6359000968019872 0.05038194591631599 0.011228391490547907
1 0.2507142402965351 0.3359728196746242 0.05361607332097771 0.01437157220870695
1 0.2413267942954011 0.6718966841360048 0.05674107332097762 0.01438975292686635
1 0.27675343984104817 0.2389660094679698 0.053670637023308564 0.01593407220870695
1 0.24658226788653131 0.543767138956465 0.05038194591631599 0.011228391490547728
1 0.31937496025946827 0.29339443423420064 0.05512400961864685 0.01281816256778665
1 0.29545129910472456 0.6653330667477579 0.05043650961864685 0.012790891490547907
1 0.2994667096264961 0.4161415878249969 0.056631945916316 0.01126475292686635
1 0.34846474873405564 0.24323535295030735 0.056795637023308566 0.015952252926866174
1 0.5186706105296206 0.17819563934924845 0.07091270072563952 0.017596566158582804
1 0.2585812377646464 0.8264523739293503 0.053670637023308564 0.01593407220870695
1 0.42637149392473217 0.24903083499632644 0.06762400961864685 0.01289088544042354
1 0.4792062510114903 0.7267513140172834 0.06935020072563951 0.01758747579950324
1 0.7076239831249589 0.1802207059006147 0.09300595553496294 0.023973831185697448
1 0.37696422704969124 0.433655819871016 0.04407738221398514 0.009629530054229285
