1 0.7012083333333333 0.3280185185185185 0.015213541666666667 0.04767592592592593
1 0.8322864583333334 0.4148981481481481 0.02084375 0.05200925925925926
2 0.5997135416666667 0.35707407407407404 0.016197916666666666 0.05489814814814815
1 0.712734375 0.3477314814814815 0.017135416666666667 0.05268518518518518
1 0.6786458333333333 0.3199074074074074 0.0125 0.05092592592592592
0 0.8721354166666667 0.3611111111111111 0.0265625 0.05
1 0.6286458333333333 0.35833333333333334 0.015625 0.05185185185185185
1 0.8575520833333333 0.44583333333333336 0.0171875 0.05462962962962963
1 0.7442708333333333 0.3365740740740741 0.014583333333333334 0.05462962962962963
1 0.6763020833333333 0.40324074074074073 0.0140625 0.05462962962962963
1 0.7278645833333334 0.39490740740740743 0.013020833333333334 0.058333333333333334
1 0.8078125 0.36666666666666664 0.011458333333333333 0.05925925925925926
1 0.3802083333333333 0.2884259259259259 0.0125 0.049074074074074076
1 0.5580729166666667 0.39537037037037037 0.0140625 0.05925925925925926
1 0.09401041666666667 0.41944444444444445 0.013020833333333334 0.06296296296296296
1 0.07708333333333334 0.35324074074074074 0.0125 0.05648148148148148
1 0.1734375 0.3055555555555556 0.015625 0.05
1 0.3203125 0.48194444444444445 0.020833333333333332 0.0712962962962963
1 0.13958333333333334 0.3333333333333333 0.013541666666666667 0.05185185185185185
1 0.11041666666666666 0.40925925925925927 0.017708333333333333 0.06296296296296296
1 0.6981927083333334 0.3131481481481481 0.014624999999999999 0.04359259259259259
1 0.7194947916666667 0.3313055555555556 0.01827604166666667 0.045398148148148146
