1 0.525 0.2421875 0.0109375 0.040625
1 0.5171875 0.26015625 0.00859375 0.040625
1 0.4046875 0.30546875 0.009375 0.040625
2 0.8078125 0.22734375 0.009375 0.03828125
2 0.4421875 0.33515625 0.0109375 0.053125
1 0.3546875 0.27265625 0.0125 0.04921875
1 0.6109375 0.3375 0.01015625 0.0578125
1 0.20625 0.4328125 0.01875 0.06875
1 0.571875 0.2953125 0.0109375 0.053125
1 0.4015625 0.3421875 0.01171875 0.053125
1 0.590625 0.340625 0.009375 0.0546875
1 0.3703125 0.271875 0.01171875 0.0484375
1 0.253125 0.384375 0.0109375 0.05703125
1 0.921875 0.3890625 0.01015625 0.0625
1 0.7859375 0.28515625 0.0140625 0.0484375
1 0.21171875 0.55625 0.01953125 0.07265625
1 0.23515625 0.44296875 0.0171875 0.05703125
1 0.290625 0.346875 0.01796875 0.0609375
1 0.4640625 0.42421875 0.021875 0.0609375
1 0.3109375 0.70625 0.02109375 0.084375
1 0.765625 0.375 0.015625 0.05859375
1 0.7875 0.56015625 0.01875 0.0796875
