2 0.6421875 0.22679306834201823 0.00625 0.028343254809323426
1 0.4953125 0.27489080636111873 0.009375 0.04095238221398514
1 0.33125 0.31968249510585856 0.0109375 0.037881945916315996
2 0.44375 0.34153515853803695 0.009375 0.047202382213985136
1 0.3109375 0.3235168232361597 0.0109375 0.045694445916315996
1 0.390625 0.3910465744172861 0.009375 0.05032738221398514
1 0.628125 0.662440391662996 0.021875 0.066388891832632
1 0.275 0.3716467883897694 0.009375 0.05032738221398514
1 0.409375 0.3825793099893158 0.015625 0.05054563702330857
1 0.5453125 0.40908226788653135 0.0140625 0.05361607332097766
1 0.2390625 0.41977675354337907 0.0125 0.05668650961864685
1 0.2859375 0.37673359247345334 0.0125 0.05043650961864685
2 0.0484375 0.7334647752277434 0.021875 0.078888891832632
1 0.3578125 0.689067412166234 0.021875 0.078888891832632
1 0.690625 0.3532265935697617 0.0109375 0.05038194591631599
1 0.5609375 0.5085366308632228 0.0109375 0.06600694591631609
1 0.5953125 0.4268674794119439 0.0125 0.05356150961864685
1 0.371875 0.5417013388452563 0.0171875 0.0662252007256395
1 0.9390625 0.4492384648991557 0.0140625 0.05674107332097762
1 0.3546875 0.41573903957089575 0.0125 0.05356150961864685
1 0.14453125 0.6301091075343959 0.015625 0.06773313702330856
1 0.171875 0.5111854927436059 0.015625 0.061483137023308564
1 0.5125 0.5867906056354792 0.0171875 0.06935020072563951
1 0.2234375 0.6601661405666877 0.021875 0.07263889183263199
