2 0.3000059650739969 0.7815996618182103 0.011137487899751618 0.03520379419114121
1 0.5658491336919077 0.7239718028904962 0.011182939695149585 0.04301629419114121
1 0.3534582180008631 0.7213240900326674 0.011192030054229285 0.04457879419114121
1 0.3694331968254284 0.6599838483310373 0.01124657220870704 0.05395379419114121
1 0.634095139643836 0.6711651889884047 0.01593407220870695 0.0543089917016303
1 0.6884160427436529 0.3273550667879434 0.023919289031219648 0.08458848755244537
1 0.3699286213952676 0.5748275983310374 0.01279089149054773 0.050947193361304245
1 0.574152513082207 0.6390048070396811 0.01281816256778665 0.05563469336130424
1 0.45058774805509233 0.6702333414825601 0.01280907220870695 0.05407219336130424
1 0.3004706151487516 0.4332805609883733 0.019186337235821683 0.07642079004195637
1 0.27020081128680895 0.6698459456363893 0.012845433645025484 0.06032219336130425
1 0.40099681421367517 0.6037096149277767 0.014407933645025572 0.060440592531467274
1 0.24991558236404784 0.6666976348485086 0.01435339149054773 0.05106559253146727
2 0.3702104225267357 0.5263900983310373 0.01446247579950315 0.06981559253146727
1 0.6522684227231274 0.6346473485315298 0.012845433645025394 0.06032219336130425
1 0.2244434045727548 0.6155262211561985 0.012872704722264317 0.06500969336130424
1 0.6190746485226306 0.568442930690035 0.012881795081344016 0.06657219336130424
1 0.2558853438751211 0.311714136923101 0.02707156010845857 0.08951278589277142
1 0.5865717416121847 0.38348851284853996 0.02385565651766246 0.07365098755244537
1 0.8258059166730032 0.6043175406434342 0.01438975292686635 0.05731559253146727
1 0.43322052439688863 0.16552253069467934 0.038081782981095456 0.10284158008391256
1 0.24462916042648733 0.5015462315291608 0.01447156615858276 0.07137809253146728
