2 0.415625 0.25625 0.00859375 0.0296875
1 0.2296875 0.41328125 0.01640625 0.05859375
1 0.16875 0.478125 0.01640625 0.04140625
1 0.475 0.37734375 0.0125 0.04140625
0 0.153125 0.3796875 0.015625 0.04140625
1 0.3140625 0.371875 0.0171875 0.0390625
1 0.4859375 0.33125 0.0140625 0.03984375
1 0.328125 0.4125 0.0125 0.046875
2 0.33125 0.4625 0.009375 0.05234375
1 0.596875 0.36875 0.01328125 0.053125
1 0.215625 0.440625 0.0125 0.0484375
1 0.859375 0.471875 0.0125 0.05234375
1 0.4734375 0.48515625 0.0109375 0.05546875
1 0.8296875 0.428125 0.0125 0.05234375
2 0.9375 0.8171875 0.0171875 0.084375
1 0.39375 0.428125 0.0140625 0.04375
1 0.50625 0.4265625 0.0171875 0.05
1 0.790625 0.48515625 0.0109375 0.05390625
1 0.61015625 0.575 0.0140625 0.059375
1 0.584375 0.46953125 0.0171875 0.05390625
1 0.75 0.471875 0.01484375 0.05390625
1 0.80859375 0.590625 0.015625 0.06796875
1 0.16875 0.46875 0.0234375 0.04140625
