2 0.735834170024791 0.6290825645343616 0.0282704703647223 0.006740923701106105
1 0.6962839735957636 0.48295758685549595 0.040843205547083275 0.010084112012708956
1 0.6610400706697219 0.31957692532925447 0.037754573138263935 0.011592064934808199
2 0.6326403541047219 0.43252693872193504 0.047093205547083274 0.010193206168510115
1 0.6583878493550692 0.29931897240715516 0.045567073138263935 0.011728432629559827
1 0.5862206022048608 0.3802337816599205 0.05021820554708327 0.010247753246410873
1 0.30100522834541615 0.6226157451320313 0.06613414627652778 0.023020488635914306
1 0.612349303952222 0.2641996785756654 0.05021820554708327 0.010247753246410873
1 0.593596691110694 0.39884741396516876 0.05036367591180557 0.016497753246410875
1 0.5591827106779856 0.5353303847441756 0.053452308320624906 0.01498980032431163
1 0.5663107585493747 0.22908038474417552 0.05654094072944442 0.01348184740221221
1 0.606625980813958 0.27523263596199155 0.0502909407294446 0.013372753246410874
2 0.2637163546734027 0.04381463514791737 0.07863414627652787 0.023238676947517002
1 0.2901093216196525 0.35260325406048504 0.07863414627652787 0.023238676947516978
1 0.6065817746981939 0.6797564947282895 0.05025457313826394 0.011810253246410874
1 0.4588190347661801 0.5527008912369974 0.06587957313826394 0.012082988635914305
1 0.5384876977602079 0.5856713039810548 0.053415940729444424 0.013427300324311631
1 0.4366570132990274 0.3641020413991531 0.06602504350298624 0.018332988635914305
1 0.49611182770048534 0.9300213218379623 0.05657730832062491 0.015044347402212211
1 0.5636195568020136 0.34470538474417556 0.053415940729444424 0.013427300324311543
1 0.3614797478157985 0.1381628786550956 0.06755117591180557 0.016797762174864596
1 0.47881206497013873 0.16344747646434493 0.061301175911805575 0.016688668019063258
1 0.3833839300927774 0.505599794645564 0.06915004350298606 0.018387535713814886
1 0.32683068446118035 0.21764187297305276 0.07238414627652778 0.02312958279171564
