1 0.43087297105417716 0.7960020469969258 0.013955492142117087 0.03168650961864685
2 0.738212436107989 0.8169073463561045 0.011631012820281584 0.04876488221398532
1 0.28934044251812985 0.776974250084818 0.021224336641599173 0.05377976442797028
1 0.30403864330391817 0.7806176052569611 0.01780823821317572 0.047420637023308385
1 0.48153009657090584 0.7500372717691824 0.015047111248705036 0.05512400961864685
2 0.4207402998378935 0.7111359736759482 0.02151543507002245 0.06002976442797028
1 0.7222642584815646 0.7560963319281342 0.016827935070022625 0.05986607332097762
1 0.39432334905210514 0.7070833907363236 0.0182448858558109 0.056795637023308566
1 0.6260293831697237 0.4029489953603126 0.022970927212139714 0.09127976442797028
1 0.5893811379272347 0.7193726035276806 0.016973484284234175 0.06299107332097761
1 0.7758687555860805 0.6468503067003908 0.020389582712657627 0.06935020072563951
1 0.6252501714256807 0.6548934412766286 0.017264582712657628 0.06924107332097762
1 0.5293940159251627 0.6296354917321155 0.018754308105551943 0.06773313702330856
1 0.19367268569370433 0.6468651094333124 0.020389582712657717 0.06935020072563951
1 0.6042549288692788 0.534434608337004 0.01755568114108108 0.07549107332097763
1 0.17651941894448134 0.6791319724100038 0.017264582712657718 0.06924107332097762
1 0.3535228746926683 0.6086260433687288 0.023514582712657717 0.06945932813030105
1 0.15297921919215035 0.5797123257680484 0.022097631926869442 0.07252976442797028
1 0.11335175475751096 0.3216617235911302 0.026095927212139713 0.09138889183263199
1 0.42584960070473504 0.3662227777596322 0.027367328783716262 0.08519345553496276
1 0.0899441799027361 0.4210069591631599 0.02253427956950458 0.08190476442797028
1 0.47653007341154197 0.8069866762156861 0.01624573821317572 0.04736607332097762
