1 0.6046269927715254 0.8057855389569305 0.009629530054229285 0.043913641233702096
2 0.304708806003242 0.8146115194784652 0.011155668617910841 0.03769091477265256
1 0.47950881810349044 0.7832911558409034 0.01271816861791084 0.037718188311602674
2 0.4362304750139362 0.5950547702892441 0.011301114363184794 0.06269091477265239
1 0.40895996876742036 0.7414388465881381 0.009647710772388508 0.04703864123370209
1 0.5605679205628185 0.751896879866321 0.015897710772388506 0.04714773538950343
1 0.2868849808676687 0.7049365105500115 0.011264752926866262 0.05644091477265238
1 0.6417179266129426 0.7361276038917387 0.011228391490547728 0.05019091477265238
1 0.3417906494855796 0.7433910844132734 0.01437157220870695 0.05337046185055314
1 0.6777145139469601 0.7469111452875966 0.01438975292686635 0.05649546185055314
1 0.24478383927892508 0.7190438749983523 0.01593407220870695 0.05339773538950343
1 0.5495849687674204 0.7438934650936686 0.011228391490547907 0.05019091477265238
1 0.29921226404515605 0.6754671988616142 0.01281816256778665 0.054905688311602675
1 0.6711508965587133 0.6928958011317952 0.01279089149054773 0.05021818831160267
1 0.4219594176359521 0.6932331716692159 0.01126475292686635 0.05644091477265238
1 0.2490531827612627 0.6472506956152033 0.015952252926866174 0.056522735389503254
1 0.18401346916020378 0.47816373051823946 0.01759656615858276 0.07061250892845372
1 0.8322702037403056 0.7269549756436802 0.01593407220870695 0.05339773538950343
1 0.2548486648072818 0.5692347897710047 0.01289088544042354 0.06740568831160268
1 0.7325691438282388 0.5080492426898088 0.01758747579950324 0.06905000892845373
1 0.18603853571157006 0.28915577759614014 0.023973831185697448 0.09259660308425506
1 0.4394736496819712 0.6154218173671449 0.009629530054229462 0.043913641233702096
