1 0.7515067391627662 0.3780996145539647 0.03788200197716627 0.01112159057054054
2 0.7778543108350463 0.7185255614108115 0.0411343359695552 0.014392139784752445
1 0.6054355523949082 0.27616462530733166 0.0411343359695552 0.014392139784752267
1 0.6882029259306239 0.47028280644841286 0.04569450197716627 0.011485463606069857
1 0.7083005672236558 0.35113470016210657 0.041007001977166266 0.011267139784752267
1 0.68917647140545 0.6855439334128836 0.04445033695813834 0.019225188998963992
1 0.6681159190105419 0.4365970111631425 0.05350700197716627 0.011849336641598995
1 0.638086226311185 0.3119951174494488 0.05050933596955502 0.014828787427387446
1 0.7423067885919249 0.6116013192686944 0.03651050296574958 0.015736315963434677
1 0.6337807282883512 0.3211517936281313 0.05057300296574958 0.016391287427387446
1 0.5694980523949082 0.27449080934389697 0.0505093359695552 0.014828787427387446
2 0.648527613687065 0.5682451174494488 0.04901050296574958 0.016318512820281583
1 0.6494534437251211 0.5526928920565547 0.04419566897336082 0.01297518899896417
1 0.6318600840295698 0.4271106951997078 0.045758168973360824 0.013047963606069857
1 0.5355687213682689 0.2838272679875681 0.06313666996194396 0.018535984284234353
1 0.3528039368050389 0.5061259913135476 0.08182300296574958 0.017846779569504534
2 0.22083376482874764 0.0804645576912671 0.09476867193911025 0.02936647642635144
1 0.5492385850181529 0.42794114102309744 0.05675933596955503 0.015119885855810722
1 0.2622811185927999 0.1790861482618077 0.08045150395433272 0.022461504962398716
1 0.39858337452429893 0.21350615177646434 0.06651633794672147 0.02493153349844599
1 0.5978749921656967 0.7795421823794262 0.05701400395433272 0.0213698858558109
1 0.4896380919382352 0.4579154313459689 0.06482650395433272 0.021733758891340216
1 0.6058546354358949 0.6691868792362732 0.05401633794672147 0.024349336641598995
