2 0.3403854273359533 0.27423943739853734 0.008216691585911207 0.028562042574646895
1 0.4842557596352556 0.32747868790274043 0.012215776735204997 0.04128056386197034
1 0.6455867435437123 0.3780135554872226 0.013559755447881728 0.03826482450563216
2 0.5312839429232936 0.39592803914357766 0.01265281930985207 0.04753056386197034
1 0.6656807222563887 0.3825589438548252 0.014106058666190257 0.04607732450563216
1 0.5810764932916106 0.44729915102807666 0.012871340597175518 0.05065556386197034
1 0.32401883807616005 0.710379033191493 0.026463947033792935 0.0671546490112643
1 0.6983404029465367 0.431946938659045 0.012871340597175518 0.05065556386197052
1 0.5628727965099193 0.4381755233041359 0.017558840597175517 0.0509833457929556
1 0.42475008363668465 0.4599198473055649 0.017777361884499143 0.054108345792955606
1 0.7310000836366847 0.48133493346326495 0.016433383171822413 0.05712408514929379
1 0.6870204906937205 0.4366508641534129 0.014433840597175517 0.050764824505632154
2 0.9001553671571537 0.8016959819899967 0.027338032183086725 0.07965464901126432
1 0.593129470995881 0.7464686245449731 0.027338032183086725 0.07965464901126432
1 0.282988554555691 0.39897735744502355 0.012871340597175518 0.05065556386197034
1 0.4021324024423336 0.5588272408689475 0.01708894703379289 0.06649908514929379
1 0.37338432559091295 0.4759547567083894 0.016214861884498964 0.05399908514929379
1 0.5893374715000841 0.5986102787520174 0.021776447033792935 0.06682686708027923
1 0.027230591430354743 0.4862924151028077 0.017995883171822456 0.0572333457929556
1 0.6153750836366847 0.47324964583229656 0.016214861884499145 0.05399908514929397
1 0.8110542983515046 0.6949764524048 0.020323207677454748 0.06828010643661742
1 0.7919597269479657 0.5750956411407195 0.019886165102807673 0.06203010643661742
1 0.4452161309029085 0.6387768208224613 0.02199496832111638 0.06995186708027905
1 0.7298535748346083 0.7222712898998823 0.02690098960843983 0.07340464901126431
