2 0.603557827923747 0.2720593221641785 0.011482970779006863 0.03175942224974104
1 0.4924140020318902 0.41309523697032147 0.019513659090609536 0.044623295285270356
1 0.8043821680223585 0.45811890839149283 0.019704573863262097 0.05556079528527036
1 0.1326747633959759 0.46201846463952717 0.015098894480112923 0.060029971463952767
1 0.8261656647759477 0.5091741401945278 0.02592730032431163 0.05428939371369381
1 0.6788191063339613 0.4397605525194714 0.019622753246410874 0.05087329528527036
1 0.15223546672511232 0.640417446442562 0.01693412986961631 0.07572774607105863
1 0.44131119805413055 0.3395635376322752 0.01625229139585791 0.03666524607105863
1 0.6650117508140742 0.3796941937519658 0.01943183847375849 0.03993579528527036
1 0.2584520592560606 0.42330918320799577 0.01501707386326192 0.05534247146395277
1 0.44853158847705377 0.4634376852749103 0.01967730032431163 0.05399829528527036
1 0.35943390665827285 0.3717167580627706 0.019568206168510204 0.04774829528527027
1 0.7902008912369973 0.5090628242310931 0.0260091209411625 0.058976893713693815
1 0.5108952207823021 0.47416116955914467 0.016497753246410875 0.050727746071058635
2 0.6243304293864442 0.5154112158778723 0.02598184740221221 0.05741439371369381
1 0.30911453247069937 0.477273245242489 0.01348184740221221 0.05683219685684691
1 0.4363122321463878 0.5363657630251695 0.019759120941162677 0.05868579528527036
1 0.33161900365674324 0.6214063889561828 0.02296594155801355 0.06351884449948209
1 0.2820611087695933 0.5041610769216895 0.01978639448011297 0.060248295285270356
1 0.7966224407505299 0.5891141972666224 0.018332988635914305 0.0664255206781645
1 0.8150724318220762 0.6071749925518928 0.023020488635914306 0.06664384449948209
1 0.3266099496789837 0.5500215405277593 0.02285684740221221 0.05726884449948209
