2 0.15039630012919689 0.81371099295103 0.016866127390180986 0.044815592531467274
1 0.44749134562569015 0.8205226356969231 0.012178627390180986 0.044460395020978184
1 0.40049642967884624 0.8310923601771141 0.014341904688076923 0.05395379419114121
1 0.5454084114802489 0.8483534830022752 0.015704145588778216 0.050947193361304245
1 0.37882049121446837 0.765076273869424 0.014341904688076923 0.05395379419114121
2 0.5196853231081562 0.7474888000139333 0.019429922886674156 0.0605589917016303
1 0.5095290731081562 0.7467192054078735 0.016304922886674157 0.06032219336130425
1 0.5763172524732354 0.819293867650291 0.01882914558877822 0.05118399170163031
1 0.3674009322997399 0.6982672821677938 0.022955441085271477 0.06704579004195636
1 0.18893716842007927 0.7758091738647795 0.01902940468807692 0.0543089917016303
1 0.7408977914913236 0.6888870850815121 0.018468200184570092 0.06981559253146727
1 0.29955329581026024 0.7402287166060283 0.016304922886674244 0.06032219336130425
1 0.7819128177094854 0.6613783143355876 0.0233559592838688 0.07329579004195637
1 0.152596755094129 0.656868997100215 0.01680557063492083 0.06813469336130425
1 0.4163192936507919 0.706684356027929 0.019830441085271388 0.06680899170163031
1 0.5374724028423756 0.6781826929603189 0.016605311535622214 0.06500969336130424
1 0.7163192936507918 0.7294169966992297 0.019830441085271388 0.06680899170163031
1 0.31425375077519235 0.5843339141165174 0.021893588833518062 0.07473989087179334
1 0.8746882078995928 0.5121847203542279 0.02531897748246621 0.0796641892121194
1 0.5758001249261708 0.4966017288530903 0.02535855027685514 0.10454579004195637
1 0.35356417952196273 0.46092064751977785 0.03196949568106335 0.08638778589277152
1 0.8997067967331109 0.4402864095663471 0.027382125230712616 0.08759508838228239
