1 0.75625 0.453125 0.0078125 0.03828125
1 0.1359375 0.70703125 0.01640625 0.0359375
1 0.8453125 0.540625 0.02109375 0.025
1 0.7671875 0.4359375 0.00625 0.03828125
1 0.7359375 0.4671875 0.009375 0.04296875
1 0.75 0.51953125 0.009375 0.040625
2 0.6609375 0.4875 0.0125 0.040625
1 0.60390625 0.5203125 0.01015625 0.04921875
1 0.20625 0.540625 0.009375 0.04453125
1 0.628125 0.5078125 0.01015625 0.04375
1 0.221875 0.5671875 0.009375 0.05078125
1 0.17109375 0.5421875 0.01015625 0.04921875
1 0.390625 0.440625 0.009375 0.034375
1 0.1625 0.6875 0.0171875 0.065625
1 0.5203125 0.553125 0.0109375 0.0484375
1 0.334375 0.69765625 0.0171875 0.0578125
1 0.9484375 0.5625 0.01328125 0.03984375
1 0.73125 0.4375 0.00859375 0.034375
1 0.76484375 0.453125 0.00859375 0.04375
0 0.746875 0.440625 0.01328125 0.028125
1 0.5921875 0.4453125 0.0109375 0.0359375
1 0.53125 0.5546875 0.0125 0.05234375
2 0.59453125 0.34375 0.00703125 0.03203125
