1 0.58515625 0.35652933947531684 0.04375 0.009629530054229285
1 0.51875 0.28270549921443305 0.05 0.01591589149054773
1 0.5484375 0.35631571603694584 0.05 0.01279089149054773
1 0.590625 0.5690611557320955 0.046875 0.014335210772388507
1 0.5921875 0.5995389960911751 0.0453125 0.012763620413308984
1 0.41328125 0.6820918999765588 0.05625 0.02376475292686635
2 0.5703125 0.5548804810640605 0.05 0.01279089149054773
1 0.4875 0.6106486920328408 0.05 0.011228391490547907
2 0.1625 0.05250789734428024 0.075 0.03168633723582166
0 0.5890625 0.07998956537301588 0.046875 0.01746021077238853
1 0.365625 0.6818146440246305 0.065625 0.019131795081343838
1 0.4984375 0.712274824546398 0.0546875 0.01281816256778665
1 0.45625 0.5276543848512484 0.05625 0.01595225292686635
1 0.43515625 0.3150316650036735 0.0609375 0.012854524004105094
1 0.4703125 0.27304869808296495 0.059375 0.015970433645025484
1 0.440625 0.45646973126045226 0.0578125 0.014398843285945873
1 0.4390625 0.44005439090137255 0.0578125 0.012836343285945873
1 0.4390625 0.5463043909013725 0.05625 0.020639752926866352
1 0.3890625 0.40929474941082483 0.0609375 0.019104524004105096
1 0.371875 0.19435100546094902 0.05625 0.01595225292686626
1 0.36484375 0.5927475988450908 0.065625 0.022256795081343837
1 0.371875 0.5677885054609491 0.0671875 0.01757838544042354
1 0.4296875 0.7360935987468948 0.05625 0.017514752926866172
2 0.740625 0.6918088302037388 0.03125 0.007994307181592396
