1 0.2174153878324983 0.46171650723608926 0.016191566033373572 0.041361984396167804
1 0.22687227498762805 0.46377033016686775 0.019234678878243816 0.03996325870642714
1 0.29252825248639086 0.5123992599496227 0.017917840343633085 0.04456887155129756
1 0.3976971093383673 0.5716691186106214 0.009614017412854458 0.0347844357756486
0 0.21829953640758876 0.5529180393482649 0.017426517412854548 0.035193871551297565
1 0.38153319877748915 0.5902996099041942 0.01134029172311397 0.03799132293077854
2 0.43808309192551265 0.5395050717991248 0.01759029172311415 0.03831887155129756
1 0.31900222127872635 0.5418344544316988 0.012820904567984303 0.036510710085908296
1 0.4934422992978876 0.4808570901164904 0.013312227498762753 0.04588571008590812
1 0.4706499304601235 0.5365372020568495 0.011504066033373483 0.041116322930778534
1 0.7187499157608024 0.5877156789897855 0.00994156603337366 0.0410344357756486
1 0.35359190524535283 0.5031338025772479 0.019644114653892507 0.04777575870642714
1 0.8567644928754525 0.5006771036841577 0.015120388964152198 0.05065509724103805
1 0.45771283921197925 0.46807712912607097 0.016682888964152022 0.050736984396167625
1 0.325889629126071 0.45026110809517184 0.01980788896415202 0.05090075870642714
1 0.5887238217991247 0.4406625373120999 0.011995388964152021 0.050491322930778536
1 0.9183117452503016 0.3519773320874317 0.014294873360319826 0.0646357100859083
1 0.8457108061952926 0.4681545307533792 0.015120388964152198 0.05065509724103805
1 0.8945953635222388 0.4940895889848367 0.013557888964152198 0.050573210085908295
1 0.7519497608541339 0.329234793643678 0.018572937584671045 0.05706887155129756
1 0.6162756117132165 0.4311990061044355 0.0166828889641522 0.050736984396167625
1 0.9056103493887446 0.33261317842395854 0.02539614767057934 0.06833392017181658
2 0.5049507666198851 0.6855855336940553 0.009040807326946166 0.02384693577564878
