2 0.6457511737274059 0.7095329426249949 0.008630853919208193 0.028443334980972068
1 0.38969505351086153 0.6060391639932637 0.010647994985435005 0.04413200197716627
2 0.057783756268206164 0.052268154144613124 0.029108489970870143 0.08858233893530465
2 0.5093770676966265 0.5691692222824901 0.013772994985435005 0.04425933596955502
1 0.31059990155757505 0.37438459878395536 0.014091243731793846 0.0551968359695552
1 0.6787802855641729 0.5934795196973013 0.01055706677218975 0.041007001977166266
1 0.33526126926683686 0.46545792635055355 0.012574207838416562 0.05669566897336083
1 0.35075222545590073 0.5498820058943179 0.012346887305303155 0.04888316897336083
1 0.7382702604913483 0.3725648418266921 0.017398100158284534 0.06157416996194387
1 0.6556466624446348 0.61080894114212 0.013772994985435005 0.044259335969555204
1 0.5540196294542513 0.4830752133852415 0.018642351411925873 0.05070033695813834
1 0.2979407771843957 0.3803626847535105 0.012846992478152597 0.06607066897336082
1 0.503914329375109 0.5155494737653648 0.012483279625171128 0.053570668973360824
1 0.4499064424655173 0.4139670691264601 0.01744356426490725 0.06313666996194396
1 0.27261886526848633 0.5265346892021349 0.01569920783841656 0.05682300296574958
1 0.4774236887045936 0.3800722301911555 0.01735263605166182 0.06001166996194396
1 0.46757732726353796 0.3430178991645162 0.020568564264907253 0.06326400395433271
1 0.7021388807078925 0.4879643487467743 0.018642351411925873 0.05070033695813834
1 0.5227983731860452 0.4297247203053237 0.0204321719450391 0.05857650395433271
1 0.22862247585161216 0.40269528258606374 0.020704956584775225 0.06795150395433272
1 0.7806108731860452 0.41921966593324916 0.026363923198680438 0.04789367193911036
1 0.40386651675955443 0.4408134120160975 0.021858279625171128 0.053952670950527096
1 0.6543499015575751 0.36037785962118923 0.020568564264907253 0.06326400395433271
