1 0.6057234391378379 0.3803790903611436 0.04429603157003115 0.011412688998963994
1 0.535039941839261 0.30384866955914464 0.05091005261671846 0.017953787427387447
1 0.5690046891378379 0.37866888709415597 0.0507280420933748 0.014828787427387446
1 0.6235689047252093 0.5931338014860141 0.04769404735504672 0.01624573821317572
1 0.6269060073278104 0.6236753260931199 0.046040542093374805 0.014610463606069856
1 0.4528685388272543 0.6989363835794993 0.05761507892507769 0.026057385855810723
2 0.6024373573701627 0.5781252315936379 0.0507280420933748 0.014828787427387446
1 0.5229010467903492 0.6305181774170274 0.050637036831702883 0.013266287427387446
2 0.16550317363517103 0.059131059139009165 0.07682010523343696 0.034743181141081145
0 0.5935217578219205 0.10399852687890825 0.0478760578783902 0.01937073821317572
1 0.4052122888272544 0.6967167580627706 0.06671706314006225 0.021806533498445902
1 0.5397538887990195 0.7325900996667685 0.055415542093374806 0.015047111248705036
1 0.4868277679217413 0.5462501852749104 0.05716005261671846 0.0182448858558109
1 0.4533573023343698 0.3327677280789813 0.061665542093374805 0.015338209677128489
1 0.4860564102692299 0.2922176567388631 0.06028505261671846 0.018390435070022627
1 0.4670620285156721 0.47442868920385184 0.05863154735504672 0.016755160462916762
1 0.46454397326811775 0.45794966459674596 0.0585405420933748 0.015192660462916762
1 0.4707323310618035 0.564199664596746 0.05743306840173403 0.02293238585581072
1 0.4127693706655167 0.4251521271693585 0.06202956314006212 0.02158820967712849
1 0.38306864718563743 0.20950785649119402 0.05716005261671846 0.0182448858558109
1 0.3992437389119589 0.6076178707592177 0.06689907366340586 0.0249315334984459
1 0.40481890472520937 0.5829453564911941 0.06818855787839037 0.02031680810555194
1 0.47241447035493317 0.7536067669541108 0.057251057878390375 0.019807385855810898
2 0.7806673151356136 0.7219951637681763 0.03170502630835923 0.009267992142117265
