1 0.32442856990722263 0.49612256897404966 0.029688806420763925 0.06866146879233562
1 0.313381967133681 0.4920082790599579 0.026381968464861138 0.0606851944820761
1 0.8996987139995489 0.34316807157604146 0.02056837955902786 0.07910764586155708
1 0.4417602338511809 0.42896164518418856 0.02035017401194459 0.06973264586155703
1 0.6854777855222922 0.6164329104493365 0.013591027735416716 0.04753009724103805
1 0.7818968842117713 0.5245552696761621 0.023184233282499987 0.057396420171816585
1 0.3606375204203129 0.4386885272509355 0.029506968464861137 0.06084896879233561
1 0.26893967648048644 0.39734423224846116 0.034230836056041714 0.06265713025772487
1 0.38507251633625034 0.3458901956137298 0.018787674011944498 0.06965075870642731
1 0.3412913744281255 0.6156980845778819 0.022966027735416717 0.048021420171816584
1 0.633365852392292 0.39388952510322894 0.018751306420763926 0.06808825870642732
1 0.29423061720993093 0.4085340377663852 0.02325696846486114 0.06052142017181659
1 0.8742259353142018 0.3241657660581175 0.01588087955902786 0.0788619843961678
1 0.3815540049370839 0.6652134056996382 0.022820557370694418 0.041771420171816585
1 0.8594945541396533 0.49780466191967443 0.015517203647222288 0.06323698439616762
1 0.7772626291777781 0.4598752939864216 0.01878767401194459 0.06965075870642731
1 0.45317181895729214 0.51597032225341 0.02325696846486114 0.06052142017181659
2 0.5168719494662505 0.5642573360482199 0.019877395326597203 0.049420145861557074
1 0.6156341449453476 0.43862217096478595 0.02332970364722229 0.06364642017181658
1 0.5117454255305559 0.41121422320334966 0.023511541603125075 0.07145892017181654
1 0.7872519589655559 0.28413830959025377 0.02660017401194459 0.0700601944820761
2 0.4253968835461812 0.7677308960886997 0.013227351823611145 0.03190509724103805
