2 0.7406003333269968 0.6671875 0.028179542154477842 0.009375
1 0.6250288337197802 0.4078125 0.04380454215447767 0.009375
2 0.05503293364502547 0.059375 0.0876545361043535 0.0265625
2 0.5936884510098311 0.5265625 0.04382272287263689 0.0125
1 0.3893726139704013 0.321875 0.05476022287263689 0.0125
1 0.6259293001495095 0.696875 0.040679542154477666 0.009375
1 0.4817191952542945 0.34921875 0.056313632513557366 0.0109375
1 0.5669799843837102 0.3671875 0.048501132513557366 0.0109375
1 0.40748837235821644 0.75 0.06102840359079624 0.015625
1 0.6422037399428551 0.67421875 0.04382272287263689 0.0125
1 0.5095588907049808 0.56875 0.05009999394987581 0.0171875
1 0.39476864109776433 0.309375 0.0656977228726369 0.0125
1 0.5397412943939729 0.51953125 0.05318863251355736 0.0109375
1 0.4355032462875668 0.4625 0.06259090359079629 0.015625
1 0.5399584212501894 0.28828125 0.05633181323171641 0.0140625
1 0.40284528239192036 0.4890625 0.05946590359079611 0.015625
1 0.365281649878363 0.478125 0.06260908430895533 0.01875
1 0.5213599748175446 0.7171875 0.05009999394987581 0.0171875
1 0.454680493164309 0.5359375 0.05792158430895533 0.01875
1 0.41389991529826115 0.240625 0.06729658430895538 0.01875
1 0.45618040241244573 0.79375 0.047020445745273774 0.025
1 0.46023962587425793 0.4171875 0.053243174668035034 0.0203125
1 0.39137249296791715 0.665625 0.06260908430895543 0.01875
