1 0.6251339603130509 0.3809424677762827 0.011667840343632996 0.04424132293077854
1 0.6950912562200364 0.44350002148518436 0.01824538896415202 0.050818871551297565
1 0.6232096121675017 0.41766121777628273 0.01512038896415202 0.05065509724103805
1 0.41292056535600496 0.38661037087392897 0.016519114653892684 0.04761198439616772
1 0.3825337025111348 0.3866446703989591 0.014874727498762752 0.04596759724103796
1 0.28956387324877814 0.5699318831984008 0.026385437584671045 0.057478307326946344
2 0.4259185323393183 0.4061858864777612 0.015120388964152198 0.05065509724103805
1 0.3653285131174414 0.49194632406243227 0.01512038896415202 0.05065509724103805
2 0.904545984850453 0.7877944968362407 0.035180583446227945 0.07663774310259512
0 0.9019011782008753 0.36254219131831666 0.01964411465389233 0.04777575870642732
1 0.2870663150173208 0.6175881331984009 0.02218926051544958 0.06660764586155707
1 0.2643392232033497 0.48633148914586616 0.015366050429541289 0.05534259724103805
1 0.44650327001484635 0.5188563048405554 0.018572937584671045 0.05706887155129756
1 0.6578977934205947 0.5288134017429093 0.015693599050060313 0.06159259724103805
1 0.7019277544110141 0.4914461985544058 0.018736711894930737 0.06019387155129756
1 0.5167781484635489 0.5307554392821517 0.017092324739800803 0.058549484396167806
1 0.5331025113084191 0.5314581241532894 0.015529824739800802 0.05846759724103805
1 0.4268525113084191 0.5370264507021124 0.023260437584671223 0.05731453301668665
1 0.560950872344267 0.5798613246282592 0.021943599050060315 0.06192014586155707
1 0.7748938636378397 0.5857893407979182 0.018572937584671222 0.05706887155129756
1 0.37608787143975586 0.613701815356005 0.025314260515449584 0.06677142017181659
1 0.40145636363783976 0.605360370873929 0.02070864767057934 0.06808825870642714
1 0.23651743837764058 0.5563507400503773 0.020135437584671047 0.05715075870642714
2 0.2989067322484612 0.24299756897404964 0.009450243102595035 0.03165943577564878
