1 0.19375 0.5484375 0.0140625 0.040625
1 0.203125 0.546875 0.0171875 0.0390625
1 0.26640625 0.5015625 0.01484375 0.04296875
1 0.36875 0.44765625 0.0078125 0.034375
0 0.18984375 0.45703125 0.01640625 0.034375
1 0.3515625 0.428125 0.00859375 0.0375
2 0.4109375 0.48203125 0.015625 0.03828125
1 0.29140625 0.4734375 0.0109375 0.0359375
1 0.46953125 0.54375 0.0109375 0.0453125
1 0.44375 0.48671875 0.00859375 0.03984375
1 0.68984375 0.4484375 0.0078125 0.03984375
1 0.328125 0.5140625 0.0171875 0.04609375
1 0.8328125 0.54296875 0.01171875 0.04921875
1 0.434375 0.5546875 0.0140625 0.04921875
1 0.303125 0.565625 0.0171875 0.04921875
1 0.5671875 0.5890625 0.009375 0.05078125
1 0.90234375 0.6953125 0.0109375 0.0640625
1 0.8234375 0.575 0.0125 0.05078125
1 0.87109375 0.5515625 0.0109375 0.04921875
1 0.73671875 0.709375 0.015625 0.05703125
1 0.5953125 0.6 0.0140625 0.05078125
1 0.890625 0.7140625 0.021875 0.0671875
2 0.4703125 0.3390625 0.0078125 0.0234375
