1 0.40456886190327407 0.3700285874896109 0.04402278463973612 0.011157675893442942
1 0.47311192491454007 0.29929693482787256 0.05045464106622681 0.017662343878220542
1 0.441287611903274 0.37152476190017913 0.05036371285298138 0.014537343878220543
1 0.39291699340258945 0.5823057530029306 0.047284176959604095 0.0159725098858317
1 0.39046794332344714 0.6127108360067363 0.04567621285298147 0.014346342889637497
1 0.5669418636191337 0.703594457070994 0.05693196159934022 0.02572951186299797
2 0.4136386703621936 0.5690709239534577 0.05036371285298138 0.014537343878220454
1 0.49481446252377703 0.6286952747517605 0.05036371285298138 0.014537343878220454
2 0.8359996844814516 0.08568800996019385 0.07590928213245363 0.034306015817330796
0 0.40870975877548865 0.09330691999912497 0.047375105172849485 0.019097509885831743
1 0.6145981136191336 0.7055363004549229 0.06617056927947225 0.021424013840164412
1 0.4809217955933027 0.7298121057783996 0.05505121285298138 0.014728344866803767
1 0.5284740601747792 0.5471561146756482 0.056704641066226816 0.01791701186299797
1 0.5557509286754637 0.3355156191242725 0.06130121285298138 0.014983012851581278
1 0.5218222095542762 0.2918956117098987 0.05982964106622681 0.0180443458553869
1 0.5461676770261111 0.47669903463759217 0.0582216769596041 0.01641817885919252
1 0.5482075501456493 0.4603564516337865 0.05817621285298138 0.014855678859192523
1 0.5451159908953069 0.5666064516337865 0.05684103338609479 0.022604511862998146
1 0.5990941002247915 0.43192504551200706 0.061483069279472245 0.02123301285158128
1 0.6225329148854102 0.21778163247014543 0.056704641066226816 0.017917011862998145
1 0.6179708176966265 0.6165056339530202 0.06626149749271751 0.024549013840164412
1 0.6116669934025895 0.5912191324701453 0.06768760517284952 0.019925180836358792
1 0.5489671019406512 0.7568322036109529 0.05675010517284953 0.019479511862998143
2 0.23937079308602033 0.698068721368269 0.031477320533113404 0.009085839923887918
