1 0.30057143009277737 0.4997666007611217 0.029688806420763925 0.06833350593149916
1 0.289743032866319 0.49552476973448245 0.026381968464861138 0.06039367193911023
1 0.8815512860004511 0.35355356216919687 0.02056837955902786 0.07888900395433271
1 0.4207397661488191 0.4339904090503479 0.02035017401194459 0.06951400395433271
1 0.6551472144777077 0.6242493586326061 0.013591027735416716 0.047384335969555026
1 0.7556031157882288 0.5335195878723594 0.023184233282499987 0.05714133794672147
1 0.3393624795796871 0.4427698428524563 0.029506968464861137 0.06052100593149916
1 0.24981032351951354 0.40036877863173104 0.034230836056041714 0.062274506920082295
1 0.36805248366374965 0.3502812539171517 0.018787674011944498 0.06945033695813833
1 0.31183362557187444 0.6195060977953721 0.022966027735416717 0.04776633794672165
1 0.613509147607708 0.4011593685184378 0.018751306420763926 0.06788783695813834
1 0.27451938279006904 0.4118501066926208 0.02325696846486114 0.06026633794672147
1 0.8570240646857983 0.3342597341083071 0.01588087955902786 0.0786980029657495
1 0.34969599506291604 0.6694769228905124 0.022820557370694418 0.04151633794672147
1 0.8342554458603468 0.5076799880626398 0.015517203647222288 0.06307300296574958
1 0.7539873708222219 0.4688031718647482 0.01878767401194459 0.06945033695813833
1 0.42807818104270784 0.5211084070731816 0.02325696846486114 0.06026633794672165
2 0.4893780505337495 0.570124227225406 0.019877395326597203 0.04920150395433254
1 0.5937408550546524 0.4456733724727705 0.02332970364722229 0.06339133794672147
1 0.4913795744694441 0.41706289422160037 0.023511541603125075 0.07120383794672147
1 0.7721230410344442 0.29323016889899867 0.02660017401194459 0.06976867193911022
2 0.3886656164538188 0.772477247491361 0.013227351823611145 0.031759335969555026
