1 0.733966551331963 0.49399284846772024 0.009340507908665429 0.03804630321830871
1 0.1239999382135516 0.28346307400142906 0.018651840912471008 0.037139367080279054
1 0.8265944031188489 0.4002649917790014 0.02289367193911005 0.02652964901126431
1 0.7442037143738247 0.5104155239620881 0.007778007908665429 0.0379370425746469
1 0.7142270542977125 0.4813507368353228 0.011157675893442942 0.04440556386197052
1 0.7304223986702246 0.42802364104236723 0.011030341901054185 0.04128056386197052
2 0.6400547252482396 0.46628274773108613 0.014155341901054186 0.04149908514929379
1 0.5843604821683218 0.4374582612247394 0.011412343878220455 0.05065556386197052
1 0.18753190311884887 0.444952595036651 0.011157675893442942 0.04440556386197052
1 0.6080698961987666 0.44826472124798256 0.011157675893442942 0.04440556386197052
1 0.20423924205415353 0.41729748860003363 0.011412343878220543 0.05065556386197052
1 0.1524393201150433 0.44584845951904006 0.011412343878220543 0.05065556386197052
1 0.36783221536240784 0.5320598390845662 0.010775673916276585 0.03503056386197052
1 0.14976660076112172 0.30113689305917957 0.019861513840164415 0.06682686708027905
1 0.502103739088404 0.41049120566064223 0.012911176882026077 0.04920232450563215
1 0.3220554362363853 0.2789619722563887 0.019543178859192524 0.05901436708027905
1 0.9306107410655704 0.37117878929732684 0.014155341901054186 0.04149908514929388
1 0.7083298813700191 0.511366018766308 0.010775673916276674 0.03503056386197034
1 0.7425603013319629 0.4933919149275807 0.011157675893442942 0.04440556386197052
0 0.7240822153624078 0.5071484123296907 0.013646005931498983 0.02899908514929379
1 0.569585716350991 0.5132777160522024 0.012401840912470874 0.036702324505632156
1 0.5131049060845985 0.40816388115501007 0.014664677870609388 0.05399908514929397
2 0.5677911115983555 0.6146763250867098 0.009085839923887918 0.03179630321830871
