1 0.7272124306016969 0.5104301983589036 0.010215609191583753 0.03809199585081515
1 0.0906288787836822 0.7173319778041831 0.017927979641934398 0.0371214917016303
1 0.8106676758213348 0.6046789510581959 0.023477072794389285 0.026657588382282427
1 0.7392513556478394 0.4940714925500448 0.008653109191583751 0.03797359668065212
1 0.705998764654853 0.5229535091467843 0.012178627390180986 0.044460395020978184
1 0.7167069247416007 0.5763628516782515 0.011978368290882457 0.04133539502097818
2 0.6296970805094118 0.5375828489789591 0.015103368290882458 0.041572193361304244
1 0.5705631099667761 0.5660737792680088 0.012579145588778217 0.05071039502097818
1 0.1716051758213349 0.5562536904615192 0.012178627390180986 0.044460395020978184
1 0.5955828963639707 0.5554089664055356 0.012178627390180986 0.044460395020978184
1 0.1855279734772964 0.5840001821631494 0.012579145588778307 0.05071039502097818
1 0.13634879627168556 0.5551522091328511 0.012579145588778262 0.05071039502097818
1 0.36238846699889143 0.470224792540756 0.011577850092285047 0.03508539502097818
1 0.1184429981542987 0.6998135136969544 0.021392941085271476 0.06692739087179334
1 0.4848666394241404 0.592551923664287 0.014041516039128865 0.049266294191141216
1 0.2896671560815781 0.7229936724148871 0.020892293337024803 0.059114890871793335
1 0.9123908621262444 0.6343682962889556 0.015103368290882458 0.041572193361304244
1 0.7032137260981901 0.49291081163629524 0.011577850092285047 0.03508539502097818
1 0.7358061806016969 0.5110813937948002 0.012178627390180986 0.044460395020978184
0 0.7186384669988914 0.4972198033379255 0.014302331893687814 0.029072193361304243
1 0.5636505783499435 0.49018578549178604 0.0132404796419344 0.03676629419114121
1 0.49570400987449104 0.5949432178554281 0.015904404688076922 0.05407219336130424
2 0.5725027490771494 0.38880088424703063 0.008252590992986341 0.031723596680652125
