2 0.6629013956939602 0.7289553205760951 0.007976126463433176 0.02821590666772735
1 0.4041899919067723 0.6179109219446388 0.009629530054229285 0.04385908800127254
2 0.059056837432213384 0.053996609325273094 0.02707156010845859 0.08780908267027254
2 0.5231263442679045 0.5844978905951852 0.012754530054229284 0.043895450668363624
1 0.3196205909482548 0.3837546452896384 0.01281816256778665 0.054832950668363536
1 0.6932570370863121 0.6137661252387316 0.009611349336070062 0.04073408800127254
1 0.3464280097625574 0.4756239719525931 0.011264752926866173 0.056377269334818084
1 0.36390133519271817 0.5605711366168205 0.011219301131468119 0.048564769334818084
1 0.7476546873574585 0.3943979598981865 0.015979524004105093 0.06111931333545444
1 0.6705053383159761 0.6304360045751405 0.012754530054229463 0.043895450668363624
1 0.5658047236582039 0.4996319945894581 0.017478391490547907 0.050199994668999895
1 0.30708877469147616 0.3893688459580019 0.011319295081343928 0.06575226933481808
1 0.5164087116561513 0.5306734565961395 0.01124657220870695 0.05325226933481808
1 0.4599819705349459 0.42743082527054826 0.015988614363184793 0.06268181333545439
1 0.28514962129707166 0.5349267939608654 0.014389752926866173 0.056413632001908985
1 0.4867353680756178 0.3943092426002758 0.015970433645025393 0.059556813335454525
1 0.47601603669352865 0.3569365119350939 0.019113614363184796 0.06271817600254534
1 0.7141785911446465 0.5088422679026408 0.01747839149054773 0.050199994668999895
1 0.5333103862259905 0.4453263025939124 0.019086343285945873 0.05803067600254526
1 0.23822514520298094 0.4097000746340015 0.019140885440423538 0.06740567600254525
1 0.7911228862259906 0.44232638255891404 0.025272710772388508 0.047165901336727066
1 0.41452402478967193 0.45295808394336623 0.020621572208706952 0.0533613573360908
1 0.6633705909482549 0.37975475190964053 0.019113614363184796 0.06271817600254534
