0 0.9709452865032153 0.6287781001352211 0.009340507908665429 0.03759090666772717
1 0.5606325276059667 0.6662111814130872 0.013709672927693362 0.029832950668363622
1 0.48094502760596675 0.6652839334022695 0.01246550790866543 0.03762726933481808
1 0.6298454426249949 0.6748327507558596 0.010966674904859808 0.03917158800127254
1 0.20900104342329756 0.5870840186982713 0.011094008897248564 0.04229658800127254
1 0.25449261555268826 0.6407635493714073 0.01402800790866543 0.037645450668363625
2 0.4473313729670621 0.6078345127307243 0.011030341901054185 0.04073408800127254
1 0.397968042929006 0.5916277100572701 0.01122134288963741 0.045421588001272536
1 0.3631473739556452 0.6021652207192704 0.014410009885831698 0.04702045066836362
1 0.630303040457548 0.6060554787555413 0.014537343878220454 0.05014545066836362
1 0.20713609038099837 0.36430049936345316 0.018299013840164434 0.06580681333545443
1 0.7219493709898958 0.6204094274347226 0.011221342889637321 0.04542158800127272
1 0.14553540410743207 0.45659654002227174 0.016481845855386902 0.05953863200190916
1 0.7067275720922096 0.45687363876508635 0.016227177870609212 0.05328863200190899
1 0.2484720617120863 0.5007834393698165 0.014855678859192523 0.05795795066836362
1 0.5633993833471853 0.5599430000795418 0.014728344866803767 0.05483295066836362
1 0.17471888532435176 0.546040848026726 0.013165844866803677 0.05481476933481808
1 0.5335208823586022 0.5642850547421784 0.014537343878220454 0.05014545066836362
1 0.2016116491645162 0.48069765869668046 0.01804434585538688 0.05955681333545435
1 0.8438163952101835 0.506929277450631 0.02423067885919252 0.05806703866963616
1 0.6704173403809983 0.36969126475967756 0.019797846843970034 0.06426249466899989
1 0.38755576083723386 0.3484226027211793 0.029109179847775658 0.0628090826702726
2 0.1958723492410659 0.7174618620305441 0.014091674904859807 0.03920795066836362
