1 0.7430654090794224 0.4575247337945349 0.008903638558944493 0.03754545179539796
1 0.1153649917532368 0.7078221112399268 0.016670674452321687 0.03602840359079629
1 0.8295819191085524 0.5455428842620732 0.02260242570596276 0.02512726502711473
1 0.754503014252272 0.4404008663080923 0.007341138558944316 0.037536361436318444
1 0.7223437321198183 0.47146905912649995 0.010647994985435005 0.04380454215447767
1 0.7348831845479585 0.5238946223582165 0.010557066772189571 0.040679542154477846
2 0.6467526987337235 0.4913452218906783 0.013682066772189572 0.040697722872636885
1 0.5887667024946472 0.5238259237842723 0.010829851411925873 0.05005454215447767
1 0.19051941910855233 0.5418249273985095 0.010647994985435094 0.04380454215447767
1 0.6133491653476286 0.5114668243500062 0.010647994985435005 0.04380454215447784
1 0.20537152929596675 0.5684783309893058 0.010829851411925783 0.05005454215447767
1 0.15531770500192965 0.5431828943192182 0.010829851411925783 0.05005454215447767
1 0.3778041219324039 0.44289758976990445 0.01037521034569897 0.03442954215447767
1 0.1424957930860203 0.6884453973442802 0.019096992478152598 0.06572499394987581
1 0.5042182062555709 0.5561520895735127 0.012346887305303155 0.048501132513557366
1 0.3140752763929729 0.6996015868430382 0.01886967194503919 0.05791249394987581
1 0.9320704216158348 0.5680178479613279 0.013682066772189926 0.040697722872636885
1 0.7185200501456492 0.44175428804926115 0.010375210345699059 0.03442954215447784
1 0.7516591590794224 0.4575747307694728 0.010647994985435005 0.04380454215447784
0 0.7340541219324039 0.44497019164005724 0.013318353919208192 0.028197722872636888
1 0.5792302296125358 0.44875774609117514 0.011983174452321776 0.03600113251355737
1 0.5151102421489482 0.5577782220870701 0.014045779625171128 0.05319772287263689
2 0.5845291465430101 0.3472088816297946 0.007159282132453626 0.031286361436318445
