0 0.00390625 0.3828125 0.0078125 0.03828125
1 0.4125 0.340625 0.01328125 0.0296875
1 0.4921875 0.340625 0.0109375 0.0375
1 0.34296875 0.3328125 0.01015625 0.0390625
1 0.7671875 0.415625 0.01015625 0.0421875
1 0.71953125 0.3625 0.01328125 0.0375
2 0.528125 0.39765625 0.00859375 0.03984375
1 0.578125 0.41328125 0.01015625 0.0453125
1 0.6125 0.40234375 0.01171875 0.04765625
1 0.3453125 0.4015625 0.0125 0.04921875
1 0.778125 0.63828125 0.01640625 0.065625
1 0.253125 0.38828125 0.01015625 0.0453125
1 0.8359375 0.5453125 0.0140625 0.06015625
1 0.275 0.5515625 0.0140625 0.053125
1 0.73125 0.50234375 0.01328125 0.0578125
1 0.4140625 0.446875 0.0125 0.0546875
1 0.803125 0.45625 0.0109375 0.0546875
1 0.44375 0.4421875 0.0125 0.05
1 0.77890625 0.521875 0.015625 0.059375
1 0.1359375 0.503125 0.021875 0.05703125
1 0.31484375 0.63828125 0.0171875 0.0640625
1 0.5984375 0.65625 0.0265625 0.06171875
2 0.775 0.28515625 0.01171875 0.0390625
