1 0.5482930960164204 0.2501134667409057 0.037545451795398144 0.00824885200509069
1 0.2979957185710286 0.8674715000397709 0.03603749394987581 0.017605670671545327
1 0.4602749455488821 0.16003281206236078 0.02512726502711473 0.022165901336727113
1 0.565416963502863 0.23937596140990558 0.037536361436318444 0.00668635200509069
1 0.5343487706844554 0.27026233473899663 0.04380454215447767 0.0098840773392725
1 0.4819232074527388 0.2555907600652243 0.040679542154477666 0.009847714672181596
2 0.514472607920277 0.34502597740290586 0.040697722872636885 0.012972714672181595
1 0.4819919060266831 0.4016754193984515 0.05005454215447767 0.009956802673454312
1 0.46399290241244573 0.7990953120623608 0.04380454215447784 0.009884077339272324
1 0.494351005460949 0.37760212006681515 0.04380454215447767 0.0098840773392725
1 0.43733949882164963 0.7831612293920882 0.05005454215447767 0.009956802673454312
1 0.46263493549173723 0.8342333807288153 0.05005454215447767 0.00995680267345449
1 0.5629202400410509 0.6158839174092693 0.03442954215447784 0.009774989337999784
1 0.3173724324666751 0.8411362667090889 0.06572499394987581 0.017951116008908842
1 0.4496657402374426 0.4848873613939972 0.048501132513557366 0.01150112133990877
1 0.30621624296791716 0.6691430880410436 0.05791249394987581 0.017860209341181488
1 0.43779998184962743 0.056653273392724544 0.040697722872636885 0.012972714672181552
1 0.5640635417616943 0.2752952800763601 0.03442954215447767 0.009774989337999784
1 0.5482430990414825 0.24151971674090564 0.04380454215447767 0.0098840773392725
0 0.560847638170898 0.2596339174092693 0.028197722872636888 0.012827264003817973
1 0.5570600837197802 0.41426687340863283 0.03600113251355737 0.011355670671545326
1 0.44803960772388524 0.47393168006045183 0.05319772287263689 0.013118165340545218
2 0.6586089481811609 0.4131049100890868 0.031295451795397965 0.00817612667090888
