1 0.5343521287323469 0.3095183622218854 0.06915419158591121 0.02851588544042354
1 0.5288998042267148 0.2986081332991243 0.061123170298587756 0.025345433645025485
1 0.45212231688718896 0.8883569554096354 0.07943612772394086 0.019204517953981082
1 0.4817184376506389 0.4286228862259905 0.07006112772394087 0.019149975799503238
1 0.6984353161308844 0.6665218202637994 0.04774908514929379 0.012772710772388507
1 0.6185999866815737 0.7654638351927182 0.05777964901126431 0.022202252926866173
1 0.4815056341802286 0.34734106996921177 0.061341691585911205 0.028470433645025394
1 0.429074766847848 0.2569842355620605 0.06323197351689647 0.033167024004105095
1 0.39195681512247815 0.3744353559753694 0.06995186708027915 0.01758747579950324
1 0.6556479745253025 0.3228809045727548 0.04840464901126431 0.02214771077238851
1 0.47015749682103225 0.6209558319712644 0.06838936708027905 0.01757838544042354
1 0.44332293714643567 0.2819115126894236 0.061013909654926125 0.023782933645025484
1 0.43006164658860124 0.8634751300776703 0.0791083457929556 0.014517017953981082
1 0.709941990616846 0.36164342272312744 0.04215464901126431 0.022111349336070063
1 0.6014067688646604 0.8437206453993727 0.0634833457929556 0.01442611436318444
1 0.5535377153942502 0.7627160850945224 0.06995186708027905 0.01758747579950324
1 0.5698740015126094 0.4374888261175318 0.060904649011264314 0.022220433645025395
2 0.6258069272590786 0.49968884426790455 0.04974862772394069 0.01903180113146803
1 0.5125963690970915 0.601951301917035 0.06402964901126432 0.022238614363184795
1 0.47257266661541697 0.49901719945770706 0.07184214901126432 0.02228406615858276
1 0.3795210611872058 0.7777967053114395 0.07049817029858776 0.02539997579950324
2 0.8175248976738819 0.40244061866479297 0.03212408514929379 0.012681807181592264
