1 0.3821337008921907 0.41484375 0.012434298022528623 0.04375
1 0.3133397782478144 0.48125 0.019121340597175518 0.05
1 0.3847013260182414 0.4515625 0.01599634059717552 0.05
1 0.5942512886393746 0.409375 0.01734031930985207 0.046875
1 0.6246107779957129 0.4078125 0.01566855866619026 0.0453125
1 0.7207148716949815 0.58671875 0.027370883171822413 0.05625
2 0.5816091770069771 0.4296875 0.01599634059717552 0.05
1 0.643649991121049 0.5125 0.014433840597175517 0.05
2 0.11012620500268996 0.8375 0.03649451089576328 0.075
0 0.1052980492830363 0.4109375 0.02046531930985206 0.046875
1 0.7240473213266645 0.634375 0.023338947033792933 0.065625
1 0.744447666615417 0.5015625 0.016324122528160602 0.0546875
1 0.5630227039942838 0.54375 0.019558383171822413 0.05625
1 0.3519977226837172 0.56484375 0.016761165102807674 0.0609375
1 0.3073518582013282 0.5296875 0.01977690445914586 0.059375
1 0.4930215604309011 0.559375 0.018105143815484226 0.0578125
1 0.47672457107456284 0.5609375 0.016542643815484225 0.0578125
1 0.5829745710745629 0.5609375 0.024245883171822413 0.05625
1 0.44975216167173837 0.6109375 0.023011165102807672 0.0609375
1 0.2361102787520175 0.628125 0.019558383171822413 0.05625
1 0.6350394516484952 0.63515625 0.026463947033792935 0.065625
1 0.6095477787520174 0.628125 0.021885707677454746 0.0671875
1 0.7734738849365332 0.5703125 0.021120883171822414 0.05625
2 0.705637266847848 0.259375 0.009997712873234654 0.03125
