0 0.01727435707105968 0.38306282387412327 0.00912202885594054 0.03800064774824659
1 0.42439488710812656 0.3670592011074208 0.013536710344286362 0.030488536397194555
1 0.5040823871081266 0.37216580813953615 0.012247028855940556 0.03820090684754529
1 0.3545908185964723 0.354790936148026 0.010739092558271412 0.03966327729789594
1 0.7817014448200077 0.4647886088778167 0.010848219962933036 0.04278827729789594
1 0.7321900289407586 0.4086096576135123 0.013809528855940556 0.03830103639719451
2 0.5420114622432027 0.4315000377814705 0.01079365626060209 0.041225777297895935
1 0.5925570992665113 0.45032918337024885 0.010957347367594749 0.04591327729789594
1 0.6265501533501954 0.44159453346253386 0.014136911069925517 0.04767603639719464
1 0.35933537149902994 0.4236911304725 0.014246038474587408 0.05080103639719451
1 0.8004142724021547 0.688145765725362 0.017916675497895794 0.06662629549649317
1 0.2666840800292177 0.40450223704319005 0.01095734736759484 0.04591327729789594
1 0.8549802321134689 0.5988818090623867 0.016135920688572725 0.06027616594684382
1 0.29426098692279207 0.5691853007382806 0.015917665879249122 0.05402616594684382
1 0.7487922302993701 0.5492043792358823 0.014518856986241602 0.058613536397194466
1 0.4296677188666248 0.4734093306570701 0.014409729581580067 0.05548853639719446
1 0.8190576010806099 0.5077165885197511 0.012847229581580067 0.05538840684754511
1 0.45919152775963223 0.47062429210040724 0.014246038474587408 0.050801036397194466
1 0.7971305265785059 0.5717895805001867 0.01769842068857237 0.06037629549649317
1 0.15350701215053558 0.511836270819491 0.023839293283910833 0.05765181369509058
1 0.3371330224021546 0.6584573542543383 0.019424611795565115 0.06516392504614252
1 0.6213542549789595 0.69459961751569 0.02874504809323426 0.06420220234403846
2 0.7849578756753812 0.3348205066260633 0.013864092558271323 0.03986353639719464
