2 0.7405913740451797 0.38432889348650806 0.02821590666772735 0.009779191585911206
1 0.6295469754137235 0.6357278664992014 0.04385908800127254 0.012434298022528623
2 0.06563266279435775 0.9444491225281606 0.08780908267027257 0.03268109604505724
2 0.5961339440642698 0.5147380233041359 0.043895450668363624 0.015559298022528622
1 0.395390698758723 0.7052216396281104 0.054832950668363536 0.016324122528160602
1 0.6254021787078162 0.34661073617737054 0.04073408800127254 0.012215776735205176
1 0.4872600254216778 0.6843242676041527 0.056377269334818084 0.014870883171822414
1 0.5722071900859051 0.6723102226837172 0.048564769334818084 0.014324579953513706
1 0.4060340133672712 0.2781892460647276 0.061119313335454395 0.019886165102807673
1 0.6420720580442252 0.37041422293581877 0.043895450668363624 0.015559298022528622
1 0.5112680480585428 0.46665044854640214 0.050199994668999895 0.02068384059717552
1 0.4010048994270866 0.7181040518809263 0.06575226933481808 0.015526447033792934
1 0.5423095100652243 0.517999781097806 0.05325226933481808 0.014652361884498966
1 0.4390668787396329 0.5677651982943006 0.06268181333545435 0.019995425746469307
1 0.5465628474299501 0.7493590417414677 0.056413632001908985 0.017995883171822415
1 0.4059452960693605 0.5389082247774042 0.059556813335454394 0.01977690445914604
1 0.3685725654041786 0.5472234693295226 0.06271817600254534 0.02312042574646931
1 0.5204783213717256 0.3189777730520343 0.050199994668999895 0.02068384059717552
1 0.45696235606299707 0.4956388260182415 0.05803067600254543 0.022792643815484227
1 0.4213361281030862 0.788219809926698 0.06740567600254543 0.02344820767745457
1 0.4539624360279987 0.23782632601824144 0.047165901336727066 0.02827781930985207
1 0.46459413741245087 0.6148258685928883 0.0533613573360908 0.024027361884498964
1 0.39139080537872517 0.36147163962811024 0.06271817600254534 0.023120425746469487
