2 0.6671875 0.26328125 0.0078125 0.02890625
1 0.4078125 0.37734375 0.009375 0.04296875
2 0.059375 0.9453125 0.0265625 0.08828125
2 0.5265625 0.409375 0.01328125 0.04453125
1 0.321875 0.6125 0.01171875 0.0546875
1 0.696875 0.378125 0.01015625 0.04140625
1 0.34921875 0.5203125 0.0109375 0.05703125
1 0.3671875 0.43515625 0.0109375 0.0484375
1 0.75 0.596875 0.015625 0.0609375
1 0.67421875 0.36171875 0.01171875 0.04296875
1 0.56875 0.49375 0.0171875 0.05
1 0.309375 0.60703125 0.0109375 0.065625
1 0.51953125 0.46328125 0.0109375 0.053125
1 0.4625 0.5671875 0.015625 0.06171875
1 0.28828125 0.46171875 0.0140625 0.05703125
1 0.4890625 0.6 0.01640625 0.06015625
1 0.478125 0.6375 0.01875 0.06328125
1 0.7171875 0.4828125 0.0171875 0.05
1 0.5359375 0.5484375 0.01796875 0.0578125
1 0.240625 0.5875 0.01875 0.0671875
1 0.79375 0.5484375 0.025 0.04765625
1 0.4171875 0.5421875 0.0203125 0.053125
1 0.665625 0.6125 0.01953125 0.06328125
