1 0.33338277475176037 0.5307010523343698 0.03086268083635879 0.06882559471009327
1 0.3222542737631772 0.5253765155026668 0.0274193458553869 0.06083108418674961
1 0.9065099155505006 0.441716749152954 0.021933349809719616 0.0792170631400623
1 0.4496497619001792 0.4766799522214303 0.021551347832553348 0.06984206314006229
1 0.6968616374130613 0.6906037572572232 0.014410009885831698 0.047603042093374806
1 0.7917656191242726 0.6096183387425498 0.024167011862997967 0.05752407366340577
1 0.3686225963868595 0.47741642861449424 0.0305443458553869 0.061013094710093266
1 0.2761194199991249 0.42604437343752694 0.03529551285158128 0.06284861049510884
1 0.3914605771094876 0.3875572680629156 0.01998884783255326 0.06975105787839028
1 0.35234763345872855 0.6518325996894164 0.0237850098858317 0.04814907366340595
1 0.6408185899610689 0.4628735994070678 0.019925180836358792 0.06818855787839037
1 0.3016287559686801 0.4400004576242765 0.024294345855386902 0.06064907366340577
1 0.8806822445999736 0.41994816496620435 0.017245849809719615 0.07894404735504672
1 0.3935111443331435 0.7056702312312126 0.023530341901054186 0.04189907366340595
1 0.868967447679454 0.5915123518261423 0.016609179847775834 0.06331904735504672
1 0.7859984387822052 0.544592578219206 0.019988847832553346 0.06975105787839038
1 0.46259011368706504 0.5647259837914614 0.024294345855386902 0.06064907366340577
2 0.52719112456148 0.6199286942583354 0.020723676882026077 0.049529563140062294
1 0.6238512658545118 0.5055315362670056 0.024421679847775657 0.06377407366340596
1 0.5193892589344296 0.4667126889966635 0.024740014828747547 0.07158657366340578
1 0.7929302352084334 0.37041162557425267 0.02780134783255317 0.0702060841867496
2 0.43918308307816767 0.8127693706655167 0.013773339923887917 0.031978042093374626
