1 0.7966769878284307 0.6001043476190497 0.014771612012708957 0.041526165946843815
1 0.787329261367381 0.5979410703211537 0.01786933847375849 0.04016392504614252
1 0.7248389439969409 0.5485733235603563 0.016388659090609537 0.04475129549649317
1 0.6234361310907276 0.48810858805832574 0.008412517856907442 0.034875647748246585
0 0.8021787398570256 0.508948421493173 0.016225017856907442 0.03537629549649317
1 0.6409645503276069 0.46967876310446827 0.010029564934808022 0.03810077729789594
2 0.5806486132338201 0.519780090217794 0.0162795649348082 0.03850129549649317
1 0.700329867698047 0.5188462507659671 0.01156479139585791 0.03663840684754529
1 0.5209775584452817 0.5777439821059446 0.011728432629560004 0.04601340684754511
1 0.5477542926169691 0.5223648696751584 0.01008411201270878 0.041225777297895935
1 0.30232874432125245 0.4683132156053903 0.008521612012708868 0.041125647748246584
1 0.6629020056853381 0.5571182063492082 0.018005706168510115 0.04797642504614252
1 0.15770994521475684 0.5536826118124774 0.013372753246410874 0.050801036397194646
1 0.5559428936726294 0.5909343969730543 0.014935253246410873 0.05090116594684382
1 0.6870019788999769 0.6102827791435972 0.018060253246410873 0.051101425046142526
1 0.42253037581572184 0.616798385252862 0.010247753246410873 0.05060077729789594
1 0.08551952516709871 0.7015705968530825 0.012055715096963926 0.0647634068475453
1 0.16652583766627488 0.5863146391103733 0.013372753246410874 0.050801036397194646
1 0.11927869075052999 0.559823187846069 0.011810253246410874 0.05070090684754529
1 0.25089906331654566 0.7262468291159105 0.01660684740221221 0.057251295496493174
1 0.39421446104306945 0.6259335533591741 0.014935253246410873 0.05090116594684382
1 0.09691099269969464 0.7210715684754525 0.02304776217486464 0.06858931369509058
2 0.5237691420477762 0.3730064173311199 0.008221603084255236 0.023938147748246586
