1 0.7934849754956245 0.5531281252850827 0.015008057370694416 0.040706813231716585
1 0.7841463430868051 0.551511083130605 0.01809668977951393 0.03916249394987581
1 0.7219197532310412 0.5058304235878806 0.016643292553055744 0.04384090359079629
1 0.6208306851267704 0.4513287550681655 0.008612587005972294 0.03442045179539797
0 0.7995187295796871 0.4617446011827818 0.016425087005972117 0.03446590359079611
1 0.6384727800165274 0.4318974990180413 0.010247822188333445 0.037554542154477843
2 0.5778430981207983 0.4854583153730159 0.016497822188333445 0.03759090359079629
1 0.6975743698722913 0.4775599778426066 0.01177395459715278 0.03600113251355737
1 0.5178128282691662 0.5468361769075303 0.01199216014423623 0.04537613251355736
1 0.5449214953472565 0.4899549178323439 0.010320557370694417 0.040679542154477666
1 0.2997187513311802 0.45024193627730413 0.008758057370694506 0.040670451795397966
1 0.6599100625015968 0.5179713544042357 0.018278527735416716 0.04697499394987581
1 0.15454976206475649 0.5439414184215191 0.013663762917777822 0.050072722872636886
1 0.5527145051309024 0.5579782099868217 0.015226262917777688 0.05008181323171641
1 0.6837099319926384 0.5696793001495095 0.018351262917777868 0.05009999394987581
1 0.4191019181249301 0.5915805294650541 0.010538762917777866 0.05005454215447767
1 0.0814726719246522 0.6958806474424761 0.012428571238402842 0.06412613251355737
1 0.16317922644555508 0.5760272105759968 0.013663762917777822 0.050072722872636886
1 0.11606849031326343 0.5523124546240685 0.012101262917777822 0.05006363251355737
1 0.24677036360402718 0.7109067255049156 0.01693423328250008 0.056340903590796285
1 0.39072234498666614 0.602354403001621 0.015226262917777867 0.050081813231716586
1 0.09275501083048551 0.7146988251355733 0.023438806420763923 0.06731476502711473
2 0.5217957327138192 0.3421441317279904 0.008358013867708357 0.023482951795398145
