1 0.6663655365493543 0.33423430342067245 0.009450594710093263 0.028443334980971978
0 0.17006593117474295 0.4309210306460784 0.017991136803468068 0.041261669961943956
1 0.3900452312312127 0.38065041110187636 0.009905621018452493 0.03625583498097198
1 0.7320044890531333 0.47096498227986494 0.011741136803468066 0.041007001977166266
1 0.7687162628012437 0.40543282418091914 0.008434126280124233 0.037754667984777515
1 0.7641344495905944 0.46058323919994726 0.011741136803468066 0.041007001977166266
1 0.14606553100533376 0.6076453567298018 0.02496917889684287 0.05401633794672147
1 0.37277849140162056 0.7532774861970166 0.016322220990217674 0.06613433596955502
1 0.4473039943853923 0.3868805064629717 0.011377115756780753 0.03475700197716645
2 0.6400290916557344 0.4976137125082015 0.012105157850155378 0.04725700197716627
1 0.3188366311182732 0.4962170612921568 0.015412168373499213 0.0505093359695552
1 0.2226658283603804 0.6247957060452298 0.021571163111827295 0.04920150395433272
1 0.27044463374910915 0.4950246344101307 0.012105157850155469 0.04725700197716627
1 0.5207183785580245 0.4296211047898165 0.011741136803468066 0.041007001977166266
1 0.6817314732681178 0.46424013840164446 0.016428636803468066 0.04119800296574958
1 0.4270432442442179 0.5341401670333754 0.02451415258848364 0.04620383794672147
1 0.7785910627165391 0.4946863251695023 0.01679265785015538 0.04744800296574958
1 0.6982496572854581 0.6675561393902276 0.017793715728545934 0.06463550296574957
1 0.7658921835938173 0.6781063202265865 0.021009720990217674 0.06632533695813833
1 0.643137952080256 0.6045176285158127 0.01908319994353036 0.06001166996194396
1 0.4474012468750539 0.5357490879839025 0.018446163111827295 0.04907416996194378
1 0.394714404584035 0.7284512411399324 0.024134720990217674 0.06645267095052709
2 0.8483993886578451 0.8903463350553341 0.0295502630835923 0.07914367193911005
2 0.45581517342340955 0.29214100942872123 0.010831084186749607 0.025382001977166356
