1 0.3656221940085743 0.7984030775294171 0.01824725544788173 0.03813666996194378
1 0.4057005268120797 0.6931598206093349 0.015340776735205175 0.0411343359695552
1 0.6298375133184264 0.7408956891649537 0.01577781930985207 0.0473843359695552
1 0.4815910374557414 0.6885094712939069 0.02359031930985207 0.04770267095052709
1 0.5785313754550269 0.6167843685184378 0.017995883171822415 0.05682300296574958
1 0.19032154524941158 0.7541304485936748 0.024715776735205086 0.041516337946721646
1 0.14496475862684938 0.5783611274528674 0.025119968321116338 0.0695776709505271
1 0.17364749747898456 0.7252069525480076 0.014652361884498966 0.053570668973360824
1 0.23443217816913248 0.7694716057040376 0.012543558666190346 0.04569450197716627
1 0.1601198650634667 0.5621631244871179 0.026136165102807675 0.06182883794672147
1 0.6791105296620713 0.6267085137658024 0.016433383171822413 0.0567593359695552
1 0.5117266516860289 0.7254537143738247 0.01577781930985207 0.047384335969555026
1 0.5578246635901983 0.3558760434232976 0.03024451089576328 0.07601867193911023
2 0.0561028985070612 0.12235781965793276 0.05085194183801278 0.10334517589344294
1 0.3842243645592636 0.6994880750579592 0.01890281930985207 0.04751166996194396
1 0.554924630650807 0.653581372967062 0.014652361884498966 0.053570668973360824
1 0.5107647212479824 0.6055232163509909 0.016214861884498964 0.053634335969555025
2 0.467195037707843 0.6158678087463368 0.01977690445914604 0.06001166996194378
1 0.4892282108564223 0.5347305552862957 0.021448665102807674 0.061637836958138334
1 0.6016300218684012 0.5761129475679108 0.01977690445914586 0.06001166996194396
1 0.3656264559127438 0.4307035829666246 0.034494968321116384 0.06995967292769337
1 0.40004610651349193 0.7183189880998209 0.012434298022528623 0.04413200197716627
2 0.5435943746987222 0.8378927059708676 0.013122712873234832 0.031695668973360826
