1 0.3902520789590271 0.611823488008288 0.011577850092285047 0.03481164764263518
1 0.73522461751569 0.5659800252307876 0.0116779796419344 0.03637414764263518
0 0.22913410625692304 0.6287306598437442 0.011577850092285047 0.03481164764263518
1 0.6985745211240328 0.6421273023190929 0.009915220542635694 0.03317637303552932
1 0.7845737754429694 0.5534949878034002 0.011978368290882457 0.04106164764263518
1 0.2465020789590271 0.6185187518620268 0.011577850092285047 0.03481164764263518
1 0.7761709901255089 0.5201923362318236 0.01237888648947969 0.04731164764263518
1 0.5360559322905146 0.5760400376367845 0.011577850092285047 0.03481164764263518
1 0.6420148380583257 0.603231776264245 0.008452850092285047 0.034666098428423456
1 0.398064578959027 0.6114596149727587 0.011778109191583752 0.03793664764263518
1 0.5495689173311199 0.5056718796550671 0.015303627390180985 0.0443321968568469
1 0.3523329719269117 0.533664254757511 0.012278756939830337 0.04574914764263518
1 0.483558681367664 0.23370914247534866 0.018568329734219447 0.07096747146395274
2 0.5309784060723529 0.5457168368509961 0.013741127390180985 0.04425942224974104
1 0.6521932695828733 0.49305625558608046 0.012178627390180986 0.04418664764263518
1 0.7547150971576244 0.6011170045526232 0.0116779796419344 0.03637414764263518
1 0.5662743584163914 0.5707146827982201 0.014903109191583752 0.038082196856846905
1 0.1837856261535633 0.42241003928941423 0.019329793337024892 0.05854024607105859
1 0.7961039558877827 0.4644132171252357 0.015904404688076922 0.053707196856846905
1 0.2423595897563687 0.4071446042193917 0.016004534237726277 0.055269696856846906
1 0.7435821283130316 0.3540236807313056 0.017867422886674155 0.060029971463952767
1 0.6737912600221494 0.31652798883685745 0.021292811535622035 0.06486302067816441
2 0.796931677971578 0.6485163893749768 0.011477720542635694 0.03324914764263518
