1 0.6394810709953319 0.3115849990180414 0.008630853919208193 0.028170451795398056
0 0.13294626299863072 0.42584540339440446 0.016807066772189704 0.04071590359079611
1 0.3581113990502926 0.3677703247427898 0.008858174452321687 0.03598295179539814
1 0.6933836578257813 0.4462963423039872 0.01055706677218975 0.040679542154477846
1 0.7359636144105565 0.37934519164005726 0.007341138558944494 0.037536361436318444
1 0.7265371386254513 0.4347684898446592 0.01055706677218975 0.040679542154477666
1 0.09338835484364508 0.6037704154946528 0.02342077962517115 0.053252265027114734
1 0.3081602455141605 0.7417618157657994 0.014409492478152597 0.0656977228726369
1 0.4150289887837359 0.3720083728491958 0.010375210345699059 0.03442954215447767
2 0.598747107746639 0.4762196707592102 0.01073892319868044 0.046929542154477664
1 0.27653112694696885 0.4860658067888089 0.013954851411925784 0.050072722872636886
1 0.16876042788404094 0.6182737979100142 0.02015938730530311 0.04854658430895533
1 0.22807089489365753 0.48656525565734077 0.01073892319868044 0.046929542154477664
1 0.4849634040648576 0.41226573418731843 0.010557066772189571 0.040679542154477666
1 0.6435200501456493 0.44131795081343944 0.015244566772189572 0.040706813231716585
1 0.38180364865458116 0.520277701206223 0.023193459092057722 0.045439765027114734
1 0.7380596603330637 0.4684349627172962 0.015426423198680438 0.04695681323171641
1 0.6422972162847007 0.6444702218906783 0.01592652837152997 0.06414431323171658
1 0.7092573957515873 0.6526736073311018 0.019096992478152684 0.06572499394987581
1 0.5925078164429853 0.583232740041051 0.01735263605166182 0.05946590359079629
1 0.40209341660126985 0.521177125874258 0.017034387305303156 0.048528403590796285
1 0.3323479032734348 0.7161169211519935 0.022221992478152687 0.06574317466803503
2 0.7734777054641481 0.8624576734896847 0.027273205331134066 0.07827044574527378
2 0.4318647992877194 0.2767776860809124 0.010102425705962759 0.025054542154477666
