1 0.7632007496707957 0.6248576795398089 0.023420779625171306 0.053252265027114734
1 0.345435273489979 0.8302748699223297 0.010466138558944316 0.037554542154477843
0 0.9067401495125111 0.6866405829342133 0.012346887305303155 0.048501132513557366
1 0.596790836501245 0.7582872821955287 0.012346887305303155 0.048501132513557366
1 0.7284453164429853 0.5840236012809777 0.017216243731793847 0.05477840359079629
2 0.5009508022572204 0.6147367492144331 0.011011707838416384 0.056304542154477666
2 0.08305052922945974 0.09971871974937897 0.028000631037096956 0.10327044574527389
1 0.5500294967678018 0.7541083214231401 0.012210494985435005 0.04381363251355737
1 0.8808896695042637 0.39347184503446175 0.020886813011265916 0.07354658430895541
1 0.13702704308602032 0.6884135810875016 0.012483279625171128 0.05318863251355736
1 0.08785976887112548 0.632649394417414 0.011193564264907252 0.06255454215447767
1 0.4918365635399914 0.7131378877781146 0.017034387305303156 0.04852840359079611
1 0.7850470059390018 0.6796815349260031 0.017079851411925872 0.050090903590796286
1 0.7611896202830513 0.5865582488216496 0.021858279625171128 0.053243174668035034
1 0.7383204216158348 0.5668906434354554 0.01735263605166182 0.05946590359079629
1 0.10544442247376462 0.7265175690854491 0.012346887305303112 0.048501132513557366
1 0.35278608689695645 0.6044981651018694 0.01735263605166191 0.05946590359079611
1 0.592003014252272 0.43945546896381205 0.01762542069139794 0.06884090359079628
1 0.7974406720115461 0.41486505600324197 0.028517456584775225 0.06734203610435348
1 0.20115069371915856 0.4449953791939077 0.01794366943775676 0.07977840359079628
1 0.3238200009244368 0.6332407886384364 0.012710600158284536 0.06100113251355736
1 0.2592898026529317 0.4609612676593933 0.020932277117888632 0.07510908430895533
1 0.5229431256933277 0.47656003834384875 0.02525606426490725 0.06263635538619425
2 0.48246626055785524 0.8740481167008756 0.010284282132453627 0.031304542154477845
