1 0.26457456418354425 0.49421196740532797 0.053634335969555115 0.014045779625171128
1 0.24473166049604167 0.8276238609788372 0.05038200197716636 0.010829851411925873
1 0.1621751229670621 0.6077767107414104 0.03788200197716636 0.010466138558944316
1 0.23599326083723388 0.35102425705962903 0.048819501977166356 0.010784387305303155
1 0.41191909087528994 0.37178670110799195 0.05994800296574958 0.015790136051661817
1 0.27513006220637787 0.5039052161516867 0.03839133794672147 0.022966138558944315
0 0.29954240216744676 0.0775473046314888 0.05063666996194396 0.017079851411925785
1 0.2193469999256379 0.7979447211662516 0.05038200197716636 0.010829851411925695
1 0.304737943650759 0.2763712495377816 0.05044566897336074 0.012392351411925873
1 0.30924241844188816 0.3961752841775177 0.053634335969555205 0.014045779625171218
1 0.3608831728905124 0.37655911764275485 0.05070033695813834 0.018642351411925783
1 0.4192037143738247 0.5769288421742187 0.07088550296574954 0.01610838479802066
1 0.26300415802458377 0.8398881802583095 0.0505093359695552 0.013954851411925873
1 0.6103167815974805 0.2633617503292044 0.07302100593149916 0.030216348904643375
2 0.3807898131949611 0.5022865433487177 0.05688666996194387 0.017261707838416563
1 0.3355953769213948 0.5940504945232167 0.0551968359695552 0.014091243731793846
2 0.8365398171121129 0.8925564714954561 0.09833934091247096 0.03875627461060631
1 0.5083829139932637 0.42308843982522076 0.0666436719391104 0.026909492478152684
1 0.43273826825160766 0.32155102038746414 0.06351867193911023 0.026818564264907252
1 0.592532420913346 0.3926855374762229 0.07340300790866543 0.03959134890464329
1 0.4392138309522772 0.8152926602000499 0.07263900395433272 0.020841348904643554
1 0.4624895048685538 0.7815541576927673 0.06795150395433272 0.020704956584775225
2 0.1110012366169461 0.4623672708496825 0.03475700197716636 0.010375210345699059
1 0.27544839718734987 0.4960927161516867 0.04419566897336073 0.012210494985435005
