2 0.6815381646244565 0.2710316927568942 0.025090906667727175 0.009268584186749607
1 0.6263217639242762 0.5209553690229012 0.03444772533418181 0.008252115756780753
1 0.5906762599459116 0.3637644953030255 0.036046588001272716 0.011468121018452493
1 0.6268490225970942 0.47564286902290115 0.03132272533418181 0.00807010523343692
1 0.20836845854555103 0.8794467633659412 0.04869203866963625 0.024696163111827475
1 0.5115149239338213 0.457377258386618 0.043895450668363624 0.0150481473268119
1 0.5181098219287306 0.49446773470909466 0.043895450668363624 0.0150481473268119
1 0.3306671026416375 0.16499087926389616 0.05646817600254535 0.02202618942018657
1 0.5337513612349136 0.6934211741998684 0.04394999466899989 0.0197356473268119
1 0.18962228994272992 0.4105448449218548 0.06266363200190898 0.017702710466873838
2 0.4705899319303214 0.4855246451900861 0.04702045066836362 0.01523015785015538
1 0.6357705839433663 0.37987534271454193 0.03602840666772718 0.009905621018452493
1 0.5839910026257291 0.2673445216113848 0.03762726933481808 0.01312162628012441
2 0.16423665054109668 0.914807410692753 0.07536362667090887 0.03561825256024882
1 0.4667638559039135 0.6801469004517579 0.04391363200190899 0.0166106473268119
1 0.5688172519096405 0.6320440584430876 0.04391363200190916 0.0166106473268119
1 0.5062296292966381 0.24064478469497722 0.047038632001908984 0.01679265785015547
1 0.25635689863145616 0.24426812656247304 0.061082950668363535 0.0160492052052021
1 0.3870432772915474 0.2850611845820378 0.05330681333545435 0.01871917889684287
1 0.21643549721518723 0.8571167370575818 0.07529090133672708 0.029368252560248463
1 0.3729273279758193 0.1562837371987562 0.05955681333545444 0.01908319994353027
1 0.40310025055700505 0.7837871109186318 0.05328863200190899 0.01715667889684287
1 0.3815916139401846 0.41810119773621734 0.05494203866963625 0.025060184158514787
