1 0.42265625 0.184375 0.01484375 0.03671875
1 0.45546875 0.28828125 0.0125 0.04140625
1 0.68359375 0.23125 0.0125 0.046875
1 0.53125 0.28984375 0.0203125 0.046875
1 0.6234375 0.3578125 0.0140625 0.05546875
1 0.24375 0.2359375 0.02109375 0.03984375
1 0.1859375 0.4140625 0.0203125 0.06953125
1 0.225 0.265625 0.0109375 0.053125
1 0.2890625 0.21875 0.009375 0.0453125
1 0.2 0.4296875 0.021875 0.0609375
1 0.725 0.34375 0.01171875 0.05703125
1 0.5640625 0.2515625 0.01171875 0.046875
1 0.584375 0.6203125 0.02421875 0.075
2 0.06484375 0.875 0.04375 0.1015625
1 0.434375 0.2828125 0.01484375 0.046875
1 0.60234375 0.321875 0.0109375 0.05390625
1 0.5546875 0.371875 0.01328125 0.053125
2 0.51171875 0.36328125 0.01640625 0.05859375
1 0.528125 0.44375 0.0171875 0.0609375
1 0.64375 0.39765625 0.015625 0.06015625
1 0.396875 0.553125 0.0296875 0.06953125
1 0.4515625 0.26328125 0.01015625 0.04296875
2 0.60390625 0.1375 0.01015625 0.03203125
