1 0.33423430342067245 0.6376884506408214 0.028443334980971978 0.008794646641955239
0 0.4309210306460784 0.13047117296600722 0.041261669961943956 0.01704365626060227
1 0.38065041110187636 0.3559820936545798 0.03631950197716636 0.010629965153609611
1 0.47096498227986494 0.6908084722403678 0.040943334980972065 0.00923115626060227
1 0.40543282418091914 0.7337797114405946 0.03781833498097189 0.009122028855940555
1 0.46058323919994726 0.7240302000078492 0.041007001977166266 0.01079365626060227
1 0.6076453567298018 0.08987591090028965 0.05401633794672147 0.023730165879249098
1 0.7532774861970166 0.30385158694633974 0.06613433596955502 0.014791675497895973
1 0.3868805064629717 0.41287693439875256 0.03475700197716645 0.010575401451278842
2 0.4976137125082015 0.5959944800449162 0.04725700197716627 0.011011911069925695
1 0.4962170612921568 0.2737102522774347 0.0505093359695552 0.014246038474587408
1 0.6247957060452298 0.16516608757931195 0.04920150395433272 0.02044147477225655
1 0.4950246344101307 0.22524547042626927 0.04725700197716627 0.011011911069925695
1 0.4296211047898165 0.48257930998931575 0.041007001977166266 0.01079365626060227
1 0.46424013840164446 0.6409721633473604 0.04119800296574958 0.015481156260602268
1 0.5341401670333754 0.3787871326773213 0.04620383794672147 0.02345734736759484
1 0.4946863251695023 0.7353570804077358 0.04744800296574958 0.015699411069925694
1 0.6675561393902276 0.6385663820443491 0.06463550296574957 0.01629961179556503
1 0.6781063202265865 0.7054810635326948 0.06632533695813833 0.019479175497895972
1 0.6045176285158127 0.5891318664352525 0.06001166996194396 0.017698420688572546
1 0.5357490879839025 0.3990723508261559 0.049074169961943956 0.017316474772256552
1 0.7284512411399324 0.3281893880347989 0.06645267095052709 0.02260417549789597
2 0.8903463350553341 0.7684820274203601 0.07914367193911005 0.027728185116542826
2 0.29214100942872123 0.4302678202409348 0.025382001977166356 0.010248019237293704
