1 0.5884790019028043 0.770422405036715 0.05401633794672147 0.02280230032431163
1 0.8130677554000265 0.35507627435631983 0.03788200197716627 0.010029564934808199
0 0.6434954712567258 0.9146712370176517 0.04888316897336083 0.011782979707460584
1 0.729475369507021 0.6055768806869859 0.04888316897336083 0.011782979707460584
1 0.5493183428152753 0.7351940170494238 0.05532416996194396 0.016579573863261744
2 0.590581307263462 0.5080724095009419 0.056632001977166266 0.01035684740221221
2 0.09571706520930848 0.08420563027665341 0.10414367193911027 0.02680005357072244
1 0.7274791293928526 0.5587700645343616 0.04419566897336082 0.011701159090609536
1 0.3519273951730025 0.8854100255708405 0.07420150395433271 0.020031856330665933
1 0.6811014668824636 0.1450308928618504 0.053570668973360824 0.011864800324311541
1 0.6277018942587814 0.09521785349458749 0.06288200197716627 0.010465941558013591
1 0.6892734752482396 0.5001041765470704 0.04907416996194378 0.016470479707460583
1 0.6422114969598883 0.7929053311734531 0.05070033695813834 0.01806025324641105
1 0.550325085895193 0.7679656067409983 0.053952670950527096 0.02123980032431163
1 0.531748840838109 0.7448690259778775 0.05994800296574958 0.01509889448011279
1 0.7206242233082543 0.11389394115756708 0.04888316897336083 0.011782979707460539
1 0.5872546719019291 0.3597985507346439 0.06001166996194378 0.016661394480112966
1 0.4112983724727705 0.5970781826328551 0.06932300296574953 0.015262535713814885
1 0.37717674597130524 0.8022156960255359 0.06826983893530461 0.027735262174864682
1 0.4350276215213683 0.20631681493810344 0.08032416996194396 0.017015950486467358
1 0.6173069278334282 0.33116899026406266 0.061383168973360824 0.012001168019063257
1 0.4482651091640787 0.26463782954860005 0.07576400395433272 0.02005912986961631
1 0.4515678868072265 0.528454867698047 0.06345500494291585 0.024528441558013547
2 0.8504019762368227 0.49260750203518544 0.031632001977166625 0.009920470779006863
