1 0.5309685454497524 0.7181151491738442 0.03919886769475163 0.009176592558271324
1 0.4429934383083074 0.5089187092479779 0.028234094155801515 0.007232146641955417
0 0.5103040746740408 0.2052059214063627 0.04078864123370209 0.01079365626060227
1 0.4787242069759938 0.6772520469969259 0.02823409415580134 0.007232146641955417
1 0.5321298506453278 0.6057242765785059 0.03922614123370209 0.010739092558271324
1 0.6744404870110612 0.3046305464487717 0.05021818831160267 0.014246038474587408
1 0.5909708368456101 0.7561260698624167 0.042351141233702094 0.010848219962933215
1 0.5326365909060952 0.45583340398316763 0.036101141233702096 0.010629965153609788
1 0.6280951412304068 0.5122595079741844 0.04860114123370209 0.01106647477225664
1 0.5868718977232286 0.6107590061600858 0.042351141233702094 0.010848219962933215
1 0.6859582341683922 0.5619073331092606 0.05021818831160267 0.014246038474587408
1 0.6898174399298652 0.7830010831092606 0.0532886412337021 0.011230165879249122
2 0.5957832475610727 0.5845238883740709 0.042351141233702094 0.010848219962933215
1 0.5195810320570716 0.6919519532575281 0.03763636769475163 0.009122028855940555
2 0.8513364034085666 0.10624515406798558 0.06282728246740418 0.02093254809323425
1 0.5936867337613551 0.7327976972670783 0.04703864123370209 0.011011911069925695
1 0.5325371793798537 0.4948686221320021 0.03462046185055314 0.015262901451278843
1 0.5995398985373027 0.26297627058805606 0.043913641233702096 0.010902783665263982
1 0.7346257848997407 0.4425869034350134 0.058139782467404186 0.0207688569862416
1 0.6275980835991992 0.7074355987183572 0.04706591477265239 0.012574411069925694
1 0.776649238225582 0.7477754004397885 0.05655000892845372 0.019151793283910833
1 0.8293220450427151 0.9026464389143758 0.05970228246740419 0.020823420688572725
1 0.8958650681779237 0.5996876192215953 0.06907728246740419 0.021150802902557685
2 0.4177048863591429 0.6704365626060225 0.028261367694751627 0.008794646641955417
