2 0.54045779446121 0.5943708819552054 0.04106164764263518 0.011504066033373662
1 0.4283879799455173 0.6914273456591584 0.03637414764263518 0.011258404567984215
1 0.4140944634011821 0.32900258876175337 0.034666098428423456 0.008051517412854547
1 0.5768126714256807 0.6002590338096563 0.05356164764263518 0.012159163274411532
1 0.37899375558608045 0.5973774525111347 0.03154109842842345 0.007887743102595124
0 0.45997396609177843 0.8331711103584795 0.04106164764263518 0.011504066033373306
1 0.44294063151709384 0.6968994176854257 0.04106164764263518 0.011504066033373483
1 0.6179063982663169 0.6549974434660232 0.05407106989237622 0.02309666327441153
1 0.4735655851983663 0.8090785131174414 0.04098887303552932 0.00994156603337366
1 0.4681120293646169 0.29032186906490665 0.04418664764263518 0.011667840343632996
1 0.47905156762057377 0.5406970053155252 0.04418664764263518 0.011667840343633173
1 0.55401075641465 0.8890316067404349 0.05356164764263518 0.012159163274411355
1 0.41440052440221803 0.37262975802905873 0.034811647642635134 0.011176517412854548
1 0.43895095244292737 0.5817657406162041 0.04106164764263518 0.011504066033373662
1 0.4961706011190198 0.4743350209193576 0.04106164764263518 0.011504066033373662
1 0.5620973540145039 0.5815466553609537 0.05080052067816432 0.019807888964152198
1 0.7020009543049541 0.7737264320460625 0.06627997146395259 0.017501760515449584
1 0.5832276071148759 0.29519971958530505 0.053707196856846905 0.015284163274411533
1 0.5171251482663168 0.6602791649718922 0.04418664764263518 0.011667840343632996
1 0.5894859917323416 0.7297451379480993 0.05058219685684691 0.015120388964152198
2 0.9323586199351575 0.22858327114650007 0.07921661910658777 0.027531857756487633
1 0.5667527748165029 0.515058518205824 0.053707196856846905 0.01528416327441171
1 0.6920074859413733 0.5030387957954439 0.061956344499482084 0.025068599050060314
2 0.33318679590895206 0.6605668492772029 0.028416098428423454 0.0077239687923356115
