1 0.6667569895164254 0.5106047625716407 0.011878238741233105 0.03917158800127254
1 0.46591398519748867 0.4286296985996394 0.009614831893687637 0.02821590666772735
0 0.15500796113879528 0.5048494899745466 0.011978368290882368 0.04073408800127272
1 0.6309987646548529 0.4594967959102768 0.008052331893687814 0.02819772533418181
1 0.5540567304171267 0.5150388185869128 0.011878238741233105 0.03917158800127272
1 0.23834448797526592 0.66625860996182 0.015704145588778216 0.05014545066836362
1 0.6988895666297512 0.5695615919000956 0.012078497840531633 0.04229658800127254
1 0.4038564713178281 0.5199092266072756 0.0116779796419344 0.03604658800127254
1 0.45092363356404414 0.6138223112667303 0.012479016039128866 0.04854658800127254
1 0.5536771961794005 0.5696899559198219 0.012078497840531633 0.042296588001272714
1 0.494925155001844 0.6702990305935943 0.015704145588778216 0.05014545066836362
1 0.716018905001844 0.6677263718969139 0.012779404688076923 0.05323408800127272
2 0.5265139188815046 0.5793740385900945 0.012078497840531633 0.04229658800127254
1 0.6416766463639706 0.4999672545751405 0.010215609191583753 0.03759090666772735
2 0.02209202499076931 0.849109114656273 0.022755181985972844 0.06271817600254508
1 0.6752518075304526 0.5729593119032772 0.01237888648947969 0.04698408800127272
1 0.44296903609265276 0.5186734432686393 0.016265350092285046 0.03453863200190917
1 0.20403814158360864 0.5924943933004561 0.012178627390180986 0.043859088001272716
1 0.370577194638241 0.7224893339433663 0.02245479333702489 0.05803067600254543
1 0.6464864574381675 0.6076433945735497 0.013941386489479513 0.04700226933481808
1 0.6721304002214821 0.7556718145687772 0.02079216378737563 0.056449994668999894
1 0.8220512546327037 0.8038900438813237 0.02255492288667398 0.059593176002545434
1 0.511976545348835 0.879319494589458 0.023155700184570093 0.06896817600254508
2 0.6302163170911765 0.3986138399109132 0.008052331893687814 0.02819772533418181
