1 0.4442570901542931 0.7297643371596538 0.01559417889684287 0.05348871285298138
1 0.7774868191076058 0.7457209239235962 0.012287168373499214 0.050272784639736126
1 0.5549755112998025 0.8308076631030434 0.01155912628012441 0.0377727846397363
1 0.3000674743975124 0.7600021034569899 0.012196163111827297 0.048710284639735944
1 0.3259760689664314 0.5838942445232167 0.017520699943530272 0.0597841769596041
1 0.4542691269859961 0.7190996217993899 0.02405912628012441 0.03813649749271768
0 0.02811615066351939 0.6996566706913979 0.01853716837349917 0.05045464106622681
1 0.7470334796591842 0.7714423379510766 0.012287168373499214 0.050272784639735946
1 0.2273271953877301 0.6921493622324786 0.013849668373499213 0.050318248746358665
1 0.3474044769577612 0.6862523663891136 0.01715667889684287 0.05353417695960409
1 0.32926839796209634 0.6348573509497074 0.020099668373499212 0.05050010517284953
1 0.5315736215831499 0.5742250424907879 0.018157736775233246 0.0707216769596041
1 0.7902976322476679 0.7273119047232663 0.015412168373499213 0.05036371285298138
1 0.22319822141374068 0.3868253647397609 0.03231124203690507 0.0726933539192082
2 0.45572448214884587 0.6134944794795218 0.018901189420186527 0.056704641066226816
1 0.5462815927145419 0.6576058438235715 0.015685184158514786 0.05505121285298138
2 0.8597250685429085 0.153357579175588 0.04157982622365495 0.09792067445232164
1 0.38014690045175786 0.4868661318285198 0.028822220990217674 0.06635242570596293
1 0.2762868821064936 0.5636666610579795 0.028640210466874018 0.06322742570596276
1 0.3521576793203659 0.4030988855894435 0.041686242036905075 0.07296613855894432
1 0.7708027215549149 0.5514480866974354 0.022936242036904985 0.07242056927947224
1 0.7377017952183209 0.5285728763517363 0.022663226251889414 0.06773306927947224
2 0.40790381924878005 0.8836562152937569 0.012939615756780754 0.034693248746358665
1 0.4464566269859961 0.7188723012662764 0.013485647326811723 0.04406824874635866
