2 0.3109375 0.31484375 0.0078125 0.02578125
1 0.5578125 0.3671875 0.00703125 0.03359375
1 0.3984375 0.4046875 0.009375 0.0359375
1 0.5125 0.3671875 0.00625 0.03046875
1 0.8921875 0.78125 0.02109375 0.0484375
1 0.4875 0.4828125 0.0125 0.04453125
1 0.525 0.47578125 0.0125 0.04296875
1 0.184375 0.6671875 0.01796875 0.05546875
1 0.725 0.4578125 0.0171875 0.04296875
1 0.421875 0.80546875 0.0140625 0.06328125
2 0.51328125 0.5234375 0.01328125 0.046875
1 0.4171875 0.359375 0.0078125 0.0359375
1 0.3015625 0.4125 0.0109375 0.0375
2 0.925 0.825 0.03203125 0.07421875
1 0.7078125 0.525 0.0140625 0.04453125
1 0.665625 0.4234375 0.0140625 0.04296875
1 0.2703125 0.490625 0.0140625 0.04609375
1 0.259375 0.740625 0.01328125 0.0609375
1 0.3078125 0.609375 0.01640625 0.053125
1 0.8703125 0.7734375 0.02421875 0.075
1 0.178125 0.625 0.015625 0.059375
1 0.8078125 0.5875 0.0140625 0.05234375
1 0.440625 0.61328125 0.02109375 0.0546875
