1 0.29285707061355576 0.48428305464750954 0.053343188311602674 0.01280907220870695
1 0.2924299711794533 0.817913166083828 0.050163641233702094 0.009665891490547552
1 0.19723269926535608 0.6012574520899857 0.03766364123370205 0.009593168617910663
1 0.25600017856907475 0.3422955425472612 0.04860114123370209 0.009656801131468207
1 0.4328354139585782 0.3568933319712643 0.05962046185055314 0.014407933645025395
1 0.3039582118472578 0.49359442213395227 0.037881829545304765 0.02209316861791084
0 0.30354378571381496 0.06699101551809397 0.05027273538950343 0.015915891490547774
1 0.2653629107088721 0.7891614521881816 0.050163641233702094 0.009665891490547729
1 0.32028877516050813 0.26535124746591726 0.05019091477265238 0.011228391490547728
1 0.3317502008902092 0.3848279553114395 0.053343188311602674 0.01280907220870695
1 0.38216325811437957 0.36343876864135194 0.050300008928453724 0.01747839149054773
1 0.45203324756107277 0.5614899283804682 0.07055796185055314 0.01447156615858276
1 0.31138452272158085 0.8295228317748726 0.05021818831160267 0.012790891490547551
1 0.6245944456152034 0.24170362744539178 0.0723659237011061 0.02854315651766246
2 0.4093451412304067 0.4882933228960781 0.056522735389503434 0.015952252926866174
1 0.369561666797952 0.5815029674116878 0.054905688311602675 0.012818162567786473
2 0.8870118141174388 0.8621150796335734 0.09750229139585756 0.036501102262936055
1 0.5321183936660387 0.4047581393492484 0.06606137662320535 0.02538179508134388
1 0.4506990239426921 0.306002997662309 0.06293637662320535 0.025363614363184704
1 0.6143581493480816 0.37146385031802864 0.07252956493480803 0.03791815651766246
1 0.4858663254815244 0.7988172115579555 0.07220228246740419 0.01916815651766246
1 0.507141307624617 0.7643149465308408 0.0675147824674042 0.019140885440423538
2 0.1376922836819248 0.45783925019639177 0.03453864123370205 0.009574987899751619
1 0.30382184415250607 0.48578192213395227 0.043940914772652384 0.011192030054229285
