1 0.25635416666666666 0.612712962962963 0.0109375 0.045648148148148146
1 0.5717604166666667 0.5491851851851852 0.010192708333333333 0.038953703703703706
1 0.5325520833333334 0.4685185185185185 0.0078125 0.03148148148148148
1 0.36302083333333335 0.47685185185185186 0.007291666666666667 0.03148148148148148
0 0.85078125 0.5175925925925926 0.008854166666666666 0.03888888888888889
1 0.3184895833333333 0.5388888888888889 0.008854166666666666 0.044444444444444446
1 0.40963541666666664 0.5504629629629629 0.0078125 0.041666666666666664
1 0.41510416666666666 0.6069444444444444 0.010416666666666666 0.04537037037037037
1 0.5549479166666667 0.562962962962963 0.008854166666666666 0.044444444444444446
2 0.459375 0.589574074074074 0.009375 0.04351851851851852
1 0.50234375 0.6638888888888889 0.008854166666666666 0.05185185185185185
1 0.6200520833333333 0.6824074074074075 0.0203125 0.05
1 0.30442708333333335 0.525 0.0078125 0.03888888888888889
1 0.27109375 0.6393518518518518 0.009895833333333333 0.04722222222222222
1 0.22578125 0.6856481481481481 0.0109375 0.05092592592592592
2 0.93765625 0.8555648148148148 0.024687499999999998 0.06484259259259259
1 0.2609375 0.7912037037037037 0.014583333333333334 0.06388888888888888
1 0.8729166666666667 0.700462962962963 0.01875 0.05462962962962963
1 0.45286458333333335 0.6898148148148148 0.0109375 0.053703703703703705
1 0.39505208333333336 0.8870370370370371 0.015104166666666667 0.06666666666666667
1 0.49453125 0.6949074074074074 0.0171875 0.05462962962962963
1 0.051041666666666666 0.7962962962962963 0.014583333333333334 0.05555555555555555
1 0.2596458333333333 0.6016666666666666 0.011958333333333333 0.044842592592592594
2 0.34009375000000003 0.40859259259259256 0.005682291666666667 0.025944444444444444
