1 0.27583883044085533 0.5135134805215348 0.009631865177646404 0.03919886769475163
1 0.4860186592245716 0.4255383733800898 0.007559942927905539 0.02823409415580134
0 0.7888846399941493 0.4928490097458232 0.011267139784752444 0.04078864123370209
1 0.31730289247534865 0.46126914204777625 0.007559942927905361 0.028234094155801515
1 0.38819328122664365 0.5146747857171102 0.011194365177646404 0.03922614123370209
1 0.68756608085514 0.6569854220828436 0.014828787427387446 0.05021818831160267
1 0.23713589537083277 0.5735157719173924 0.01133991439185813 0.042351141233702094
1 0.538047732012432 0.5151815259778776 0.011048815963434678 0.036101141233702096
1 0.4805198682825275 0.6106400763021892 0.011631012820281584 0.04860114123370209
1 0.3825211699779386 0.5694168327950109 0.01133991439185813 0.042351141233702094
1 0.4302073451231637 0.6685031692401745 0.01482878742738727 0.05021818831160267
1 0.20911359512316374 0.6723623750016476 0.011849336641599173 0.0532886412337021
2 0.4086470223353035 0.5783281826328551 0.01133991439185813 0.042351141233702094
1 0.3021295026905963 0.5021259671288542 0.009559090570540541 0.03763636769475163
2 0.8838481137344136 0.8338813384803491 0.021660984284234176 0.06282728246740418
1 0.26042784615662107 0.5762316688331375 0.01155823821317572 0.04703864123370209
1 0.4990216193159848 0.515082114451636 0.015663541356328813 0.03462046185055314
1 0.7300853746926683 0.5820848336090851 0.011412688998963994 0.043913641233702096
1 0.5489359203922234 0.7171707199715233 0.021442660462916763 0.058139782467404186
1 0.2853893048002922 0.6101430186709818 0.01312073821317572 0.04706591477265239
1 0.24331946712523572 0.7591941732973643 0.019807385855810898 0.05655000892845372
1 0.0878656796978483 0.8118669801144975 0.02151543507002258 0.0597022824674041
1 0.3899867977709789 0.8784100032497062 0.021952082712657715 0.06907728246740419
2 0.32482860215247705 0.40024982143092525 0.00912244292790545 0.028261367694751627
