1 0.21844791666666669 0.37982407407407404 0.021453125 0.05387037037037037
1 0.63046875 0.1712962962962963 0.008854166666666666 0.037037037037037035
0 0.07291666666666667 0.31851851851851853 0.010416666666666666 0.04814814814814815
1 0.3807291666666667 0.24537037037037038 0.010416666666666666 0.04814814814814815
1 0.25416666666666665 0.42083333333333334 0.014583333333333334 0.05462962962962963
2 0.48151041666666666 0.38842592592592595 0.009895833333333333 0.05648148148148148
2 0.9135416666666667 0.9009259259259259 0.025 0.1037037037037037
1 0.4276041666666667 0.2490740740740741 0.010416666666666666 0.04259259259259259
1 0.1078125 0.611574074074074 0.01875 0.07314814814814814
1 0.84296875 0.31296296296296294 0.0109375 0.053703703703703705
1 0.8934895833333333 0.3680555555555556 0.009895833333333333 0.062037037037037036
1 0.48776041666666664 0.2898148148148148 0.015104166666666667 0.04814814814814815
1 0.19505208333333332 0.325 0.016145833333333335 0.05
1 0.22161458333333334 0.41805555555555557 0.0203125 0.05277777777777778
1 0.24479166666666666 0.4375 0.014583333333333334 0.06018518518518518
1 0.8729166666666667 0.2740740740740741 0.010416666666666666 0.04814814814814815
1 0.6299479166666667 0.3976851851851852 0.016145833333333335 0.058333333333333334
1 0.3958333333333333 0.5643518518518519 0.014583333333333334 0.06759259259259259
1 0.190625 0.5898148148148148 0.026041666666666668 0.06666666666666667
1 0.7854166666666667 0.5564814814814815 0.015625 0.07962962962962963
1 0.6583333333333333 0.3685185185185185 0.010416666666666666 0.06111111111111111
1 0.72734375 0.5412037037037037 0.018229166666666668 0.075
1 0.46328125 0.5268518518518519 0.0234375 0.06296296296296296
2 0.4918802083333333 0.12872222222222224 0.009260416666666667 0.03142592592592593
