2 0.6651065789793976 0.7209741652159185 0.02518185642649069 0.007414393713693812
1 0.6199461578257812 0.4716612158778723 0.034602320533113406 0.009413541356328992
1 0.5778088189502678 0.6292896253073317 0.03621028463973612 0.011048815963434678
1 0.6186276987337236 0.5169737158778723 0.031431856426490865 0.007705492142117265
1 0.21561297664303503 0.11800094499482003 0.04907399749271753 0.024131012820281583
1 0.5022752730277606 0.5365883949520388 0.04411371285298138 0.014537688998963993
1 0.510397661586705 0.49941588068401516 0.04411371285298138 0.014537688998963993
1 0.30908023634296045 0.8311259913135476 0.05679556927947225 0.021369885855810723
1 0.5341858172344082 0.3002527886657325 0.04425010517284953 0.019225188998963992
1 0.17770953054960797 0.5871854385846792 0.06290917695960414 0.016973484284234175
2 0.4624004307870349 0.5089150051672865 0.04723871285298138 0.01468323821317572
1 0.6236668882297399 0.6126500889134016 0.03611935642649069 0.007923815963434677
1 0.5671775443396616 0.7258007522718024 0.03781824874635866 0.01268409057054054
2 0.17281772288211134 0.08315075599585603 0.07590928213245363 0.034743181141081145
1 0.4664982120615586 0.31431098056018064 0.0441591769596041 0.016100188998963993
1 0.5668331811827463 0.3612288300220614 0.0441591769596041 0.016100188998963993
1 0.48814326220720794 0.7534120219165096 0.047284176959604095 0.01624573821317572
1 0.23782501346084914 0.7527055847795723 0.06130121285298147 0.015338209677128489
1 0.37048440076615224 0.7103811517764644 0.05357964106622681 0.018099336641598997
1 0.22278897915031742 0.14023981803034932 0.07572742570596291 0.02849318114108117
1 0.3510858799164697 0.8393409057054058 0.05982964106622681 0.01839043507002245
1 0.4069079148854103 0.21139999627594636 0.05353417695960409 0.016536836641599172
1 0.3704425998290802 0.5773867152586998 0.055323997492717505 0.024422111248705036
