1 0.6370138388452563 0.4059400565339768 0.010575401451278842 0.034866322930778536
1 0.28910212850097006 0.4174486080951718 0.0106299651536097 0.03642882293077854
0 0.7990599710592414 0.40504037708990615 0.010575401451278665 0.034866322930778536
1 0.3331001543616857 0.34539986770611025 0.008958337748947987 0.03322193577564878
1 0.23874746443581948 0.4249844691310198 0.01079365626060227 0.041116322930778534
1 0.7807638388452564 0.4134736748059139 0.010575401451278842 0.034866322930778536
1 0.24382434483570609 0.4589057677515388 0.011011911069925695 0.04736632293077854
1 0.4883481603521355 0.4271079703742153 0.010575401451278665 0.034866322930778536
1 0.385560466249918 0.3896312245580867 0.007450401451278843 0.034702548620519025
1 0.6292013388452563 0.405530620758328 0.010684528855940557 0.03799132293077854
1 0.46795132559841235 0.4956975180902231 0.014027783665263981 0.04440509724103805
1 0.6670435900263827 0.4873471867917016 0.010957347367594749 0.04580382293077854
1 0.5068128958393472 0.7724547698992454 0.016517866604888454 0.07104948439616762
2 0.4904091681566838 0.4577404946844747 0.012465283665263982 0.044323210085908296
1 0.3645535070867581 0.49810546585165943 0.010902783665263982 0.04424132293077854
1 0.27316959365457977 0.3806103493887446 0.010629965153609611 0.03642882293077854
1 0.45774300109630833 0.4294174208491851 0.013809528855940556 0.03815509724103805
1 0.8238342486492376 0.614531563770066 0.0176438569862416 0.058631371551297565
1 0.21847711525412614 0.5123649604245925 0.014355165879249121 0.05378009724103805
1 0.7640227390305908 0.6239198518751354 0.014409729581580067 0.05534259724103805
1 0.2598610286863045 0.6272396879233553 0.016135920688572548 0.06011198439616781
1 0.32562987242570224 0.6713858355939346 0.01942461179556503 0.06496325870642732
2 0.23582585027800168 0.3293444205105008 0.010520837748947987 0.033303822930778534
