0 0.8397689436039745 0.5892619005336102 0.009602258976990186 0.03949914764263518
1 0.9268831242239379 0.5253321412279852 0.014307939695149586 0.04284247146395277
1 0.5979081756499938 0.6561432237357551 0.008012487899751619 0.03473887303552914
1 0.3288581938003663 0.6951884913135477 0.006395445745273865 0.025291098428423454
1 0.5635513563681529 0.6514171823794263 0.008021578258831142 0.036301373035529313
1 0.2357445189359395 0.5814470148871962 0.009584078258831142 0.03637414764263518
1 0.6642331332991243 0.5388872572342012 0.008085210772388506 0.047238873035529316
1 0.23236953406125008 0.6242702156729845 0.009574987899751619 0.03481164764263518
1 0.7429484857584523 0.575374874893047 0.009611349336070062 0.04106164764263518
1 0.8431984706331418 0.5370636997478219 0.009574987899751619 0.03481164764263518
1 0.2734672327333902 0.5449123554577368 0.011137487899751618 0.034884422249740865
1 0.4795036092950191 0.59123735359571 0.009611349336070062 0.04106164764263518
1 0.6221365368899204 0.521297342842343 0.011210210772388507 0.04738442224974086
1 0.5518422176080796 0.5148974855225793 0.012754530054229284 0.0443321968568469
1 0.2744626270526083 0.3738186054577367 0.012836343285945873 0.05839469685684691
1 0.22191382309246976 0.5409482934232435 0.015861349336070064 0.041352746071058634
1 0.4154729255517978 0.5827848447043698 0.01271816861791084 0.038082196856846905
1 0.6011978438751211 0.359340998342861 0.011292024004105094 0.06144692224974104
1 0.6262932926454571 0.3440991420565547 0.014426114363184795 0.06315497146395269
1 0.34444787412574207 0.4333434627775004 0.009684072208706951 0.05356164764263518
2 0.2053409640920382 0.1658562481379732 0.01918633723582166 0.07587329528527027
2 0.44074109114464655 0.5378554884180635 0.012772710772388507 0.047457196856846906
1 0.22914103669352864 0.37327064185166686 0.011264752926866173 0.056759422249741044
2 0.5660945733870573 0.751562731593638 0.006413626463433175 0.028416098428423454
