1 0.5978507634439634 0.6317234291376822 0.03481164764263518 0.010375210345699059
1 0.5843192262214637 0.2857122471635131 0.03637414764263518 0.010420674452321688
0 0.5996935916085071 0.7931693944979461 0.03481164764263518 0.010375210345699059
1 0.6566094491331584 0.32495895209893577 0.03317637303552914 0.008767246239076343
1 0.576491763648851 0.23600776385656053 0.04106164764263518 0.01055706677218975
1 0.5911554995902245 0.7754734291376822 0.03481164764263518 0.010375210345699059
1 0.5426069152204277 0.24323524214894818 0.04731164764263518 0.01073892319868044
1 0.5758217138154669 0.4849082651102018 0.03481164764263518 0.010375210345699059
1 0.6126924751880064 0.3800700009244368 0.034666098428423456 0.007250210345698971
1 0.5982146364794926 0.6239109291376822 0.03793664764263518 0.010466138558944493
1 0.5071273717971841 0.4689626678549111 0.0443321968568469 0.013772994985435005
1 0.5166349966947403 0.6668545985754389 0.04574914764263518 0.010693459092057721
1 0.23065260897690262 0.5253791185671917 0.07096747146395269 0.01610838479802066
2 0.5452074146012551 0.488919815189344 0.044259422249740867 0.012210494985435005
1 0.5041179958661708 0.3660649883880245 0.04418664764263518 0.010647994985435005
1 0.621057246899628 0.2674790727111914 0.03637414764263518 0.010420674452321598
1 0.5733345686540311 0.4545531753767585 0.038082196856846905 0.013591138558944315
1 0.390389212162837 0.8312473706787629 0.058540246071058545 0.017307171945039102
1 0.48901103432701554 0.22138898588074207 0.053707196856846905 0.014045779625171128
1 0.3806546472328596 0.7722360835317441 0.055269696856846906 0.014091243731793846
1 0.3744005707209457 0.2699749015575751 0.060029971463952767 0.015790136051661817
1 0.3306462626153938 0.3383444683297648 0.06486302067816449 0.019051528371529968
2 0.6720953620772745 0.22698445335257703 0.03324914764263518 0.010329746239076343
