1 0.7099706052673667 0.4526067299455173 0.053270450668363625 0.014974336641599173
1 0.7123388905554142 0.7859093815170939 0.050109088001272714 0.011703787427387268
1 0.8062723459182312 0.5644645670014012 0.03760908800127263 0.01112159057054054
1 0.7460001066200022 0.3088181885891884 0.04854658800127272 0.011631012820281584
1 0.5692557932845477 0.3326667191921503 0.05953863200190899 0.016827935070022625
1 0.698924017266094 0.4624911521952583 0.03775453866963616 0.023621590570540717
0 0.6968562713240004 0.03625613792723467 0.05018181333545453 0.017953787427387437
1 0.7392377452260049 0.7557659631962943 0.05010908800127254 0.011703787427387268
1 0.681265991963729 0.23531222208763447 0.05014545066836362 0.014828787427387446
1 0.6705001199475025 0.35528011973026963 0.053270450668363625 0.014974336641599173
1 0.6199643179503659 0.33655154446120994 0.050199994668999895 0.019516287427387445
1 0.5512490385900944 0.538081965263209 0.07047613200190898 0.017337357319763668
1 0.6934525305538234 0.7985014268023642 0.05014545066836362 0.01482878742738727
1 0.37683303063336515 0.22762827047327666 0.07220226400381798 0.03147263192686944
2 0.5935098112667303 0.46271593817490364 0.05643181333545435 0.0182448858558109
1 0.6338342719207765 0.5537561610865984 0.05483295066836362 0.015047111248705036
2 0.11803435988227814 0.8612199822173198 0.09729317067154523 0.040449525640563165
1 0.4702546719446389 0.38568901943981937 0.06591590133672724 0.02805653349844599
1 0.5510966866247747 0.28275876447742065 0.06279090133672724 0.027910984284234264
1 0.3878239799490933 0.35673357361642977 0.07231135200509069 0.040847631926869445
1 0.5187979758911869 0.7769646827982202 0.07209317600254543 0.022097631926869355
1 0.4973229652291867 0.7436085272977022 0.06740567600254543 0.021879308105551942
2 0.864976278604412 0.41805829384203735 0.03448408800127254 0.010976041356328991
1 0.6990149239338213 0.4546786521952583 0.043895450668363624 0.014537688998963993
