0 0.48926190053361013 0.877067711006951 0.03949914764263518 0.012334979254075762
1 0.5612696412279851 0.9689368249090424 0.04284247146395259 0.017259277594401823
1 0.3998932237357551 0.6297415024987997 0.03473887303552923 0.01041728174358667
1 0.33581349131354765 0.3570843298834199 0.025291098428423454 0.008144386722608398
1 0.40141718237942625 0.5956033008391257 0.036301373035529313 0.010535680913749701
1 0.4408220148871962 0.2716222717948316 0.03637414764263518 0.012098180913749524
1 0.5232622572342012 0.7044832386013525 0.047238873035529316 0.011364475104890737
1 0.39770771567298446 0.26524129461534846 0.03481164764263518 0.011979781743586493
1 0.49412487489304696 0.780903106027929 0.04106164764263518 0.012453378424238793
1 0.5417511997478218 0.8841590832074122 0.03481164764263518 0.01197978174358667
1 0.48084985545773673 0.3120230514638257 0.034884422249740865 0.013542281743586492
1 0.45373735359571 0.5154906709649947 0.04106164764263518 0.012453378424238614
1 0.536922342842343 0.6634797303029828 0.04738442224974086 0.014489475104890737
1 0.5367724855225793 0.5934040286433089 0.0443321968568469 0.015815176764564676
1 0.6519436054577368 0.3249877605966768 0.05839469685684691 0.01688076929603195
1 0.48001079342324343 0.2605789506339887 0.041352746071058634 0.018703378424238616
1 0.45622234470436973 0.4518425680605652 0.038082196856846905 0.015341580083912731
1 0.696840998342861 0.6537998448297742 0.06144692224974087 0.015555067636357833
1 0.7144116420565547 0.680043036116486 0.06315497146395259 0.018798466806520864
1 0.5989684627775004 0.39103789047080795 0.05356164764263518 0.013400571785542858
2 0.8533562481379733 0.27018555188803295 0.07587329528527036 0.024433160167825197
2 0.5034804884180636 0.4803353435803744 0.047457196856846906 0.016051975104890738
1 0.6482706418516668 0.27955686142651376 0.056759422249741044 0.01519987012586892
2 0.30156273159363794 0.5911507539486922 0.028416098428423454 0.00838118506293437
