1 0.7776411274453918 0.6521459980971958 0.02218407220870695 0.05401633794672147
1 0.3647133596878026 0.8431822445999735 0.009593168617910841 0.037882001977166624
0 0.9225991034412868 0.7190045287432743 0.011219301131468028 0.04888316897336083
1 0.6143593565645447 0.7798996304929791 0.011219301131468028 0.04888316897336083
1 0.7419399767814618 0.6100566571847248 0.01594316256778665 0.05532416996194396
2 0.5151911244203295 0.6328561927365379 0.00970225292686635 0.056632001977166266
2 0.08536026219844427 0.10272043479069153 0.02559996369925477 0.10414367193911027
1 0.5675070824622437 0.7740833706071474 0.011192030054229285 0.04419566897336082
1 0.8899285457687149 0.4246351048269975 0.019177246876741806 0.07420150395433271
1 0.15303149200496818 0.6938985331175364 0.011246572208706996 0.053570668973360824
1 0.10257294975229463 0.6363606057412186 0.009738614363184706 0.06288200197716627
1 0.5083684317983137 0.7310390247517604 0.015906801131468206 0.04907416996194378
1 0.8007604648776052 0.7077885030401116 0.01591589149054764 0.050636669961943784
1 0.7747388412428424 0.613737414104807 0.020621572208706952 0.053952670950527096
1 0.7514149707313376 0.5932511591618911 0.015970433645025393 0.06001166996194396
1 0.12234002820751758 0.7309382766917457 0.011219301131468162 0.04888316897336083
1 0.36680816657480736 0.6174328280980708 0.015970433645025393 0.06001166996194378
1 0.6021512898167867 0.4605766275272295 0.016024975799503238 0.06938666996194379
1 0.8069887807416002 0.44313575402869476 0.026953385440423628 0.06826983893530461
1 0.21148083802138856 0.4524723784786316 0.016088608313060516 0.08032416996194378
1 0.33851499493183446 0.6451930721665718 0.011292024004105094 0.061383168973360824
1 0.2699836844305924 0.47048489083592127 0.019186337235821683 0.07576400395433272
1 0.5339643711988759 0.4953071131927735 0.023801114363184793 0.06345500494291585
2 0.5027446248131131 0.8917855237631773 0.009556807181592398 0.031632001977166625
