2 0.5840601026766324 0.6540666180447946 0.040843205547083275 0.011504066033373662
1 0.478375106760695 0.7398226543408416 0.03615570554708327 0.011258404567984215
1 0.4386514580156254 0.37412241123824663 0.0345204703647223 0.008051517412854547
1 0.6209606906325352 0.6638034661903437 0.05334320554708327 0.012159163274411532
1 0.42221406610750056 0.6401225474888653 0.0313954703647223 0.007887743102595124
0 0.5200021751493062 0.8855788896415205 0.040843205547083275 0.011504066033373306
1 0.4933643271254173 0.7468505823145744 0.040843205547083275 0.011504066033373483
1 0.6660381077106255 0.7231275565339768 0.05359777868534721 0.02309666327441153
1 0.5319566612815979 0.8627964868825586 0.040806837955902786 0.00994156603337366
1 0.4901587534184724 0.34092813093509333 0.04396820554708327 0.011667840343632996
1 0.5186701855985422 0.5936779946844748 0.04396820554708327 0.011667840343633173
1 0.618295511205348 0.951593393259565 0.05334320554708327 0.012159163274411355
1 0.44201350056868094 0.41799524197094123 0.03459320554708327 0.011176517412854636
1 0.481298125378056 0.6307342593837959 0.040843205547083275 0.011504066033373662
1 0.5312052467689587 0.5287899790806424 0.040843205547083275 0.011504066033373662
1 0.6048810957427783 0.6434533446390462 0.05040004350298606 0.019807888964152198
1 0.7587548974138896 0.8512735679539375 0.06595230832062508 0.017501760515449404
1 0.6060383265567364 0.35792528041469496 0.0534159407294446 0.015284163274411533
1 0.5652568577106256 0.7178458350281078 0.04396820554708327 0.011667840343632996
1 0.6427473844961117 0.7952548620519007 0.0502909407294446 0.015120388964152198
2 0.951785931230139 0.3276667288534999 0.07867051386770854 0.027531857756487633
1 0.6048979731176046 0.577128981794176 0.053415940729444424 0.01528416327441171
1 0.7297706865484728 0.5782112042045562 0.06144664627652787 0.025068599050060314
2 0.3806636521635422 0.6988081507227971 0.0282704703647223 0.0077239687923356115
