1 0.5676810656946893 0.18773388767991875 0.01759029172311415 0.0375909035907962
1 0.5294230698785608 0.2914492401392468 0.014629066033373484 0.040697722872636975
1 0.3042869510407967 0.2330907977136226 0.014956614653892508 0.04694772287263689
1 0.45355993272343104 0.29257085772388536 0.02276911465389251 0.04699317466803503
1 0.3578103414752868 0.36000327653818787 0.017010437584671044 0.056331813231716585
1 0.7438850395754075 0.240337233794535 0.024004066033373662 0.04075226502711473
1 0.7923624038906157 0.41879857708048085 0.023915534825709094 0.06886817466803503
1 0.7610791836279421 0.2701338181034904 0.013721663274411534 0.05318863251355736
1 0.6994732982818348 0.2228861133812261 0.011749727498762751 0.04536704215447766
1 0.7774810323393182 0.4343417638487642 0.025068599050060314 0.061064765027114734
1 0.2569848258714546 0.3453499031980127 0.015447937584671046 0.056322722872636885
1 0.42275366802410996 0.25409871018321334 0.014956614653892508 0.04694772287263689
1 0.3831157994134885 0.6227305355151783 0.02893058344622812 0.07514544574527378
2 0.889299443127339 0.8804405799091513 0.049072665083433976 0.10181703005422946
1 0.5508034249215149 0.2861032099868216 0.01808161465389251 0.0469659035907962
1 0.3807874960432711 0.32418849638576275 0.013721663274411534 0.05318863251355736
1 0.4258233570791191 0.3744657523376911 0.01528416327441171 0.05319772287263689
2 0.4692424864323327 0.36612198721238054 0.018736711894930556 0.05946590359079611
1 0.4486190479431505 0.44649528844204456 0.020381099050060313 0.06103749394987581
1 0.33540971901947814 0.39972885187015283 0.018736711894930556 0.0594659035907962
1 0.5741369470840678 0.5566338786047325 0.033290534825709095 0.06892271682251269
1 0.5346395143606368 0.26647196603694584 0.011667840343633173 0.04380454215447767
2 0.38888768034858184 0.1398044060266831 0.011012743102595035 0.03130454215447771
