1 0.8357862880112513 0.5678530938892778 0.03804563702330839 0.01606135200509069
1 0.7307342002623033 0.5362496525700499 0.04106150961864685 0.012972714672181595
1 0.7797991497219983 0.30746103389564117 0.04731150961864685 0.013045440006363318
1 0.7265253606992568 0.46048658390359537 0.04758432813030104 0.020857940006363408
1 0.6553373522617363 0.36908997191282217 0.05674107332097762 0.014717028007635946
1 0.7904713319281342 0.7473593278962775 0.04138889183263217 0.022347714672181596
1 0.614365188914376 0.8072444999204581 0.06945932813030105 0.02111247867599957
1 0.7614385963561044 0.7664547732336409 0.053506945916316086 0.011555665340545218
1 0.8060764845605395 0.7018468332272776 0.04563988221398496 0.009902258672817865
1 0.5982491155933982 0.7933638132559127 0.06170139183263199 0.022584072008272216
1 0.6658532116102307 0.26736383991091317 0.05668650961864685 0.013154528007636035
1 0.7636607729503088 0.42722864123173193 0.04731150961864685 0.013045440006363406
1 0.39420144482000763 0.4112069359484569 0.0758730192372937 0.02587270401018138
2 0.1576563758450172 0.9337017433163645 0.10309028366526399 0.04493178668045417
1 0.7369395602437698 0.5572797679026408 0.047420637023308565 0.016170440006363408
1 0.6920114622432028 0.38976555124127693 0.053506945916316086 0.01155566534054504
1 0.6436756551642939 0.43800360391473114 0.05356150961864685 0.013118165340545218
2 0.6537699069783924 0.4808723565802312 0.05992063702330856 0.01631589067472703
1 0.5727282381039185 0.46540244525782165 0.06153770072563951 0.017896572008272393
1 0.6147842741314351 0.349241095918231 0.05992063702330856 0.01631589067472685
1 0.4679365890997104 0.5979251386060028 0.06978671034428637 0.030487478675999567
1 0.7558706095181303 0.5398650012333228 0.04407738221398514 0.0098840773392725
2 0.876331898540872 0.38605765388291446 0.03157738221398532 0.009738626670908879
