1 0.5687563463615088 0.17093717505878425 0.01737159057054054 0.037863675911805575
1 0.5311043349889693 0.275607144473576 0.014392139784752267 0.04091594072944442
1 0.3056356081483331 0.22388556278593724 0.01468323821317572 0.047165940729444425
1 0.4552503103818634 0.2789334726458329 0.02249573821317572 0.04734777868534721
1 0.35989711497275867 0.3490479105254858 0.0166823858558109 0.056577308320625
1 0.7452610343270155 0.21833558586861052 0.023767139784752266 0.04113414627652785
1 0.7947772291169478 0.39511498499492986 0.023514582712657627 0.06922277868534721
1 0.7626283167920043 0.2475866747744438 0.013411836641599173 0.053379573138263935
1 0.7007490550051799 0.20220274601284666 0.011485463606069857 0.04553070554708329
1 0.7799869830458892 0.41106729331555486 0.02471320967712849 0.06144664627652783
1 0.2589895864367114 0.337349303952222 0.0151198858558109 0.05654094072944442
1 0.424220788255957 0.24141594206062464 0.01468323821317572 0.047165940729444425
1 0.38673348097897464 0.6106387207459718 0.02849318114108117 0.07558188145888885
2 0.8944024700207198 0.8532339966784367 0.048480349461880935 0.10258079255305574
1 0.5524527961138398 0.2696474319926384 0.01780823821317572 0.04723867591180557
1 0.3826646809361934 0.3126194480445482 0.013411836641599173 0.053379573138263935
1 0.427992143508806 0.3615102365135413 0.014974336641599173 0.053415940729444424
2 0.4713611538478881 0.351916377756076 0.01839043507002245 0.059738675911805574
1 0.45120701158193643 0.43276698746347186 0.020025709677128488 0.06133754350298624
1 0.3377288624915593 0.38936443921083297 0.018390435070022627 0.059738675911805574
1 0.5773627890845265 0.539087109804305 0.03288958271265763 0.06944098423243047
1 0.5361749787026631 0.2505162254956245 0.011412688998963994 0.04396820554708336
2 0.38968958457468456 0.12828081563572882 0.010830492142117088 0.031468205547083364
