0 0.42547211447706357 0.8691782653614926 0.03933528463973612 0.011650131541796328
1 0.4909176065595047 0.9598557442442178 0.0425966769596041 0.016519642065139804
1 0.3543713189502678 0.6232217522779001 0.034602320533113406 0.009814615756780753
1 0.31062864528936895 0.35146857864272907 0.02518185642649069 0.007706084186749606
1 0.35849652929596676 0.5890287628012437 0.03616482053311341 0.009905621018452493
1 0.42273149168672985 0.26408894695975854 0.03621028463973595 0.011468121018452493
1 0.4727743264721152 0.6958541574266325 0.047102320533113404 0.010542657850155557
1 0.37985366989997515 0.2584613022637826 0.034647784639736126 0.011377115756780664
1 0.4376658890876698 0.7728492969315236 0.040897784639736125 0.011741136803468066
1 0.4777249362638182 0.8753519416274994 0.034647784639735946 0.011377115756780399
1 0.4599216031277855 0.3038185758707188 0.034693248746358665 0.012939615756780754
1 0.4172015910535915 0.5079299522214303 0.040897784639736125 0.011741136803468066
1 0.4896268573509275 0.654576710043351 0.04719324874635866 0.01366765785015538
1 0.4947977421489481 0.5844462205666947 0.04411371285298138 0.0150481473268119
1 0.6310153531277856 0.3137836520237863 0.05817621285298138 0.015867194681858442
1 0.46298441864633394 0.2523470811323906 0.041079641066226816 0.017991136803468068
1 0.42453436942512146 0.4441859706372818 0.03786371285298138 0.01468412628012441
1 0.6512008548436452 0.6420752519955514 0.06125574874635866 0.014486705205202099
1 0.6668796791376822 0.6680308072431058 0.0629091769596041 0.017702710466873838
1 0.5727194683297647 0.3808199626035997 0.05339778463973612 0.01246917889684287
2 0.837748737925806 0.2553928413027985 0.07554556927947224 0.02311825256024882
2 0.46990069371915855 0.4718706258566014 0.04723871285298138 0.01523015785015538
1 0.6307713122198433 0.2683801467621144 0.056568248746358664 0.014213689420186526
2 0.2584056010827214 0.5863294260542454 0.02830685642649069 0.007888094710093264
