1 0.3282378634778843 0.2996297919843747 0.00994368506293446 0.028306837955902785
0 0.8224829257156575 0.40510692762423545 0.018703378424238793 0.04098867591180557
1 0.6035445941818524 0.350932493163055 0.012098180913749524 0.03615570554708336
1 0.26024303484386424 0.43535039285805527 0.010890878424238614 0.040806837955902786
1 0.22470919916087423 0.3691084502287498 0.010654080083912554 0.03768183795590278
1 0.2283185286200869 0.424395362272847 0.012453378424238614 0.040843205547083275
1 0.8433604203170727 0.5824318406182631 0.025900571785543038 0.05363414627652787
1 0.6142504929278081 0.7242420533835411 0.017472765146846925 0.0659159407294446
1 0.5462173462564449 0.35616616024114534 0.01197978174358667 0.03459320554708336
2 0.35168425102568523 0.46363708738722187 0.012926975104890737 0.047093205547083274
1 0.6726712572494626 0.46786411360402713 0.016288773445216797 0.0502909407294446
1 0.7665135777856056 0.5982581687905201 0.022420374275053768 0.04887391109416654
1 0.7210495576643811 0.4675179682774299 0.012926975104890737 0.047093205547083274
1 0.4721044174172877 0.3976646356398607 0.012453378424238614 0.040843205547083275
1 0.3105982323543533 0.4294991299402774 0.017140878424238615 0.04095230832062491
1 0.5638756750909575 0.503930859804305 0.025308575934727705 0.04582164627652787
1 0.2132729464615819 0.4582800530022915 0.017614475104890736 0.04720230832062491
1 0.29051884023316016 0.6327332327138192 0.01891686597668398 0.06438980832062491
1 0.22273934438234505 0.6421095391345831 0.022160265146847012 0.06602504350298624
1 0.34669890786951807 0.5705956022048608 0.02012416846619498 0.059738675911805574
1 0.543503975505876 0.5051848884896523 0.01929537427505377 0.04880117591180557
1 0.5927665792354981 0.6990063172512494 0.025285265146846925 0.0660977786853472
2 0.13656135558049984 0.8531210807377082 0.030919958508151213 0.0787068814588892
2 0.5393771956363892 0.26118096856177037 0.011269386722608488 0.02521820554708336
