1 0.5362230102409951 0.33627453369569604 0.03960853157003115 0.012106516091543363
1 0.46386070478167907 0.5366244589379623 0.02858002630835923 0.009779191585911206
0 0.5543539860693615 0.8479550788682332 0.041171031570031144 0.012215776735204997
1 0.48693564178279125 0.3717314324548588 0.028489021046687314 0.008216691585911207
1 0.5459003890813682 0.4489930549830195 0.03960853157003115 0.012106516091543363
1 0.7113936703690505 0.7655681858090535 0.0507280420933748 0.01599634059717552
1 0.5935048892225424 0.304488938154842 0.042733531570031145 0.01232503737886681
1 0.5577618942018656 0.5992115762703429 0.03648353157003115 0.011887994804219915
1 0.6491989653050227 0.552696845211878 0.048983531570031144 0.012762079953513705
1 0.6004058785580245 0.4496921775111803 0.042733531570031145 0.01232503737886681
1 0.7034545548240314 0.5090286087055313 0.0507280420933748 0.01599634059717552
1 0.6905773102974647 0.28793485870553126 0.05367103157003115 0.013089861884498965
2 0.6113279680064458 0.47691024137315063 0.042733531570031145 0.01232503737886681
1 0.5267870970585806 0.3612909591900639 0.03795502630835941 0.010434755447881638
2 0.9037841096480628 0.9828752901519838 0.0635920631400623 0.023120425746469664
1 0.5979949681476203 0.32814495944216543 0.04742103157003115 0.01265281930985207
1 0.5547055126600695 0.560094445948512 0.03519404735504672 0.0164662341605581
1 0.6394500519108468 0.799440805235121 0.04429603157003115 0.012434298022528623
1 0.7612887126035996 0.6336733296245376 0.058904563140062295 0.022792643815484227
1 0.6339170575960417 0.35711119360272364 0.04751203683170289 0.01421531930985207
1 0.7803069392084251 0.33233470475058846 0.057251057878390375 0.021120883171822414
1 0.8213884235645839 0.18270604534776394 0.060467063140062206 0.02290190445914595
1 0.9110549522214303 0.49320078495620373 0.06984206314006229 0.023557468321116205
2 0.4262711575678068 0.37215776735205114 0.028489021046687314 0.008216691585911207
