1 0.35 0.371875 0.01015625 0.03515625
1 0.696875 0.4015625 0.009375 0.0359375
0 0.18828125 0.3625 0.009375 0.03359375
1 0.65546875 0.32734375 0.0078125 0.0328125
1 0.746875 0.41171875 0.01015625 0.04140625
1 0.20625 0.371875 0.01015625 0.034375
1 0.740625 0.4453125 0.01015625 0.046875
1 0.49765625 0.40078125 0.009375 0.03359375
1 0.6015625 0.36875 0.00703125 0.03359375
1 0.3578125 0.371875 0.00859375 0.0375
1 0.515625 0.4703125 0.01171875 0.04375
1 0.3171875 0.4515625 0.009375 0.0453125
1 0.4671875 0.74453125 0.0140625 0.0703125
2 0.49453125 0.43125 0.0109375 0.04296875
1 0.61875 0.478125 0.01015625 0.04453125
1 0.7140625 0.365625 0.01015625 0.0359375
1 0.528125 0.4046875 0.01171875 0.0375
1 0.15625 0.5703125 0.01484375 0.0578125
1 0.7640625 0.5 0.01328125 0.053125
1 0.215625 0.5828125 0.0125 0.0546875
1 0.71875 0.6125 0.0140625 0.059375
1 0.6515625 0.653125 0.0171875 0.0640625
2 0.753125 0.31640625 0.00859375 0.0328125
