1 0.4602719564169469 0.26071590664856314 0.03960880321830871 0.0110011439408634
1 0.5302245514535978 0.46007843573629825 0.028562042574646895 0.008545823637421535
0 0.43615321529589773 0.7722593134663042 0.04128056386197052 0.012691189698497852
1 0.5091029403254035 0.2955693966466234 0.028562042574646895 0.008545823637421712
1 0.4492801900733019 0.37347099816383217 0.03971806386197052 0.0125636439408634
1 0.2802088539156019 0.6917740722602957 0.05087408514929388 0.016581464244305268
1 0.4034099512211668 0.22962514543867546 0.04284306386197034 0.01281873545613248
1 0.43566616828177535 0.5237260896791012 0.03659306386197052 0.012308552425594144
1 0.3448497801662744 0.47831760801599066 0.04909306386197043 0.013328918486670638
1 0.3948112113606254 0.37481009968104095 0.04284306386197034 0.01281873545613248
1 0.29115097979795734 0.4353167781696512 0.05087408514929388 0.016581464244305087
1 0.3066113608760928 0.2142230281696512 0.05378056386197043 0.013711555759574168
2 0.38357878041837595 0.40213787422684816 0.04284306386197034 0.012818735456132347
1 0.46940665579652824 0.2856043363451214 0.03804630321830871 0.01087359818322886
2 0.08542695959591459 0.9111931072670846 0.06381112772394082 0.023851830305381582
1 0.3986460415662408 0.25331773695394455 0.04753056386197034 0.01320137272903601
1 0.4391789343733188 0.48459981680028397 0.0353583457929556 0.016868506667959693
1 0.35169608782405853 0.7247781487726555 0.044405563861970435 0.012946281213767109
1 0.23190202991417283 0.5605557652927736 0.059123627723940864 0.023469193032477874
1 0.36241361062399124 0.2826862436219043 0.04763982450563216 0.01476387272903601
1 0.2164344751063803 0.2596468405971851 0.05745186708027905 0.021779147274843248
1 0.17714201818523032 0.11060330484149028 0.060686127723940816 0.023596738790112336
1 0.08390656234936114 0.42193915969267887 0.07006112772394082 0.024362013335919384
2 0.5697126583944183 0.2952826120988766 0.028671303218308707 0.010108323637421623
