2 0.637144463883514 0.6931742180935412 0.009706886722608488 0.025090906667727175
1 0.39423583608397533 0.6379578173933609 0.008854781743586494 0.03444772533418181
1 0.5564524161678879 0.6023123134149962 0.012098180913749524 0.036046588001272716
1 0.4395483360839753 0.6384850760661788 0.00861798340326061 0.03132272533418181
1 0.09123661617717664 0.22000451201463572 0.025545374275053722 0.04869203866963619
1 0.473309874676039 0.5231509774029058 0.015815176764564676 0.043895450668363624
1 0.4352770784103055 0.5297458753978151 0.015815176764564676 0.043895450668363624
1 0.7904059767552759 0.3423031561107222 0.023012370125868743 0.05646817600254535
1 0.2339154879534307 0.5453874147039983 0.020502676764564676 0.04394999466899989
1 0.5633843033147036 0.20125834341181456 0.018798466806520864 0.06266363200190898
2 0.4506070031002777 0.48222598539940603 0.016051975104890738 0.04702045066836362
1 0.5342688402331601 0.647406637412451 0.010535680913749523 0.03602840666772735
1 0.6539194120187031 0.5956270560948138 0.013779080083912732 0.03762726933481808
2 0.06173929294174132 0.17587270401018135 0.03849566016782515 0.07538180800445433
1 0.2561941522704407 0.47839990937299814 0.017377676764564677 0.04391363200190899
1 0.29068570620984413 0.5804533053787252 0.017377676764564677 0.04391363200190899
1 0.6910893705268542 0.5178656827657228 0.017614475104890736 0.047038632001908984
1 0.720970737752938 0.2679929521005408 0.017117567636357835 0.061082950668363625
1 0.662587707459244 0.39867933076063206 0.01965057178554268 0.05330681333545453
1 0.11251962032636151 0.22807155068427193 0.03068316016782515 0.07529090133672715
1 0.7934591991608743 0.384563381444904 0.020124168466194803 0.05955681333545444
1 0.16093011907696167 0.41473630402608974 0.018088071785542816 0.05328863200190899
1 0.5300712053846516 0.3932276674092693 0.02601897095570589 0.054942038669636165
