1 0.64684433288038 0.5959866676177803 0.028671303218308707 0.009943685062934549
0 0.5648387601394587 0.10174160538000718 0.04171760643661741 0.018703378424238616
1 0.6085894880958305 0.3206799369138123 0.03648380321830871 0.010535680913749523
1 0.5084266890648957 0.6639814962518005 0.04128056386197034 0.012453378424238614
1 0.5727734123296907 0.6995153319347904 0.0379370425746469 0.009091580083912554
1 0.5178509655479994 0.6959060024755778 0.04128056386197052 0.012453378424238614
1 0.3891174943000168 0.08086411077859192 0.05465464901126431 0.025900571785542816
1 0.2371022541873739 0.3099740381678565 0.06649908514929388 0.017472765146847015
1 0.6006952246021772 0.37800718483921986 0.03503056386197052 0.011979781743586493
2 0.4845135776845998 0.5725402800699795 0.04753056386197052 0.012926975104890737
1 0.49530252027891725 0.2515532738462021 0.05087408514929379 0.016288773445216797
1 0.36975585308242265 0.15771095331005913 0.04974862772394086 0.022420374275053768
1 0.49790835023243113 0.2031749734312836 0.04753056386197052 0.012926975104890737
1 0.5558801153155682 0.45212011367837696 0.04128056386197034 0.012453378424238614
1 0.5166105296620713 0.6136262987413114 0.0416083457929556 0.017140878424238615
1 0.4542790465099193 0.3603488560047071 0.04684214901126431 0.025308575934727705
1 0.4833831303987054 0.7109515846340828 0.0478583457929556 0.017614475104890736
1 0.3131577477310861 0.6337056908625044 0.06504584579295561 0.018916865976683895
1 0.30064704005363146 0.7014851867133196 0.06682686708027905 0.022160265146846925
1 0.3777008489719233 0.5775256232261465 0.060467606436617326 0.020124168466194803
1 0.4520774081423168 0.3807205555897886 0.04953010643661741 0.01929537427505377
1 0.26124459453244786 0.33145795186016663 0.06704538836760258 0.025285265146847015
2 0.08635531108885341 0.7876631755151647 0.07987317029858776 0.030919958508151168
2 0.6950243788092216 0.38484733545927535 0.02565556386197034 0.0112693867226084
