1 0.51875 0.2576548084653343 0.0390625 0.0125636439408634
1 0.434375 0.47079227937759927 0.028125 0.010108323637421535
0 0.50703125 0.7711114016475933 0.040625 0.012691189698497852
1 0.4671875 0.3009263184672739 0.028125 0.008545823637421712
1 0.521875 0.3698997169500652 0.0390625 0.0125636439408634
1 0.66953125 0.6640966428536016 0.05 0.016581464244305087
1 0.578125 0.21687056967522195 0.0421875 0.01281873545613248
1 0.525 0.5196446254347962 0.0359375 0.01230855242559432
1 0.61953125 0.4588031070979067 0.0484375 0.01332891848667046
1 0.5765625 0.3623106154328565 0.0421875 0.01281873545613248
1 0.6765625 0.4064914369442462 0.05 0.016581464244305087
1 0.6765625 0.1853976869442462 0.053125 0.013711555759574168
2 0.5859375 0.38810784088704925 0.0421875 0.01281873545613248
1 0.5078125 0.284328878768776 0.0375 0.01087359818322886
2 0.85 0.8540526078468126 0.0625 0.023851830305381582
1 0.58125 0.24005297815995288 0.046875 0.01320137272903601
1 0.52421875 0.4806458983136134 0.034375 0.016868506667959693
1 0.5953125 0.709217566341242 0.04375 0.01294628121376693
1 0.72734375 0.5234399498211237 0.0578125 0.023469193032477874
1 0.615625 0.2638094714919931 0.046875 0.01476387272903601
1 0.7640625 0.2165363745167122 0.05625 0.021779147274843248
1 0.8140625 0.05932991027240708 0.059375 0.023596738790112332
1 0.8859375 0.35893155542121846 0.06875 0.024362013335919565
2 0.40625 0.3105881030150208 0.028125 0.008545823637421623
