1 0.7035060186643911 0.6081221690793709 0.028261367694751627 0.009450594710093263
0 0.5775364391223816 0.11182256370475954 0.040897735389503254 0.017991136803468068
1 0.6408115551922803 0.33180186376122933 0.03607386769475163 0.009905621018452493
1 0.5701401396055537 0.6737611215831498 0.04078864123370209 0.011741136803468066
1 0.6380367516182626 0.7104728953312603 0.03760909415580134 0.00843412628012441
1 0.5824316339235108 0.705891082120611 0.04078864123370209 0.011741136803468066
1 0.39881142126547414 0.08782216353535033 0.053506829545304765 0.02496917889684287
1 0.2659109667185217 0.31453512393163713 0.06584318831160267 0.016322220990217674
1 0.6379007893639677 0.38906062691540894 0.034538641233702094 0.011377115756780753
2 0.5380349772685333 0.581785724185751 0.04703864123370209 0.012105157850155378
1 0.5206978782447632 0.26059326364828983 0.05021818831160267 0.015412168373499124
1 0.38607168790456564 0.16442246089039697 0.0487647824674041 0.021571163111827295
1 0.5190711485373027 0.21220126627912572 0.04703864123370209 0.012105157850155469
1 0.5992979853862082 0.462475011088041 0.04078864123370209 0.011741136803468066
1 0.5739548863591428 0.6234881057981344 0.04087046185055314 0.016428636803468066
1 0.4889587288933863 0.36879987677423454 0.045694329545304765 0.02451415258848364
1 0.5490560722351135 0.7203476952465557 0.047120461850553144 0.01679265785015538
1 0.37091170697599385 0.6400062898154747 0.06430796185055296 0.017793715728545757
1 0.3642719691508584 0.7076488161238339 0.06592500892845372 0.021009720990217674
1 0.43094918019063255 0.5848945846102727 0.05964773538950343 0.01908319994353036
1 0.4885320348997408 0.3891578794050705 0.048710235389503434 0.018446163111827295
1 0.29210131980277687 0.33647103711405163 0.06597955600635448 0.024134720990217674
2 0.15612427840362372 0.7901560211878618 0.07856137662320543 0.0295502630835923
2 0.7334587512145208 0.39757180595342606 0.025163641233702093 0.010831084186749607
