1 0.6045125961093842 0.4106717960633026 0.00846095318850324 0.04222386143631844
1 0.5367651741285455 0.3407320007855669 0.009614017412854637 0.03442045179539814
1 0.8001659328349726 0.35639232046019115 0.01759029172311415 0.0375909035907962
2 0.9841557462663545 0.9742605556294682 0.024004066033373305 0.04075226502711473
1 0.5703899016273082 0.3858626936039745 0.011831614653892509 0.046929542154477664
2 0.4239442695605611 0.30543991628021977 0.011340291723114149 0.03755454215447766
1 0.5651358355939348 0.3452558743221338 0.012984678878243727 0.039126132513557364
1 0.40691389981828596 0.3383615005891752 0.012902791723114149 0.03756363251355736
1 0.5003706507227971 0.3620439194034778 0.013394114653892685 0.046938632513557364
1 0.8154500961093841 0.40944459758755425 0.012159163274411355 0.0531795421544778
1 0.5181723043862702 0.373662675453602 0.010269114653892686 0.046920451795398145
1 0.20789654567984295 0.35827506655136626 0.014792840343632995 0.04382272287263689
1 0.7721261420163698 0.3432701517440845 0.01158595318850324 0.04224204215447767
1 0.8062798139972086 0.4134053897420319 0.015366050429541289 0.05476022287263689
1 0.6004801933504222 0.42319906714054145 0.013967324739800802 0.05787613251355737
0 0.13593965852471318 0.3571307230690287 0.021042840343633084 0.04385908430895542
2 0.5104350474888653 0.40496721760807974 0.015447937584671046 0.056322722872636934
1 0.8387890988229177 0.481987218099059 0.015939260515449406 0.0656977228726369
1 0.3819315892119793 0.4432262625912277 0.014049211894930557 0.05943863251355737
1 0.3011043130926975 0.39211828054520864 0.021534163274411534 0.053234084308955334
1 0.825566481794176 0.5875650524080144 0.02457063206674732 0.08136817466803503
1 0.28327940524535283 0.48443759075186305 0.019228034825709096 0.06884090359079628
1 0.7947834712787264 0.5220991336919077 0.024243083446227942 0.07511817466803503
1 0.6929288014455942 0.7258786395456402 0.03007700361804453 0.09702044574527377
