1 0.6339805618367879 0.4974150709316616 0.03508539502097818 0.012181006667959692
1 0.6548384361118416 0.5472555742656414 0.03844719336130424 0.01556109818322895
2 0.667406523244724 0.38523380638779403 0.03508539502097818 0.012181006667959782
1 0.6147676979346963 0.4282984091129508 0.03520379419114121 0.013743506667959694
1 0.6156198029137181 0.4190509548705853 0.038565592531467276 0.01712359818322895
1 0.6577014817528752 0.4620833488114487 0.03520379419114121 0.013743506667959694
1 0.6432156971095038 0.6192900709316616 0.03977289502097818 0.0125636439408634
1 0.641629886321623 0.6393474794163925 0.04133539502097818 0.012691189698497852
1 0.6152109415104263 0.7210440185060673 0.047703794191141215 0.01476387272903601
1 0.61414165851744 0.5020069760824126 0.04133539502097818 0.012691189698497852
1 0.6213192315523827 0.7401766557789708 0.04469719336130425 0.016071281213767108
1 0.6154440493892332 0.5191944760824126 0.04469719336130425 0.016071281213767108
2 0.6021171004288517 0.6097238812331637 0.05118399170163031 0.01970646424430509
1 0.5231203751234682 0.8377535442598223 0.0636839917016303 0.020726830305381583
1 0.568535005822792 0.5968891703228384 0.0543089917016303 0.019961555759574166
1 0.45463232948243454 0.9175688478933648 0.0714964917016303 0.02136455909355419
1 0.5020201668158097 0.4773262272903606 0.06020379419114121 0.015784238790112325
1 0.5599995327924937 0.5457252830499348 0.057078794191141216 0.015529147274843247
1 0.5478258838228234 0.262115557595742 0.057433991701630306 0.020216647274843246
1 0.5665375657854801 0.7652087356253103 0.06020379419114121 0.015784238790112325
1 0.30131438487173057 0.7078435483427084 0.08939438672260831 0.032142562427534035
1 0.40563746120744354 0.19926525804508563 0.07954579004195636 0.0251272878817268
