1 0.6260604467272325 0.6234375 0.03442954215447784 0.009375
1 0.6221087449318345 0.63125 0.031295451795397965 0.0078125
1 0.6349365187395477 0.440625 0.028188632513557365 0.0109375
1 0.6350637837666625 0.41875 0.03134999394987581 0.0171875
1 0.6048763140172835 0.5046875 0.03757272287263689 0.0125
1 0.6175768227978822 0.3359375 0.034447722872636886 0.0125
1 0.5483490580653552 0.55234375 0.05163522287263689 0.0125
1 0.6097910729942739 0.465625 0.040688632513557366 0.0109375
1 0.5924626724285398 0.48984375 0.040688632513557366 0.0109375
1 0.39044006753332494 0.8375 0.06885908430895542 0.01875
0 0.5987551416869394 0.0796875 0.04380454215447767 0.009375
1 0.5181883385123679 0.76796875 0.05319772287263689 0.0125
1 0.5738616215916593 0.7328125 0.04380454215447784 0.009375
1 0.5725279432111912 0.290625 0.04694772287263689 0.0125
1 0.5708911576960128 0.70625 0.04538522287263689 0.0125
1 0.465721868664793 0.7890625 0.06259090359079629 0.015625
1 0.5110586572050335 0.38203125 0.05476931323171659 0.0140625
1 0.4635165575743758 0.228125 0.0672874939498758 0.0171875
1 0.25533888056864973 0.69375 0.08764544574527396 0.025
2 0.650843319871016 0.3921875 0.03442045179539814 0.0078125
2 0.5670854225267357 0.5546875 0.04071590359079611 0.015625
