1 0.2453125 0.31171875 0.0109375 0.0546875
2 0.59375 0.2625 0.009375 0.04453125
1 0.584375 0.31015625 0.009375 0.05
1 0.3015625 0.3140625 0.0125 0.053125
1 0.48203125 0.30078125 0.0140625 0.0484375
1 0.13125 0.4453125 0.0171875 0.07890625
1 0.809375 0.340625 0.01171875 0.05546875
1 0.6109375 0.31953125 0.01328125 0.059375
1 0.42734375 0.3140625 0.025 0.04765625
1 0.190625 0.36171875 0.0140625 0.0625
1 0.4765625 0.340625 0.0109375 0.06015625
1 0.759375 0.43046875 0.01640625 0.078125
1 0.5015625 0.33125 0.01875 0.04765625
1 0.23125 0.3640625 0.01328125 0.0671875
1 0.7015625 0.3578125 0.0125 0.06796875
2 0.51484375 0.390625 0.0125 0.06796875
1 0.4953125 0.3828125 0.0140625 0.06484375
1 0.3625 0.3796875 0.0140625 0.065625
1 0.28125 0.584375 0.01875 0.096875
1 0.55234375 0.6703125 0.0203125 0.10703125
1 0.6703125 0.4171875 0.01328125 0.0734375
1 0.253125 0.490625 0.0203125 0.090625
