1 0.6868540636245 0.2773697144301302 0.054751132513557364 0.013484611248705036
2 0.7340456635497452 0.6280996145539647 0.04380454215447767 0.011412688998963994
1 0.686443955704223 0.616504989037236 0.05005454215447784 0.011703787427387447
1 0.6841830606976338 0.33351055251947137 0.05319772287263689 0.014974336641599173
1 0.6964143742239379 0.5145978866798713 0.048519313231716585 0.016318512820281583
1 0.5539239098373121 0.15708498552257938 0.07822499394987581 0.020826230355292897
1 0.654666193996758 0.8400858841986718 0.056322722872636885 0.015119885855811078
1 0.6769144195998695 0.6426308413946009 0.05944772287263689 0.015265435070022449
1 0.6834512867917246 0.4592918025194714 0.047020445745273774 0.02718323821317572
1 0.6371722261922866 0.22035342700274274 0.06258181323171659 0.016973484284234352
1 0.6566024404807166 0.5072733841986719 0.05944772287263689 0.015265435070022626
1 0.5651133354873058 0.7859013442900851 0.07821590359079611 0.01926373035529281
1 0.6658319947354426 0.5327100318413069 0.04698408430895533 0.02093323821317572
1 0.6345921268562165 0.26086926509208397 0.06726022287263689 0.015629308105551944
1 0.6381059287732517 0.7314728635205073 0.06882272287263688 0.015702082712657627
2 0.606379726683266 0.5432258467712844 0.06882272287263688 0.015702082712657627
1 0.6143058561717611 0.5240584698068137 0.06571590359079611 0.01868153349844608
1 0.6182035366935287 0.3913915190210254 0.06570681323171641 0.01711903349844608
1 0.41398873536566877 0.30060804549015807 0.09698408430895537 0.023262025640563167
1 0.3264740580653551 0.567699192099336 0.10636817466803503 0.025261173283198345
1 0.5789127359548439 0.6974574284504849 0.0735102228726369 0.015920406533975397
1 0.507902361829102 0.2768495219165095 0.09074317466803503 0.024533427212139712
