2 0.753764963916322 0.6607258124341905 0.061082950668363625 0.0160492052052021
1 0.601705761298547 0.2914690362670056 0.08459317600254543 0.023664284130279788
1 0.5940296213001378 0.27929525995864635 0.07837953866963616 0.026425263083592478
1 0.716401871260367 0.5795899335232302 0.06424431333545436 0.019356215728545755
1 0.6271762866009121 0.5212321309770989 0.06893181333545453 0.01962923151356133
1 0.5972160665977304 0.5429405310053337 0.0799238573360908 0.024953768345264395
1 0.6495774505888218 0.6116597099021766 0.07220226400381798 0.03231124203690498
1 0.6834342825827766 0.6581930756589573 0.07519999466899989 0.02155575256024882
1 0.6776693719764556 0.21302478882725434 0.07058522000318171 0.027532736775233223
1 0.6718369953055466 0.2439562704114029 0.06275453866963616 0.025515210466874015
1 0.7047933039465478 0.43506638879901943 0.07518181333545434 0.01999325256024882
1 0.5934547199236399 0.59744602048199 0.08462953866963616 0.026789284130279967
1 0.6319888665659137 0.7794996572854581 0.08146817600254544 0.02348227360693613
1 0.6228865865690955 0.755516125715427 0.09084317600254543 0.02402830517696728
1 0.5607774852403224 0.7182821652485532 0.09082499466899989 0.02246580517696728
1 0.6683808999045497 0.7425302783039107 0.08150453866963617 0.026607273606936134
2 0.558299017266094 0.5281653994635376 0.10025453866963616 0.027699336746998426
1 0.5243074672979107 0.29165177581424906 0.1127727200031817 0.029989878840373053
1 0.5305525412158236 0.8971128205384599 0.10334317600254543 0.024756347270341907
1 0.5238273039863188 0.1313590179217413 0.10654090133672725 0.03118835779368574
1 0.3315706958943685 0.7979641470444631 0.12372840133672716 0.032189415672076116
1 0.34234894263209253 0.27479966282947865 0.12387385200509068 0.04468941567207611
