1 0.7234313852321291 0.7827328118236295 0.05519692224974104 0.013165844866803767
2 0.7564213978475229 0.43630082220375277 0.04418664764263518 0.011157675893442942
1 0.709201795490158 0.4437339788198239 0.05043664764263518 0.011412343878220455
1 0.7184677493763182 0.7263873113293379 0.053707196856846905 0.01466467787060921
1 0.7233435322555917 0.5464597307969902 0.04909247146395277 0.016036176882026253
1 0.5951501815508567 0.891351783649009 0.07892552067816432 0.020370849809719614
1 0.6682535020669146 0.21749247239403324 0.05683219685684691 0.014792011862998144
1 0.6985896271693586 0.41678947684265755 0.0599571968568469 0.0149193458553869
1 0.7126093935042966 0.6006060613293378 0.04803939371369381 0.0269100098858317
1 0.6759784964808342 0.835382967945409 0.06315497146395277 0.016609179847775834
1 0.6837544933804622 0.5503049723940332 0.05988442224974104 0.013356845855386722
1 0.5807385394943021 0.2638316201128557 0.07885274607105863 0.018808349809719616
1 0.6919650996667686 0.5256869743711995 0.04774829528527036 0.0206600098858317
1 0.6717426066960819 0.7946624674511173 0.0677696968568469 0.015237680836358791
1 0.6560874499572188 0.3246046354358949 0.06933219685684691 0.015301347832553169
2 0.6319715155063687 0.5099863785158126 0.06933219685684691 0.015301347832553347
1 0.6406936980951918 0.5298359634967846 0.06627997146395259 0.016736513840164592
1 0.6500045396991898 0.6627757974891735 0.06627997146395277 0.016736513840164412
1 0.44910131926869445 0.7356854209877082 0.09774829528527036 0.022697353764052332
1 0.3505374249358281 0.46108998619701663 0.10719606989237622 0.024641855741218598
1 0.5981679420993359 0.353435289580508 0.07401969685684691 0.015492348821136481
1 0.5441612621965998 0.7676304407593717 0.09157106989237604 0.02400518577927464
