1 0.5515625 0.4 0.009375 0.03515625
1 0.503125 0.3828125 0.01328125 0.03671875
2 0.6671875 0.3578125 0.01015625 0.03359375
1 0.61953125 0.4140625 0.0109375 0.03515625
1 0.62890625 0.4125 0.0140625 0.0375
1 0.5890625 0.3734375 0.0109375 0.03359375
1 0.4296875 0.4 0.009375 0.0390625
1 0.409375 0.403125 0.01015625 0.03984375
1 0.325 0.4359375 0.0109375 0.04765625
1 0.5453125 0.4203125 0.009375 0.040625
1 0.30625 0.43125 0.0125 0.04375
1 0.528125 0.4203125 0.01171875 0.04375
2 0.4359375 0.440625 0.015625 0.04921875
1 0.2 0.5375 0.01640625 0.06171875
1 0.44609375 0.4734375 0.01640625 0.05234375
1 0.1140625 0.6125 0.01484375 0.0703125
1 0.5609375 0.53125 0.0109375 0.06015625
1 0.496875 0.478125 0.0109375 0.05546875
1 0.78125 0.46875 0.01640625 0.05546875
1 0.2765625 0.48828125 0.0109375 0.06015625
1 0.3125 0.75078125 0.025 0.0875
1 0.8328125 0.60703125 0.01875 0.07734375
