1 0.4019235835317442 0.4244149878218401 0.042369356426490826 0.006986385551659069
1 0.32974705516021424 0.48725017856907477 0.034602320533113406 0.008412517856907442
1 0.35457252507282466 0.2250501874975285 0.03795464106622681 0.0162795649348082
2 0.9777325434152246 0.08428800892186317 0.041261497492717326 0.022584112012708824
1 0.37596883729266783 0.4567911111986346 0.04714778463973612 0.010193206168510115
2 0.29058160359000385 0.5975603871732169 0.03777278463973612 0.010029564934808199
1 0.33525290907942246 0.45920699918592583 0.03938074874635875 0.011619338473758489
1 0.3228485343105317 0.6168831314911741 0.03781824874635884 0.011592064934808199
1 0.3497496666012699 0.5251183713449044 0.04719324874635875 0.011755706168510117
1 0.40806123792580606 0.2134774878218401 0.05339778463973612 0.010302300324311542
1 0.36196852177411937 0.508135422887032 0.047102320533113404 0.008630706168510116
1 0.3357791286628285 0.8172104139585782 0.04411371285298147 0.013263659090609536
1 0.3404956532069277 0.25216211241645065 0.042460284639736126 0.010111385551659158
1 0.41169470328607005 0.22292067166921595 0.055051212852981424 0.013454573863261921
1 0.41428719121187607 0.4293206761334428 0.05813074874635871 0.011946620941162677
0 0.3321252797581852 0.8890581404196279 0.04429556927947216 0.019513659090609536
2 0.3929457371343833 0.5180558936660388 0.05661371285298147 0.01348184740221221
1 0.4812857892585896 0.1952144573830309 0.06598871285298138 0.01364548863591426
1 0.4266494842313894 0.6491792086008469 0.05969324874635884 0.011973894480112967
1 0.37281377890025535 0.7264041818154856 0.053670569279472155 0.01967730032431163
1 0.5862089699791173 0.21580542126217886 0.08184103338609497 0.021730724025417647
1 0.46434204935422646 0.7506695706135558 0.06920464106622681 0.016825035713814884
1 0.5197883481132205 0.24200368262626454 0.07559103338609478 0.0216216298696164
1 0.7196399324363875 0.35804924268980876 0.09760242570596293 0.026690959414921077
