2 0.7358208700013126 0.6075519405633684 0.061446835969555025 0.013209072008272394
1 0.5942461126241197 0.24921382391791286 0.08513900395433271 0.01973179201145401
1 0.5869111150955777 0.23758598058564012 0.07901633794672147 0.022784066677272286
1 0.7007548033091293 0.5290911332352317 0.06469916996194396 0.0163704346753633
1 0.6130757311797387 0.4770115599140949 0.06938666996194379 0.01642497867599957
1 0.5824332262368228 0.5007945052514583 0.0805151709505271 0.021239748010817648
1 0.6328842123966583 0.5658013399109132 0.07302100593149916 0.028961341343090474
1 0.6654447030051183 0.6099326005729134 0.07570033695813834 0.01806020401018138
1 0.6726204634224225 0.16552861990773152 0.07126750494291585 0.024255660009545023
1 0.6658783734985347 0.19684225457514057 0.06339133794672147 0.022602253341817757
1 0.6933309169590134 0.38549567457036804 0.07563666996194396 0.01649770401018138
1 0.5770798813700191 0.5555183679185491 0.08526633794672148 0.02285679201145392
1 0.610383176807664 0.7347331532463677 0.08201400395433271 0.01969542934436319
1 0.60196318175058 0.7114047412476403 0.09138900395433272 0.01980451734563573
1 0.5408320221687594 0.6785382445894581 0.09132533695813834 0.01824201734563573
1 0.6479123517125238 0.6952524825748224 0.08214133794672147 0.02282042934436319
2 0.5438800622063779 0.48874903859009444 0.10089133794672148 0.023038605346908447
1 0.5167113616355367 0.2548012999284124 0.11345500494291585 0.02474655601527207
1 0.505353484108307 0.8593342585932762 0.10388900395433254 0.019949968013999352
1 0.5208934787454618 0.09467232192873055 0.10726867193911023 0.026236330681090235
1 0.30891883589519303 0.7741614692870931 0.12445617193911022 0.02643632535009015
1 0.33493477962031415 0.2506694252864567 0.12496550790866542 0.03893632535009015
