1 0.6052180427275426 0.49390278134260124 0.034484088001272714 0.011979781743586493
1 0.6229691640674515 0.5436426722143944 0.037645450668363625 0.015341580083912554
2 0.6460601240451798 0.3814745589370029 0.03448408800127254 0.011979781743586493
1 0.5903646547183158 0.42486843881113395 0.03450226933481808 0.013542281743586671
1 0.5918180667170432 0.41561183798129697 0.03766363200190899 0.016904080083912733
1 0.631344190722452 0.4584155672353726 0.03450226933481808 0.013542281743586671
1 0.6066361867440874 0.6157777813426012 0.03917158800127272 0.012334979254075585
1 0.6037475440801782 0.6358534830022752 0.04073408800127272 0.012453378424238614
1 0.5719168360916321 0.7177421004288517 0.04700226933481808 0.01448947510489056
1 0.5849782680617244 0.4986135921304819 0.04073408800127254 0.012453378424238614
1 0.5768225120941775 0.7368472979393407 0.043895450668363624 0.015815176764564676
1 0.5851782627307243 0.5158010921304819 0.043895450668363624 0.015815176764564676
2 0.5659384614099056 0.6064494029183626 0.05018181333545435 0.019413773445216796
1 0.47180884277526774 0.835046154368255 0.06268181333545435 0.020360966806520865
1 0.5330077827418602 0.5938067703449391 0.05330681333545435 0.01965057178554268
1 0.3978088161202672 0.9153004942004299 0.07049431333545444 0.020952962657336018
1 0.47385895472627004 0.47458225104890717 0.05950226933481808 0.01543666846619498
1 0.5277293894016333 0.54267032283445 0.056377269334818084 0.015199870125868742
1 0.5337953866963623 0.25900571785542814 0.05643181333545435 0.01988737012586892
1 0.520136707431541 0.7622132282283903 0.05950226933481808 0.01543666846619498
1 0.2572185367599957 0.7063846676410023 0.08779090133672707 0.03163035352912935
1 0.3949141526893626 0.19696489129600053 0.07834317600254534 0.024669958508151214
