1 0.6224587069594509 0.6331200322237173 0.033194501977166266 0.011094630257724702
0 0.5512151293556717 0.994118450078485 0.05070033695813834 0.011763099843030034
1 0.6380359219019291 0.4045413308442363 0.03163200197716627 0.01101274310259508
1 0.6438429115218058 0.4541695166198851 0.03462966798477751 0.008051517412854637
2 0.6476204634224226 0.20774821799936602 0.03462966798477751 0.008051517412854547
1 0.5962012489742359 0.43209976481086276 0.04725700197716627 0.011831614653892509
1 0.5979653843357686 0.5809467005865114 0.04256950197716627 0.01158595318850324
1 0.5793082262368228 0.5392571675698248 0.04256950197716627 0.01158595318850324
1 0.45035296631380994 0.9756306795556124 0.06001166996194378 0.01873671189493038
1 0.5637057894689649 0.6339555139063515 0.04725700197716627 0.011831614653892686
1 0.5001937292025722 0.5210184226582074 0.05669566897336083 0.013885437584671045
1 0.5625531718647482 0.7967421189493058 0.045758168973360824 0.013312227498762753
1 0.5555046758190809 0.777582683173657 0.0411343359695552 0.014629066033373661
1 0.5134258996588079 0.5037047698992454 0.05350700197716627 0.012159163274411711
1 0.5465036323957833 0.19148805291593216 0.05675933596955503 0.01544793758467109
1 0.5885863616355366 0.2923412239922598 0.04725700197716627 0.011831614653892509
1 0.5487028023577272 0.17594494007106193 0.05050933596955502 0.015120388964152066
2 0.5492387242596564 0.5470763116223594 0.0489468359695552 0.015038501809022265
1 0.4565816975679107 0.6690531309350933 0.06182883794672147 0.025068599050060314
1 0.47286054395477023 0.2118990502023987 0.061446835969555205 0.015693599050060313
1 0.4395984219019292 0.3941416621427578 0.06469916996194378 0.018982373360319826
1 0.3453682608372339 0.3625840456798429 0.06970500494291584 0.027040534825709096
1 0.1656808304579856 0.8143059187014785 0.10570617193911022 0.030486439393693488
