1 0.6450312460828483 0.387553736196987 0.03475700197716627 0.009975017856907442
1 0.6408066611018765 0.37967305234961113 0.03156833498097207 0.008357970779006862
1 0.6602927846375921 0.5705026038917387 0.02850700197716627 0.009865923701106106
1 0.6611841225843136 0.5923776038917387 0.031950336958138335 0.017732970779006863
1 0.6279949377936221 0.5059219066516822 0.038009335969555025 0.013154564934808021
1 0.6465897233826163 0.6748764581938098 0.0348843359695552 0.013100017856907443
1 0.5698030944096931 0.4572838092494701 0.05207183596955502 0.013400026785361164
1 0.6342741126984819 0.5450662272685334 0.04107066897336083 0.011646612012708956
1 0.6160997742574688 0.5205474683400795 0.04107066897336083 0.011646612012708779
1 0.40193386760421673 0.16940020535443603 0.06951400395433271 0.019950035713814974
0 0.6367186107584966 0.9307719021874554 0.04413200197716627 0.010138659090609537
1 0.5321107989348672 0.24115424877888875 0.053634335969555025 0.013427300324311631
1 0.5890120563492409 0.2772787094116258 0.04413200197716627 0.010138659090609537
1 0.6031235662722537 0.7193980255642499 0.047320668973360826 0.011755706168510117
1 0.5869693952845456 0.30378666233372514 0.045821835969555025 0.013290932629559826
1 0.47890754448624284 0.21914683522405234 0.06313666996194378 0.016715941558013547
1 0.5384615469948818 0.6269281075451867 0.05526050296574958 0.015017073863261742
1 0.49629524612002934 0.7799888778377262 0.06788783695813834 0.018360262174864594
1 0.27185373125410073 0.31077740746575644 0.08845500494291585 0.024964818181219074
2 0.6778914615196182 0.6192128392812422 0.03469333498097207 0.008412517856907442
2 0.5884575939154015 0.4552673417168741 0.041261669961943956 0.01633411201270878
