1 0.4385690072125925 0.518910786045559 0.03503056386197052 0.012181006667959692
1 0.41799442725907865 0.4718762893795388 0.038374085149293836 0.01556109818322895
2 0.40446679484356085 0.6379795215016915 0.03503056386197034 0.012181006667959692
1 0.457384345211878 0.5857316242268482 0.03513982450563198 0.013743506667959694
1 0.4564774090738483 0.5952341699844826 0.038483345792955606 0.01712359818322895
1 0.41462876266047405 0.5585790639253461 0.035139824505632154 0.013743506667959694
1 0.4300466770069772 0.39703578604555895 0.03971806386197052 0.0125636439408634
1 0.43175128863937456 0.37646819453028985 0.04128056386197034 0.012691189698497852
1 0.45866371388164084 0.2894147336199646 0.04763982450563216 0.01476387272903601
1 0.4584444646379455 0.51100269119631 0.04128056386197034 0.012691189698497852
1 0.4526650861577 0.27104737089286823 0.04462408514929379 0.01607128121376693
1 0.4572425975576664 0.49381519119631 0.04462408514929379 0.016071281213767108
2 0.47110871958162404 0.39996959634706103 0.051092606436617415 0.019706464244305177
1 0.551485362388702 0.15612425937371985 0.06359260643661742 0.020726830305381406
1 0.5046314137654253 0.40744738543673586 0.05421760643661742 0.01996155575957421
1 0.6204760269873066 0.06406456300726214 0.07140510643661742 0.02136455909355408
1 0.5704745710745629 0.517571942404258 0.060139824505632156 0.015784238790112325
1 0.5128698846844317 0.45784599816383215 0.05701482450563215 0.015529147274843424
1 0.5233803218308675 0.7429862727096394 0.05734260643661741 0.020216647274843246
1 0.507620383928127 0.2367044507392077 0.060139824505632156 0.015784238790112325
1 0.7726333787323469 0.2512142634566058 0.08924817029858775 0.03214256242753395
1 0.6652671730717048 0.783260973158983 0.07943612772394086 0.0251272878817268
