1 0.4140625 0.5852214451560988 0.0421875 0.006495439695149585
1 0.34375 0.5207498789975159 0.034375 0.008012487899751619
1 0.3609375 0.7833498729473917 0.0375 0.015843168617910665
2 0.9796875 0.9385121551429203 0.040625 0.022111349336070063
1 0.3890625 0.5522634994108249 0.046875 0.009647710772388508
2 0.3078125 0.4096033007386847 0.0375 0.009593168617910841
1 0.3484375 0.5489021500747547 0.0390625 0.011164758976990541
1 0.340625 0.39104419827935666 0.0375 0.011155668617910841
1 0.36484375 0.4833725988450907 0.046875 0.009647710772388508
1 0.4140625 0.7961589451560988 0.053125 0.009684072208706951
1 0.3765625 0.5006282765381879 0.046875 0.008085210772388506
1 0.359375 0.19115328258831207 0.04375 0.012754530054229284
1 0.34765625 0.755928854895215 0.0421875 0.009620439695149585
1 0.41796875 0.7868066710537978 0.0546875 0.01281816256778665
1 0.4265625 0.5806066680287356 0.0578125 0.012836343285945873
0 0.3578125 0.11926919222923246 0.04375 0.019004530054229286
2 0.4078125 0.4914350837197802 0.05625 0.01282725292686635
1 0.48671875 0.816112896853301 0.065625 0.012881795081344193
1 0.4453125 0.36118450233769106 0.059375 0.011282933645025483
1 0.39375 0.28275952048806363 0.053125 0.01905907220870695
1 0.5921875 0.7979764960911752 0.08125 0.020785198672140126
1 0.4859375 0.26063960167376116 0.06875 0.016024975799503238
1 0.5265625 0.7702509510098311 0.075 0.02074883723582168
1 0.7296875 0.6589326976901815 0.096875 0.025563602262936413
