2 0.734114011981044 0.3614527300747543 0.06181158514929379 0.014273100158284535
1 0.5526794336170141 0.7261553907370224 0.08568612772394087 0.021205061757624932
1 0.5440474787895511 0.7381014612701359 0.07965464901126432 0.024148205331134064
1 0.6903150994761263 0.44147285068701 0.06515510643661741 0.01748902837152997
1 0.5967564875916274 0.4972120368178142 0.06984260643661741 0.01762542069139794
1 0.5687078972465536 0.4746383548436451 0.0811078883676025 0.022631169437756782
1 0.6264218442803463 0.40746757521847393 0.07384169158591121 0.030216348904643375
1 0.6639107726247058 0.361936114872775 0.07620186708027905 0.01936977711788863
1 0.6218886195029422 0.8067856136191338 0.07195140965492612 0.025483384798020748
1 0.6186050823761768 0.7756947379923131 0.06402964901126432 0.023693564264907253
1 0.6669818702592468 0.5856092955933028 0.07609260643661742 0.017807277117888633
1 0.5694070197747142 0.42004178305689044 0.08590464901126431 0.02433006175762493
1 0.6225969937958137 0.23917221628470076 0.08256112772394086 0.0211141335443795
1 0.6115830841408878 0.2628825009244368 0.09193612772394069 0.021386918184115533
1 0.5467339803021604 0.29829481518934403 0.09182686708027905 0.019824418184115445
1 0.6558029777042703 0.2771890418323791 0.0827796490112643 0.02423913354437941
2 0.5287713120972596 0.4882749575092121 0.10152964901126431 0.02478470282385157
1 0.4756634655479994 0.7237183640148451 0.1140296490112643 0.025148415676833125
1 0.5312285846450908 0.11864441910855232 0.10443612772394087 0.021750631037096957
1 0.4621204995726715 0.8839428101747793 0.10799817029858776 0.028091559250342613
1 0.3251099886000336 0.21196382475625555 0.12518567029858776 0.02859166442319181
1 0.2931951729733524 0.7352649324363875 0.12605975544788164 0.04109166442319179
