1 0.4346825322237173 0.6141595131667417 0.011094630257724702 0.03357777454580724
0 0.06376584463904619 0.5879465390896748 0.019807888964152066 0.051403003333979846
1 0.6639163308442363 0.6017240596732822 0.011012743102595124 0.032015274545807236
1 0.6151070166198851 0.6135542510387701 0.008051517412854637 0.034885183030538156
2 0.8608732179993661 0.5872157942113307 0.008051517412854637 0.034885183030538156
1 0.6320997648108627 0.5635224290683384 0.011831614653892509 0.047640274545807236
1 0.48407170058651144 0.5834517760436193 0.01158595318850324 0.04295277454580724
1 0.5236321675698248 0.5598230863451213 0.01158595318850324 0.04295277454580724
1 0.07563067955561234 0.4849810357556949 0.01873671189493058 0.06065045757634522
1 0.42770551390635153 0.555884627560828 0.011831614653892686 0.047640274545807236
1 0.5335184226582074 0.4789876745264106 0.013885437584671045 0.057142820303441866
1 0.2654921189493057 0.5746181363548197 0.013312227498762841 0.04620532030344169
1 0.28383268317365695 0.5652750872632053 0.014629066033373484 0.041645366061076314
1 0.5521422698992454 0.49002089831361334 0.012159163274411711 0.05389027454580706
1 0.8664880529159322 0.4847604739078891 0.015447937584671223 0.057270366061076314
1 0.7704662239922598 0.5388896066388649 0.011831614653892686 0.04764027454580706
1 0.8821949400710618 0.4850475163315437 0.015120388964152198 0.051020366061076315
2 0.5127013116223594 0.5309008608909286 0.015038501809022265 0.049457866061076314
1 0.38155313093509335 0.45373206725932597 0.025068599050060314 0.06272314060688355
1 0.8384615502023987 0.41408118315122433 0.015693599050060313 0.06195786606107632
1 0.6535166621427578 0.40328655967328225 0.018982373360319826 0.06533795757634539
1 0.6750840456798429 0.30580578179349516 0.027040534825709096 0.070663186364518
1 0.2064934187014785 0.1824305074168658 0.030486439393693332 0.10672823212215254
