0 0.9236388116223594 0.5599127772120056 0.013230340343633174 0.04387726933481808
2 0.16449618498267926 0.6328477679821827 0.007887743102595036 0.03132272533418181
1 0.34862552351729004 0.6260148706238201 0.007887743102595036 0.03132272533418181
1 0.2762182570089466 0.6166949619669106 0.015864017412854547 0.034538632001908987
1 0.7205956987774892 0.5638388505729134 0.011667840343632996 0.043859088001272716
1 0.5529035877416412 0.6158206159293669 0.009532130257724702 0.032903406667727175
1 0.5308714574839165 0.5832444732654577 0.01158595318850324 0.042296588001272714
1 0.6041994148562913 0.5206348379217308 0.013312227498762753 0.04543976933481808
1 0.8066073626177277 0.41509172056018667 0.016103034825708917 0.06889545066836363
1 0.16296026119281812 0.5140432239815462 0.018409163274411534 0.05330681333545435
1 0.3775450616223594 0.5662671532861385 0.011749727498762751 0.045421588001272536
1 0.6581842299851537 0.5364229225811858 0.011913501809022264 0.04854658800127254
1 0.4164061657608024 0.5470535292807297 0.011831614653892509 0.04698408800127254
1 0.18967989145054293 0.5465648226448192 0.011831614653892552 0.04698408800127254
1 0.9244499598587655 0.42622812054427833 0.028439260515449406 0.06591590133672706
1 0.4634648722286661 0.46051604527372997 0.017092324739800803 0.057976132001908987
2 0.4660443176152532 0.50973479527373 0.013721663274411534 0.05325226933481808
1 0.6771511567156908 0.30168429591027685 0.016266809135968608 0.07202045066836363
1 0.47821236770611025 0.3391768472708665 0.016184921980838853 0.07045795066836362
1 0.3873118080043148 0.4692194306174568 0.017092324739800803 0.057976132001908987
1 0.12349496946970406 0.47697957598663693 0.015693599050060313 0.061082950668363625
1 0.2673124892574078 0.3572654179662743 0.022844357756487632 0.07834317600254534
1 0.8784336957252714 0.26416447254936903 0.023253793532136413 0.08615567600254534
