1 0.6028956117702601 0.538412811188866 0.04236935642649069 0.009446777594401646
1 0.6713440833987302 0.46902234853152996 0.034602320533113406 0.010417281743586493
1 0.6617945533113405 0.7328247394033232 0.03795464106622681 0.018466580083912554
2 0.04745457165374063 0.9312733107878806 0.04126149749271755 0.02495337842423879
1 0.6269408655311837 0.5037059244662576 0.04714778463973594 0.012926975104890737
2 0.7040536318285198 0.3553616676177804 0.03777278463973612 0.012216580083912553
1 0.6674749373179385 0.49750254604201904 0.03938074874635866 0.013897479254075584
1 0.6706955625490476 0.33909805019120387 0.03781824874635884 0.013779080083912553
1 0.6491591948397858 0.4331207373287308 0.04719324874635866 0.014489475104890737
1 0.6090332661643221 0.7493503111888661 0.05339778463973612 0.013400571785542681
1 0.6379405500126353 0.45119623110495344 0.047102320533113404 0.011364475104890737
1 0.6461261569013445 0.14051884023316016 0.04411371285298138 0.015815176764564676
1 0.6742801814454437 0.7044745964569376 0.042460284639736126 0.012571777594401645
1 0.604854231524586 0.7402713091142736 0.05505121285298138 0.01664397095570571
1 0.5902592194503921 0.5346725045501702 0.058130748746358665 0.01531826929603195
0 0.6455973079967011 0.06852544106299714 0.044295569279472244 0.022065176764564674
2 0.6064177653728992 0.4441892145082139 0.05661371285298138 0.01676237012586874
1 0.5369453174971055 0.7743871226014466 0.06598871285298138 0.017472765146846925
1 0.5651215124699054 0.3165620445921265 0.05969324874635866 0.015436668466194892
1 0.6144108071387713 0.23452987197674666 0.053670569279472245 0.022775571785542858
1 0.43093099821763337 0.7636290665874508 0.08184103338609491 0.02646925684847723
1 0.5215640775927424 0.2188591730163651 0.06920464106622681 0.020834563487173073
1 0.49576037635173636 0.7313125514406037 0.07559103338609496 0.02599566016782511
1 0.28936196067490344 0.6342044435617968 0.09760242570596293 0.03234074855010753
