1 0.33763952510322903 0.6471682032668891 0.034866322930778536 0.011577850092285047
1 0.34113633932758025 0.6552310271410124 0.03165943577564878 0.009815090992986341
1 0.33940782225341 0.46385505551864253 0.028616322930778537 0.011177331893687813
1 0.34055424242522647 0.4419800555186425 0.03215075870642732 0.019190090992986342
1 0.3657379488930902 0.5298200169619796 0.03815509724103805 0.014903109191583752
1 0.36286301164710333 0.36031904533960973 0.03503009724103805 0.014702850092285048
1 0.4194903906616327 0.5810809307493552 0.05221759724103805 0.01580427513842757
1 0.3630976277713339 0.4904571283130316 0.04119821008590829 0.013540868290882458
1 0.37901587686682275 0.5157773033591742 0.04119821008590829 0.013540868290882458
1 0.560795984850453 0.8762501357142873 0.06973264586155707 0.023155700184570093
0 0.3966050050883826 0.10537072948505086 0.04424132293077854 0.012178627390180986
1 0.43709621325372694 0.7985583274178676 0.05378009724103805 0.015904404688076922
1 0.3834699242441464 0.7598474784053166 0.04424132293077854 0.012178627390180986
1 0.41055023914586614 0.31791030227943995 0.04744821008590829 0.01394138648947969
1 0.38798700588135215 0.7334852375046154 0.04596759724103805 0.01540375693983016
1 0.48833448665947526 0.8230064173311199 0.06331887155129756 0.019630181985972682
1 0.46669734057077567 0.4132216047157636 0.0554244843961678 0.017567034237726275
1 0.5232007253510562 0.26241937075489247 0.06808825870642732 0.02149307063492083
1 0.7042671031223902 0.7412114065337783 0.08872830732694617 0.02904475478036197
2 0.32632132406243225 0.41441626002214926 0.034784435775648784 0.010015350092285047
2 0.40061755992893805 0.5822231261535633 0.04144387155129756 0.01822836829088246
