0 0.4315421006486231 0.12375842395345767 0.043940914772652384 0.012720175893442941
2 0.380789087656389 0.8836480771094877 0.031359094155801334 0.007523339923887562
1 0.3822583100602489 0.6994640780980708 0.031359094155801334 0.007523339923887917
1 0.3936691428519645 0.7717529135733343 0.03462046185055314 0.015463173916276673
1 0.43352516071216735 0.32681975695726323 0.043913641233702096 0.011157675893442942
1 0.38649797645775436 0.4950949130790427 0.032921594155801336 0.007587006920082118
1 0.41966503246410874 0.516744419999125 0.04235114123370205 0.011094008897248564
1 0.4800473790555421 0.4426967663488034 0.045503414772652385 0.012783842889637497
1 0.579544998375147 0.23908628809763327 0.06894091477265238 0.013738847832553257
1 0.49945726703953797 0.8837992688202615 0.05339773538950343 0.01778967787060921
1 0.4410742025117669 0.6698521739534578 0.0454761412337021 0.011221342889637498
1 0.46271382873123057 0.3889032628887623 0.04860114123370209 0.011348676882026166
1 0.4591287272685333 0.6307724279077904 0.04703864123370209 0.011285009885831698
1 0.46620839041633255 0.8574622619001792 0.04703864123370209 0.011285009885831698
1 0.5649994829538715 0.12138945212807814 0.06606137662320535 0.027674013840164415
1 0.544166200483172 0.5827116126984819 0.05805796185055314 0.01641817885919252
2 0.494947450483172 0.5807061023183586 0.053343188311602674 0.01466467787060921
1 0.6965433579522238 0.367203312317921 0.07209318831160268 0.015428681824942014
1 0.6648917577073424 0.5665520549035472 0.07053068831160267 0.015365014828747548
1 0.5376901038917387 0.6589557777175099 0.05805796185055314 0.01641817885919252
1 0.5376118319743461 0.9228272767289267 0.061155688311602674 0.014983012851581278
1 0.6529623222351135 0.7776341349416033 0.07845228246740418 0.021933349809719616
1 0.7281540478886795 0.16551081973229484 0.08472955600635448 0.023750517794497127
