0 0.49218458817451244 0.9112584239534577 0.044514824505632156 0.012720175893442941
2 0.37480289406758577 0.1461480771094876 0.0316870425746469 0.007523339923887829
1 0.3923831500196705 0.33071407809807074 0.03168704257464698 0.007523339923887829
1 0.39751341041123067 0.25925291357333435 0.0353583457929556 0.015463173916276673
1 0.47641820449848693 0.7080697569572633 0.04440556386197052 0.011157675893442942
1 0.4145087943393578 0.5357199130790427 0.03335880321830871 0.009149506920082118
1 0.4459009059717552 0.516744419999125 0.04284306386197052 0.011094008897248564
1 0.5129734275111802 0.5958217663488033 0.04607732450563198 0.012783842889637497
1 0.6306300931181911 0.8078362880976332 0.06962408514929379 0.015301347832553347
1 0.49388067599857094 0.15567426882026136 0.05421760643661742 0.0177896778706093
1 0.4539979932147361 0.36516467395345764 0.04596806386197052 0.011221342889637321
1 0.5002820393956793 0.6482782628887623 0.04909306386197052 0.011348676882026076
1 0.47553413962811036 0.40577242790779045 0.04753056386197052 0.011285009885831698
1 0.46281634629715873 0.17933726190017912 0.04753056386197034 0.011285009885831743
1 0.6263246413928212 0.9245144521280781 0.06737317029858776 0.027674013840164234
1 0.5650772408689475 0.4608366126984819 0.0587958457929556 0.01641817885919252
2 0.5158584908689475 0.45883110231835855 0.05388982450563216 0.013102177870609211
1 0.7368422522689139 0.6890783123179209 0.07274908514929379 0.015428681824942104
1 0.687646009558381 0.4868645549035472 0.0711865851492938 0.015365014828747548
1 0.5519109693295225 0.38395577771750994 0.0587958457929556 0.01641817885919252
1 0.5287584205506892 0.11970227672892678 0.06181158514929379 0.014983012851581278
1 0.6572161923422158 0.27450913494160334 0.07943612772394086 0.021933349809719616
1 0.7862023859449395 0.8936358197322949 0.08568612772394087 0.022188017794497483
