2 0.197970426276252 0.6046371879627195 0.009286468792335523 0.028716995850815153
1 0.5858522065794054 0.5226936454219635 0.009859678878243728 0.03965449585081515
1 0.7321949400710619 0.5014078734266392 0.00994156603337366 0.041216995850815154
1 0.5377356111473895 0.5624199188671802 0.009614017412854637 0.034966995850815155
1 0.3476019340781681 0.5862396176270692 0.011012743102595035 0.03196039502097818
1 0.39913677860567265 0.5219393966713634 0.011504066033373483 0.04133539502097818
1 0.6445820754171694 0.460985628200524 0.013394114653892508 0.047703794191141215
1 0.912229920849185 0.4046242713474024 0.024659163274411356 0.05478258838228238
1 0.9365748236081469 0.39022988462479397 0.0213703889641522 0.05142079004195628
1 0.23695768317365698 0.5703088095384808 0.01134029172311397 0.038210395020978186
1 0.3596504754625979 0.39708202924478686 0.012486711894930558 0.060085395020978184
2 0.5158019781761313 0.458194360153892 0.011995388964152198 0.05071039502097818
1 0.3917470024863908 0.47073209418185236 0.013557888964152021 0.05082879419114121
1 0.2146112924004826 0.4731737004102741 0.016601001809022263 0.04950309253146727
1 0.20338054330499372 0.49833964377157824 0.01355788896415211 0.05082879419114121
1 0.6995661465389256 0.4176015584895737 0.01840916327441171 0.05430899170163026
1 0.7726960300760106 0.3163690999814225 0.02202548620519007 0.06392079004195628
1 0.6022396879233554 0.23673191201870297 0.027531857756487633 0.07990098755244537
1 0.20590467774659 0.4267722970909261 0.019064260515449582 0.06680899170163027
1 0.6466082428754525 0.40984918069003495 0.02309666327441153 0.05466418921211939
1 0.8544439970593238 0.28978144396278216 0.016103034825709274 0.06969719336130424
1 0.45075243102595036 0.2795850306946793 0.02580558344622812 0.07665758838228234
0 0.8979460928300238 0.4762983618042771 0.016437227498762752 0.046378092531467276
