0 0.6275866023994117 0.9336301349365332 0.04445090684754529 0.013996798022528623
2 0.642785882170543 0.17560982132666442 0.03165051819859741 0.008435212873234699
1 0.6499136690291628 0.3596570393956792 0.03165051819859741 0.008435212873234654
1 0.6351514597452941 0.28707184521187795 0.03527616594684382 0.01646623416055819
1 0.616132260945 0.730614395580195 0.04435077729789594 0.012434298022528623
1 0.655218140033224 0.5637982361773706 0.03321301819859723 0.008544473516896467
1 0.6211039558877827 0.541191262660474 0.04278827729789576 0.01232503737886681
1 0.5642915538205995 0.6134379672358355 0.04601340684754529 0.014106058666190257
1 0.4744837839239592 0.814039264754161 0.06945090684754529 0.015744968321116205
1 0.524336270819491 0.17199351240837255 0.05412629549649317 0.019339861884498967
1 0.592591324796974 0.3875363849365333 0.04591327729789594 0.012543558666190346
1 0.5841022085086764 0.6677102039942838 0.049038277297895935 0.012762079953513705
1 0.5763946283130317 0.4260690072125925 0.04747577729789594 0.012652819309851893
1 0.5587508436138802 0.19928798592526897 0.04747577729789576 0.01265281930985207
1 0.49449350014765836 0.932100849903455 0.06722707279438929 0.029588947033792935
1 0.4937614034514592 0.4716221718111971 0.05871366594684382 0.018105143815484226
2 0.5429801534514592 0.4750638820865417 0.05392603639719447 0.016214861884498964
1 0.35172979950166283 0.6825711074450236 0.07267603639719455 0.01752598960843983
1 0.37401940237172504 0.4842482219274126 0.07111353639719456 0.017416728964778017
1 0.4966675555186425 0.3956059750295057 0.05871366594684382 0.018105143815484226
1 0.4844331616279073 0.1318712569604909 0.06173853639719447 0.016761165102807674
1 0.3760768483942421 0.2736220783640299 0.07932655459579188 0.024213032183086725
1 0.32959039095607456 0.8832377429626345 0.08567668414544113 0.02621257475773362
