1 0.5835103741257421 0.386479816826343 0.04222386143631844 0.00846095318850324
1 0.6534501694034777 0.4468573948455042 0.03442045179539797 0.009614017412854637
1 0.6377898497288536 0.18525815355193148 0.03759090359079629 0.01759029172311406
2 0.02014887353656688 0.06612296698331323 0.04029774707313376 0.02400406603337355
1 0.6083194765850701 0.417982122344267 0.046929542154477664 0.011831614653892509
2 0.6887422539088248 0.55591149027752 0.03755454215447766 0.011340291723114149
1 0.6489262958669109 0.41897805631089347 0.039126132513557364 0.012984678878243727
1 0.6558206695998695 0.5763811205352447 0.03756363251355736 0.012902791723114149
1 0.632138250785567 0.48546287143975586 0.046929542154477664 0.011831614653892509
1 0.5847375726014905 0.17554231682634305 0.05317954215447766 0.012159163274411577
1 0.6205194947354427 0.46888952510322907 0.046920451795397965 0.010269114653892686
1 0.6359071036376784 0.7773637663968017 0.04382272287263689 0.014792840343632995
1 0.6509120184449602 0.21190586273332856 0.04224204215447784 0.01158595318850324
1 0.5807767804470128 0.1851220347141674 0.05476022287263689 0.015366050429541289
1 0.5709831030485033 0.39182241406738105 0.057885222872636886 0.015529824739800802
0 0.6370514471200159 0.8491568792416719 0.04385908430895533 0.021042840343633174
2 0.589214952580965 0.479902268205824 0.056322722872636885 0.015447937584671223
1 0.5121949520899858 0.1598188195398765 0.0656977228726369 0.015939260515449583
1 0.5509559075978169 0.6123363099289381 0.05943863251355737 0.014049211894930557
1 0.602063889643836 0.6877590338096563 0.053234084308955334 0.021534163274411534
1 0.4066171177810303 0.18409620251113476 0.08136817466803503 0.0245706320667471
1 0.5097445794371815 0.7152466259623116 0.06884090359079612 0.019228034825709096
1 0.472083036497137 0.20800069199568522 0.07511817466803503 0.024243083446228098
1 0.26830353064340445 0.33114602216255296 0.09702044574527395 0.030077003618044617
