1 0.2561979586150057 0.31885661473976096 0.012847229581579977 0.05500574874635875
2 0.6029167019915838 0.2797763605166188 0.010902783665263982 0.04402278463973612
1 0.5952058949126748 0.32715982587688275 0.011121038474587407 0.050272784639736126
1 0.312529804168502 0.32283707257817745 0.014355165879249121 0.05348871285298147
1 0.49253476269868973 0.31480692689309714 0.015753974772256464 0.048846676959604096
1 0.14680065516429391 0.44913148495630517 0.019915685116542826 0.07862510517284953
1 0.8212698871081265 0.36417540723054886 0.014464293283910834 0.05661371285298138
1 0.62209577712666 0.3373077156894683 0.014573420688572546 0.05973871285298138
1 0.4383110541685021 0.3264969331613033 0.026636911069925516 0.04760242570596294
1 0.20325649708959315 0.3672653710079671 0.016245048093234238 0.0629091769596041
1 0.48845738710812653 0.35449155251991776 0.014573420688572546 0.05973871285298147
1 0.7744072999921509 0.45256430581862306 0.018353185116542648 0.07857964106622681
1 0.5131300048941414 0.34584397822588064 0.020386911069925517 0.047420569279472156
1 0.2439633426430894 0.3707911877801568 0.01484623920022674 0.06755121285298146
1 0.7140575878337659 0.3782258838735838 0.014900802902557686 0.06911371285298147
2 0.528484675582714 0.40560542313217346 0.014900802902557686 0.06911371285298143
1 0.5086806070710597 0.39722462179938994 0.017916675497895974 0.06607964106622681
1 0.37575897966639793 0.390235172736462 0.016354175497895973 0.06603417695960409
1 0.30165682467174004 0.5925585391920827 0.022132949544513104 0.09742056927947225
1 0.5757515782999372 0.6863840616911178 0.02402283175849824 0.10684103338609496
1 0.6848810085223385 0.43669160174113025 0.015064494009550167 0.07380121285298143
1 0.27025800253188875 0.49799018527287436 0.023477194735189676 0.09121603338609478
