2 0.7573513533430909 0.6696161834632649 0.06101022287263689 0.016761165102807674
1 0.6031966811109427 0.29853386909709145 0.08448408430895533 0.02465007475773362
1 0.5954523588040399 0.2862688158787828 0.07825226502711473 0.027338032183086725
1 0.7195291664766115 0.5880330476935525 0.06415340359079628 0.020104686390131122
1 0.6299944886853185 0.5286255606830027 0.06884090359079628 0.020432468321116382
1 0.6001706332991242 0.5499871084534297 0.07980567466803504 0.025884792826748538
1 0.6529138382177803 0.6193269703379287 0.07203862646343318 0.03315098960843983
1 0.6870297629840112 0.6662619544984869 0.0750999939498758 0.02243201089576328
1 0.6786784701421624 0.22096587999285475 0.07044885538619425 0.028354228964778017
1 0.6730279129605702 0.2518334677400387 0.06262726502711473 0.026245425746469396
1 0.7070842295119363 0.4433543322224277 0.07509090359079629 0.020869510895763277
1 0.5967274707313376 0.6044560871661062 0.08450226502711473 0.02777507475773362
1 0.6363070794371815 0.7869843639013114 0.08135908430895533 0.02443155347041035
1 0.6270684348233759 0.7628913000393409 0.09073408430895533 0.02508711733238069
1 0.5647638775435876 0.7249271242928715 0.0907249939498758 0.023524617332380517
1 0.672471838414172 0.7504348587055313 0.08137726502711473 0.02755655347041035
2 0.561180856171761 0.5347555923618863 0.10012726502711473 0.028867681194351034
1 0.5258256600337038 0.29781296723583556 0.11263635538619425 0.031304266343644915
1 0.5355889410698917 0.9034291827069602 0.10323408430895534 0.02596120248167466
1 0.5244136718393646 0.13749282627034295 0.10639544574527378 0.03242972376899798
1 0.33609800117835037 0.8019438203182581 0.12358294574527395 0.03363159084927707
1 0.34383077147002233 0.27883410224924343 0.12365566861791084 0.04613159084927707
