1 0.6033277313812706 0.34963884729296657 0.009756808004454243 0.032867042154477666
0 0.9719510093889066 0.4037480677297166 0.016206802673454136 0.05009090359079611
1 0.3743487560470887 0.3447205848981306 0.009738626670908879 0.031304542154477664
1 0.4234765993793615 0.33662173858712263 0.006649989337999785 0.03441136143631844
2 0.17745557471354328 0.34430347014216245 0.006649989337999785 0.03441136143631844
1 0.40450897071927033 0.3851728680756179 0.009920440006363362 0.046929542154477664
1 0.5528555640515431 0.37649678396305414 0.00986589600572696 0.04224204215447767
1 0.5124669213876338 0.39704563329912423 0.00986589600572696 0.04224204215447776
1 0.9559452960693605 0.5054105616795924 0.01631589067472703 0.05946590359079629
1 0.6079157813892246 0.4082098713952676 0.009920440006363407 0.046929542154477664
1 0.49933166939845164 0.4768149465308408 0.011592028007635946 0.056313632513557366
1 0.7703521467218156 0.40179572405098735 0.011464758672817866 0.04537613251355736
1 0.7516930533895428 0.40971730835994274 0.012972714672181595 0.040697722872636885
1 0.48121746873008797 0.46441948566025637 0.00999316534054504 0.053179542154477843
1 0.1676998613939972 0.44592960265571974 0.013154528007636035 0.056322722872636885
1 0.26560101205440656 0.3992631600337039 0.009920440006363407 0.046929542154477755
1 0.15205668006045175 0.44445800624651594 0.013081802673454223 0.050072722872636886
2 0.5221873667249973 0.42667859114464657 0.01306362133990877 0.048510222872636885
1 0.6497680214035422 0.5134422720591975 0.022584072008272393 0.061064765027114734
1 0.19276404340386039 0.5184449520899858 0.013209072008272349 0.06101022287263689
1 0.3766577854073602 0.5431580848981306 0.01637043467536321 0.0641534035907961
1 0.3512043467536324 0.638625121002484 0.02423747867599957 0.06888635538619425
1 0.8132332741088131 0.7968855102535367 0.026218149347544538 0.10483294574527395
