2 0.5765272054518109 0.7788730900626477 0.015693599050060313 0.06130121285298138
1 0.22455967096478605 0.6121436134861197 0.023171906377006658 0.08492056927947225
1 0.21325035674043483 0.6039901326864496 0.02596935775648763 0.0787614974927175
1 0.4996271907524898 0.7382959026782023 0.018982373360319826 0.06451714106622682
1 0.4512107021724505 0.6469063730530311 0.019228034825709096 0.06920464106622681
1 0.4762040581199158 0.6179008346523714 0.02448874491161739 0.08027853338609496
1 0.5390448948455042 0.672935327130524 0.03189180913596843 0.0726933539192082
1 0.5817746274326497 0.7086060541692704 0.021118083446227943 0.07550010517284952
1 0.1378165875185579 0.6847340158351176 0.027122421980838852 0.07099446159934023
1 0.16935319256151207 0.6801745479675713 0.02515048620519007 0.06313649749271769
1 0.35657323157109266 0.7208319548689157 0.01955558344622812 0.07545464106622682
1 0.5310553324301752 0.6163670783841652 0.02629690637700648 0.0850114974927175
1 0.7086137663968017 0.6622204506457735 0.023008132066747143 0.08179556927947225
1 0.6856675893275803 0.6521634890464334 0.023499454997525503 0.09117056927947224
1 0.6553493255327704 0.5886860107540457 0.021936954997525505 0.09112510517284952
1 0.6676678618288174 0.6970213479802065 0.026133132066747146 0.08188649749271751
2 0.4657512369981596 0.5784746217993899 0.027115777928304042 0.10063649749271768
1 0.23330058514370872 0.5349362558059878 0.02777087516934209 0.11313649749271751
1 0.8372920443251057 0.5658121150689654 0.024154552238563554 0.10367056927947224
1 0.07326716587640338 0.5279324348771629 0.030568326548823133 0.10697742570596294
1 0.7602736001817141 0.3632661250980952 0.031469085255250384 0.12416492570596294
1 0.23659043871632485 0.35272314937949706 0.04396908525525038 0.12452863855894432
