1 0.6573344021874554 0.6520226936606976 0.03297614123370209 0.012053460910325242
1 0.6595888287312306 0.42362662669123574 0.03141364123370209 0.011925915152690791
1 0.6682604452081662 0.47348310547940836 0.03448409415580152 0.009056006667959693
2 0.6577148628234878 0.2268791724488703 0.03448409415580134 0.009056006667959781
1 0.619482025971287 0.44999793699273793 0.04703864123370209 0.01320137272903601
1 0.6298855121715693 0.5990731657809105 0.042351141233702094 0.01281873545613248
1 0.6088639001588605 0.5567900709316616 0.042351141233702094 0.01281873545613248
1 0.5056448116818066 0.9898429763722767 0.05964773538950343 0.02031404725544661
1 0.5988088360348313 0.6511459777494025 0.04703864123370209 0.01320137272903601
1 0.5289309383083074 0.5362227372923003 0.05644091477265238 0.015529147274843247
1 0.6071140340856667 0.8140923879011235 0.045503414772652385 0.014636326971401558
1 0.5989742516182626 0.7947046591129509 0.04084318831160268 0.01581618969849785
1 0.5411172926103786 0.5192743533533766 0.0532886412337021 0.013711555759574168
1 0.5559614480508352 0.2076511982026255 0.05646818831160268 0.017091647274843268
1 0.6037734310047067 0.3098512980528443 0.04703864123370209 0.01320137272903601
1 0.5572512126613319 0.19215374396026005 0.05021818831160267 0.016581464244305132
2 0.5793400413925626 0.5637417015366054 0.04865568831160268 0.01645391848667046
1 0.4940491980475401 0.6831616391090714 0.061319329545304765 0.026849284547746776
1 0.4837279379045656 0.22593907047261963 0.061155688311602674 0.017474284547746865
1 0.4611513287312306 0.40742831547164976 0.06433523538950343 0.020854376063016034
1 0.36537517856907475 0.3730855242559431 0.06915910308425506 0.029049513335919562
1 0.21246973578994993 0.8201045612195859 0.10512387662320544 0.03354556576151353
