2 0.7430019099373523 0.5986952330950688 0.06130121285298138 0.013918336056041624
1 0.5972313865138803 0.2421757422131245 0.08492056927947225 0.020713849923750072
1 0.5897598673135505 0.23063883016902728 0.0787614974927175 0.02369337955902786
1 0.7070165973217977 0.5206799890789925 0.06451714106622682 0.017116071238402773
1 0.6187186269469689 0.4696461255718745 0.06920464106622681 0.017225174011944587
1 0.5883491653476286 0.493774609804305 0.08027853338609496 0.022167247150208524
1 0.639564672869476 0.5581631117041661 0.0726933539192082 0.029797909194305562
1 0.6726439458307296 0.6018942746981939 0.07550010517284952 0.01893314437666671
1 0.6746409841648824 0.15761759783645773 0.07099446159934023 0.025074041603125076
1 0.6682629520324287 0.1889948844055897 0.06313649749271769 0.02332970364722229
1 0.6979180451310844 0.3772391136040272 0.07545464106622682 0.01737064437666671
1 0.5836329216158348 0.5485348449866662 0.0850114974927175 0.023838849923750162
1 0.6190295493542265 0.7272767876159717 0.08179556927947225 0.020641114741388834
1 0.6103365109535666 0.704057493163055 0.09117056927947224 0.02085932028847228
1 0.5488139892459543 0.6719184468102772 0.09112510517284952 0.019296820288472284
1 0.6561036520197935 0.6873778330188189 0.08188649749271751 0.023766114741388834
2 0.5496503782006101 0.4821837995838189 0.10063649749271768 0.02420252583555573
1 0.5197512441940122 0.24866343797656204 0.11318196159934021 0.026055966565000154
1 0.5154378849310346 0.8530418134515273 0.10367056927947224 0.021150261017916706
1 0.522067565122837 0.08856173936333289 0.10697742570596294 0.027472996200277856
1 0.3179838749019048 0.7701968651226385 0.12416492570596294 0.027873039703263915
1 0.33790185062050304 0.24665026234909693 0.12452863855894432 0.040373039703264
