2 0.3943941282281439 0.19239385769712508 0.028671303218308707 0.009779191585911206
1 0.47405303914357766 0.5866790892597933 0.03960880321830871 0.010544016091543363
1 0.4944797896477808 0.7342642834435945 0.04117130321830871 0.010653276735205174
1 0.4346191985464022 0.5341660944555733 0.034921303218308705 0.010216234160558103
1 0.4119144000196705 0.3428855305936029 0.03190556386197048 0.011560212873234655
1 0.47589477254783114 0.40177956537457965 0.04128056386197052 0.012215776735205176
1 0.5354000845682162 0.6523858527534465 0.04763982450563216 0.01421531930985207
1 0.5901850455998655 0.9244300975576664 0.05465464901126431 0.02558986188449879
1 0.6044332158984533 0.9503041827069604 0.05131112772394068 0.022246340597175517
1 0.42848490496334896 0.2352040705703598 0.03815556386197052 0.011997255447881638
1 0.6009440490309348 0.3778718078330111 0.06003056386197052 0.01352690445914595
2 0.5389407117879539 0.5251349379027405 0.05065556386197034 0.012871340597175518
1 0.527129490616846 0.4006976666154169 0.05076482450563198 0.014433840597175517
1 0.5257205378830699 0.2248999911210491 0.0494208457929556 0.017449579953513795
1 0.500627702733776 0.2107064511442922 0.050764824505632154 0.014433840597175517
1 0.5784505980618695 0.7121486188449899 0.05421760643661742 0.019339861884498967
1 0.6792261302449563 0.7969385181083558 0.06381112772394068 0.02312042574646931
1 0.7598320020168124 0.6377598960843981 0.07976390965492612 0.028900532183086726
1 0.572158495308423 0.22192781043090112 0.06671760643661742 0.020213947033792933
1 0.5865091164992015 0.6606243236724529 0.0545453883676025 0.024027361884498964
1 0.7053294443590282 0.8811714064759583 0.06962408514929379 0.017307468321116203
1 0.7178744589379623 0.4824496832111634 0.07652964901126431 0.027119510895763276
0 0.5186160481977555 0.9015446185928884 0.046295845792955606 0.017231058666190437
