1 0.3985516720393349 0.6604260275899231 0.010575401451278842 0.03514027454580706
1 0.39060276278350775 0.6558820488017503 0.00890377404661713 0.03188772878817261
1 0.5816369905509892 0.6831613812331636 0.011919646641955417 0.029017820303441688
1 0.6035119905509891 0.6849470218400471 0.01827877404661713 0.032653003333980024
1 0.5165377802067029 0.6482445051701478 0.013809528855940556 0.03852036606107632
1 0.6856970079741844 0.6737381969946775 0.013700401451278665 0.035395366061076315
1 0.4669172369227921 0.5881043595622943 0.014300602176918175 0.05258286606107632
1 0.5557639713136955 0.6561206491110111 0.012356156260602269 0.041517820303441866
1 0.530945020588056 0.6369561898676758 0.012356156260602269 0.041517820303441685
1 0.1763046166897065 0.40857725879399165 0.022713302902557686 0.07040809484924893
0 0.9412376798438832 0.6743432012467413 0.010902783665263982 0.04451527454580724
1 0.25028280842967127 0.5415967950087286 0.014355165879249121 0.05414536606107632
1 0.28737606986241665 0.5999353245555056 0.010902783665263982 0.04451527454580724
1 0.7294271606065895 0.632124523966079 0.014136911069925696 0.04789536606107632
1 0.3138294424577549 0.5989786024352927 0.01408234736759475 0.04633286606107632
1 0.22736117440158762 0.4875311772806622 0.01780754809323426 0.06377545757634522
1 0.6358929262156862 0.5637255971444587 0.01597222958157989 0.05583541181871077
1 0.7881077014434297 0.5278513542714605 0.01953373920022692 0.06859050333398002
1 0.3153075745869221 0.284373968496369 0.028055567330527963 0.08954073212215263
2 0.6306201275742978 0.7027402997198342 0.009012901451278843 0.03501272878817261
2 0.46522825135076235 0.6066630409258427 0.01704365626060227 0.04190045757634522
