0 0.4452879642795945 0.8912501512531051 0.043940914772652384 0.011192030054229463
2 0.36791597727182856 0.12912285597536946 0.031359094155801334 0.006431807181592353
1 0.37582175486796865 0.3134705848981306 0.031359094155801334 0.006431807181592397
1 0.38472342207625304 0.24153649756411308 0.03462046185055314 0.01426248789975162
1 0.4401799042160503 0.6881342416121847 0.043913641233702096 0.009629530054229285
1 0.3872070884704632 0.5181126331027326 0.032948867694751624 0.008003397540672096
1 0.41966503246410874 0.49760923556206055 0.04235114123370205 0.009620439695149762
1 0.4827201858726754 0.5738126663784155 0.045503414772652385 0.011201120413308984
1 0.5894725665530707 0.7810252026791609 0.06896818831160267 0.012899975799503239
1 0.48674779788867956 0.1331194886853185 0.05339773538950343 0.015934072208706997
1 0.4357558624164506 0.3451564012531051 0.0454761412337021 0.009638620413308896
1 0.46724123619698704 0.6270331151487516 0.04860114123370209 0.009656801131468029
1 0.4552013376596843 0.3848910669441497 0.04703864123370209 0.009647710772388508
1 0.454371674511885 0.15831038622599047 0.04703864123370209 0.009647710772388508
1 0.5790180819743462 0.8982854255517978 0.06606137662320535 0.02538179508134384
1 0.5420388644450455 0.4359535971947707 0.05805796185055314 0.014398843285945873
2 0.4928201144450456 0.4362399435057787 0.053315914772652385 0.01124657220870695
1 0.7021617069759938 0.656919561286809 0.07209318831160268 0.012918156517662283
1 0.6635008072208752 0.4563428443661003 0.07053068831160267 0.01290906615858276
1 0.5328899610364789 0.35943654899016886 0.05805796185055314 0.014398843285945873
1 0.5235932329538715 0.09540132006740767 0.061155688311602674 0.012854524004105094
1 0.644180242693104 0.24471499795689655 0.07845228246740418 0.019204517953980905
1 0.740863517039538 0.8598400282075176 0.08470228246740419 0.01924087939029917
