1 0.24168532395768377 0.31457321936663485 0.011573846674090582 0.05481476933481808
2 0.5906955359643653 0.26940890674726903 0.0098840773392725 0.043859088001272716
1 0.5807660052912291 0.31695606874599636 0.009956802673454135 0.050109088001272714
1 0.2979080519573656 0.3175714973742708 0.01311816534054513 0.053270450668363535
1 0.4785313432925019 0.3063901913987697 0.01462612133990877 0.048601132001908985
1 0.12606831993954823 0.44683973201781735 0.01809656667727224 0.07832499466899989
1 0.8054114692870931 0.35004293077654036 0.013154528007635946 0.05639545066836362
1 0.6072194172899565 0.32664015141626895 0.013190890674726851 0.059520450668363624
1 0.42368930195736565 0.31903509472467917 0.025545440006363405 0.047165901336727066
1 0.18641602128422954 0.36393687269254427 0.014789753341817757 0.06266363200190898
1 0.47259896928709305 0.3461703067313607 0.01319089067472703 0.059520450668363534
1 0.7543660426082299 0.43930487810308616 0.016534066677272106 0.07830681333545435
1 0.49770805728836576 0.33708620806808776 0.019295440006363407 0.047093176002545346
1 0.22701374928391135 0.3667533373647258 0.013281797342454115 0.06733295066836353
1 0.6973989746180932 0.3659759187619047 0.01329997867599957 0.06889545066836353
2 0.5102984166136388 0.396615749403224 0.01329997867599957 0.06889545066836353
1 0.490858073281366 0.38857598273390603 0.016388616008908664 0.06580681333545443
1 0.35808193594845694 0.38390556938254317 0.014826116008908662 0.06578863200190899
1 0.27445018125400367 0.58764764003818 0.019877242679817542 0.09709317600254544
1 0.5445439579090042 0.6767396014083147 0.02154883068109026 0.10648635733609062
1 0.6654580839433664 0.4249872920909958 0.013354522676635838 0.07358295066836362
1 0.24741606126673035 0.49357037603436205 0.02136701734563582 0.0908613573360908
