0 0.4333978317584982 0.10874984874689489 0.044131945916316084 0.011192030054229285
2 0.39596241849595587 0.8708771440246306 0.03146825480932343 0.00643180718159222
1 0.3942114016209149 0.6865294151018694 0.03146825480932343 0.006431807181592397
1 0.40687758192813417 0.7584635024358869 0.034866073320977665 0.01426248789975162
1 0.43892861306150943 0.3118657583878153 0.04407738221398496 0.009629530054229285
1 0.3948760566155728 0.48188736689726747 0.03303075480932342 0.006440897540672097
1 0.4283978847458739 0.5023907644379395 0.04251488221398514 0.009620439695149762
1 0.48744301333166185 0.4261873336215844 0.045694445916316086 0.011201120413308984
1 0.583311040921658 0.21897479732083913 0.06913194591631608 0.011337475799503149
1 0.5145487273889633 0.8668805113146816 0.053670637023308564 0.01593407220870695
1 0.45246784572313226 0.6548435987468949 0.04563988221398514 0.009638620413308985
1 0.46918159745241284 0.37296688485124835 0.04876488221398514 0.009656801131468207
1 0.4698264713136955 0.6151089330558503 0.047202382213985136 0.009647710772388508
1 0.4808632081516696 0.8416896137740096 0.047202382213985136 0.009647710772388508
1 0.5667187632468439 0.1017145744482022 0.0664980192372937 0.025381795081343937
1 0.5539633691367772 0.5640464028052292 0.05830357332097762 0.014398843285945873
2 0.5047446191367773 0.5637600564942213 0.05356150961864685 0.01280907220870695
1 0.7024653234057957 0.34308043871319105 0.07231150961864685 0.01291815651766246
1 0.6743205091553107 0.5436571556338997 0.07074900961864686 0.01290906615858276
1 0.5488244905509891 0.6405634510098313 0.05830357332097762 0.014398843285945873
1 0.5533582562449039 0.9045986799325924 0.06137400961864685 0.012854524004104917
1 0.6660888908211416 0.7552850020431034 0.07877976442797027 0.019204517953980905
1 0.7305282921027845 0.14015997179248244 0.08508432813030105 0.02080337939029935
