2 0.3828125 0.17453505983923642 0.028125 0.008467116641249994
1 0.43515625 0.5663783741437851 0.0390625 0.00872168977951393
1 0.4453125 0.7134897634864588 0.040625 0.008758057370694416
1 0.39921875 0.5155419195466322 0.034375 0.008612587005972117
1 0.38984375 0.3246987139995489 0.03125 0.010102351823611144
1 0.45 0.38078636626000034 0.040625 0.010320557370694417
1 0.4921875 0.6294245412218754 0.046875 0.012028527735416716
1 0.528125 0.8997922458190282 0.053125 0.023111498100139016
1 0.540625 0.9250831865484728 0.05 0.01991376291777769
1 0.4140625 0.21588741166284758 0.0375 0.010247822188333356
1 0.57734375 0.3509378249412157 0.059375 0.010756968464861138
2 0.5046875 0.5015904819513198 0.05 0.010538762917777866
1 0.5015625 0.3772989967689588 0.05 0.012101262917777866
1 0.5125 0.20099106990722265 0.0484375 0.015189895326597291
1 0.48828125 0.18792737224392403 0.05 0.012101262917777822
1 0.53125 0.6873649810013893 0.053125 0.016861498100139018
1 0.6265625 0.7677084040634032 0.0625 0.020204703647222287
1 0.71875 0.6042290919430562 0.078125 0.02525587955902786
1 0.559375 0.19583209764263937 0.065625 0.01715243882958335
1 0.54296875 0.6352939879352435 0.053125 0.021548998100139015
1 0.646875 0.8509936827487505 0.06875 0.014100174011944588
1 0.6875 0.450376740119445 0.075 0.02362064437666671
0 0.4578125 0.8801869542159032 0.0453125 0.015117160144236409
