2 0.6104387984033945 0.165625 0.02844333498097189 0.0078125
1 0.5421782993547966 0.55625 0.03931716798477751 0.00625
1 0.5260373517125239 0.703125 0.04087966798477751 0.00625
1 0.5801531432330173 0.50625 0.03469333498097207 0.0078125
1 0.5972955167687329 0.315625 0.03163200197716627 0.009375
1 0.5349109219019292 0.3703125 0.040943334980972065 0.0078125
1 0.4826322030051182 0.61796875 0.047320668973360826 0.0109375
1 0.4357121461615856 0.8875 0.05401633794672147 0.021875
1 0.4221934742224754 0.9125 0.05076400395433271 0.01875
1 0.5775334565023403 0.20625 0.03788200197716627 0.009375
1 0.40890417882201147 0.3375 0.05975700197716631 0.009375
2 0.4753528966930583 0.48984375 0.05038200197716627 0.009375
1 0.4835394228905123 0.365625 0.05050933596955502 0.0125
1 0.47979629346047864 0.1890625 0.04901050296574958 0.0140625
1 0.5045243794300337 0.1765625 0.05044566897336082 0.0109375
1 0.4412458576440229 0.675 0.05376166996194396 0.015625
1 0.34275000783430326 0.753125 0.06326400395433271 0.01875
1 0.2573112094309088 0.5875 0.07901633794672147 0.021875
1 0.43317596144525616 0.1828125 0.06626166996194378 0.015625
1 0.431659952016535 0.62265625 0.053952670950527096 0.0203125
1 0.3190631570360005 0.8359375 0.0692593359695552 0.0125
1 0.29480057505795915 0.434375 0.07589133794672147 0.021875
0 0.5067568166178211 0.86953125 0.04588550296574958 0.0140625
