1 0.5791558625875491 0.5452639188815046 0.04226022533418181 0.008953497840531632
1 0.6502137972629123 0.47669558914728516 0.03446590666772718 0.010015350092285047
1 0.6299718332272777 0.7402970141934276 0.03768181333545435 0.018028109191583753
2 0.014949006604093786 0.9315108158545587 0.029898013208187572 0.024478368290882457
1 0.6045376705920035 0.5108493460871154 0.04698408800127272 0.012378886489479513
2 0.6874421719446389 0.36345510950535076 0.037609088001272536 0.011778109191583752
1 0.6451990332590943 0.5051209777962331 0.03918976933481808 0.013440738741233105
1 0.6548478479471843 0.34680783004798654 0.03762726933481808 0.013340609191583752
1 0.629556399268003 0.440547338067551 0.04700226933481808 0.01394138648947969
1 0.576701382558914 0.7562014188815046 0.05323408800127272 0.012779404688076923
1 0.6176376545990031 0.4584858096899209 0.046965906667727174 0.010816386489479513
1 0.6384250586410012 0.14800938464377836 0.043895450668363624 0.015303627390180985
1 0.6435712565643229 0.7121021630214084 0.042296588001272714 0.012078497840531633
1 0.5729042205601867 0.7470767427556279 0.05483295066836362 0.016004534237726277
1 0.5667104065881855 0.5413774552786992 0.05793976933481808 0.014642293337024982
0 0.6408238999840916 0.07603425509412902 0.043968176002545434 0.021553627390180984
2 0.5864967426002758 0.4511134006829073 0.05639545066836362 0.016104663787375628
1 0.503817865889596 0.780388692940198 0.06577045066836362 0.01670544108527139
1 0.5505148839513204 0.323047759874491 0.05950226933481808 0.014742422886674156
1 0.6029864506285927 0.2416184847360634 0.053343176002545435 0.022154404688076924
1 0.3985672918921413 0.7683974375415271 0.0814863573360908 0.02551923658176456
1 0.5110625799650016 0.22486987816537338 0.06893181333545435 0.020030700184570094
1 0.4645104652291866 0.7368482464562558 0.0752363573360908 0.025118718383167503
1 0.26269452124445863 0.6373650879106674 0.09716590133672706 0.031208032078257907
