1 0.5971643288480064 0.36707197121774354 0.009565897540671919 0.033030705547083275
0 0.9648058259211402 0.43188653894076473 0.015915891490547906 0.05036367591180557
1 0.36829444028432484 0.355494119109792 0.009556807181592398 0.031468205547083274
1 0.41755864207972293 0.34882719823197955 0.0064499878997516195 0.0345204703647223
2 0.17142853064340446 0.3493493026210418 0.0064499878997516195 0.03452047036472221
1 0.3977455909482548 0.39681010334222255 0.009647710772388508 0.047093205547083274
1 0.5462285427436528 0.39245252450437546 0.009620439695149585 0.04240570554708336
1 0.5054853680756178 0.411819467133681 0.009620439695149585 0.04240570554708327
1 0.947027452580965 0.5330489954377786 0.015970433645025393 0.059738675911805574
1 0.6007296903825207 0.42575664019569504 0.009647710772388508 0.047093205547083274
1 0.4909592597625574 0.49117965881305603 0.01126475292686635 0.05650457313826394
1 0.7632615066392994 0.42407011967847286 0.011201120413308984 0.045567073138263935
1 0.7444660548439013 0.43144620858430616 0.012736349336070063 0.0409159407294446
1 0.4730632326351943 0.47826143151447964 0.009684072208706951 0.05334320554708327
1 0.15990015730322935 0.4506572294827779 0.012827252926866262 0.05654094072944442
1 0.25860582289607803 0.406854637727153 0.009647710772388508 0.047093205547083274
1 0.14428424766230896 0.44873105357097237 0.01279089149054773 0.05029094072944442
2 0.5146876512531051 0.4417251726807644 0.012781801131468207 0.0487284407294446
1 0.6407410911446465 0.5321709475663894 0.022229524004105095 0.06144664627652787
1 0.18369620560602712 0.5238771771460765 0.012854524004105094 0.061228440729444424
1 0.3671399646812134 0.553931619109792 0.015997704722264316 0.06442617591180558
1 0.3400229527773567 0.6486258700597225 0.023837475799503238 0.06929551386770835
1 0.7992428957921561 0.8202736256623965 0.025609054058334378 0.10526938145888884
