1 0.5731750883371525 0.3971043882297399 0.00723192496187508 0.04236935642649069
1 0.5107491299402775 0.32865591660126986 0.008612587005972294 0.034602320533113406
1 0.7728490864372913 0.33820544668865943 0.016497822188333445 0.03795464106622681
2 0.910010020329791 0.9525454283462593 0.022820557370694418 0.04126149749271768
1 0.5409444697960414 0.3730591344688162 0.010466027735416716 0.04714778463973612
2 0.4006480845374303 0.29594636817148023 0.010247822188333445 0.03777278463973612
1 0.5387650271667358 0.3325250626820616 0.011846689779513753 0.03938074874635884
1 0.3811343651226386 0.3293044374509524 0.011810322188333356 0.03781824874635875
1 0.47275816745933996 0.3508408051602142 0.012028527735416716 0.04719324874635884
1 0.7841125883371525 0.390966733835678 0.010611498100139016 0.05339778463973612
1 0.4896729105254858 0.3620594499873647 0.008903527735416717 0.047102320533113404
1 0.18069795402847194 0.35387384309865555 0.013518292553055566 0.04411371285298147
1 0.7458144609623261 0.32571981855455634 0.01035692496187508 0.042460284639736126
1 0.774646669359201 0.3951457684754141 0.013772865691319502 0.05505121285298138
1 0.5681966476077079 0.40974078054960794 0.012283100873680652 0.05813074874635871
0 0.10885932161965246 0.3544026920032989 0.019768292553055577 0.04429556927947216
2 0.47957055870187465 0.39358223462710085 0.01380923328249999 0.05661371285298138
1 0.8019527453472566 0.46305468250289455 0.014027438829583527 0.06598871285298138
1 0.3482289865135413 0.43487848753009467 0.01231946846486114 0.05969324874635866
1 0.2713041170224997 0.3855891928612287 0.019986498100138927 0.053670569279472245
1 0.780747932942569 0.5690690017823666 0.022203614741388832 0.08184103338609497
1 0.24650217914284683 0.4784359224072576 0.0172251740119445 0.06920464106622681
1 0.7549316217721523 0.5042396236482636 0.02205814437666671 0.07559103338609496
1 0.6377038349186799 0.7106380393250966 0.027254790653194406 0.09760242570596275
