1 0.40078125 0.353125 0.01015625 0.0328125
0 0.0328125 0.409375 0.01640625 0.05
1 0.6296875 0.346875 0.009375 0.03125
1 0.58046875 0.3390625 0.00703125 0.03359375
2 0.8265625 0.3453125 0.00703125 0.034375
1 0.6 0.3875 0.009375 0.046875
1 0.4515625 0.3796875 0.00859375 0.0421875
1 0.4921875 0.4 0.009375 0.0421875
1 0.05 0.5109375 0.01484375 0.059375
1 0.396875 0.41171875 0.01015625 0.046875
1 0.50625 0.4796875 0.0109375 0.05703125
1 0.234375 0.40625 0.0109375 0.0453125
1 0.253125 0.4140625 0.0125 0.040625
1 0.52421875 0.4671875 0.01015625 0.05234375
1 0.8375 0.446875 0.01171875 0.05703125
1 0.7390625 0.40078125 0.01015625 0.046875
1 0.853125 0.4453125 0.01171875 0.05078125
2 0.4828125 0.4296875 0.0125 0.0484375
1 0.35625 0.5171875 0.021875 0.0609375
1 0.81328125 0.51953125 0.0125 0.0609375
1 0.6296875 0.5453125 0.015625 0.0640625
1 0.65625 0.640625 0.0234375 0.06796875
1 0.19609375 0.8015625 0.02578125 0.1046875
