2 0.37942089854059796 0.23459898261459333 0.013563668019063257 0.061082950668363625
1 0.736849794645564 0.3866581852323683 0.020222771103318316 0.08459317600254526
1 0.7484321769508122 0.3943343252307775 0.023238676947516978 0.07837953866963625
1 0.4576589468363146 0.2719620752705484 0.01674321509696384 0.06424431333545452
1 0.5092157183466701 0.36118765993000324 0.016825035713814884 0.06893181333545444
1 0.4852600211066136 0.39114787993318484 0.021703450486467445 0.0799238573360908
1 0.4205623214309252 0.3387864959420936 0.029379582791715642 0.07220226400381798
1 0.3766310892878327 0.30492966394813875 0.0184966298696164 0.07519999466899989
1 0.8209714245151802 0.3106945745544597 0.024664809252765353 0.07058522000318171
1 0.7896259671288541 0.3165269512253686 0.02296594155801355 0.06275453866963625
1 0.6011771217552367 0.2835706425843674 0.0169341298696164 0.07518181333545444
1 0.430517974028713 0.39490922660727545 0.023347771103318492 0.08462953866963625
1 0.2515395860414218 0.3563750799650016 0.020168224025417736 0.08146817600254534
1 0.2748134448077198 0.36547735996181996 0.020331865259119654 0.09084317600254535
1 0.30731625324970613 0.4275864612905929 0.018769365259119652 0.09082499466899989
1 0.2912293774372796 0.31998304662636545 0.023293224025417735 0.08150453866963617
2 0.4970781826328551 0.4300649292648213 0.023620506492821748 0.10025453866963621
1 0.7308122544675222 0.46405647923300464 0.02383869480442442 0.11275453866963617
1 0.12635657954860005 0.4578114053150918 0.020550053570722416 0.10334317600254543
1 0.8909275941590966 0.4645366425445966 0.026854600648623262 0.10654090133672725
1 0.21036556656295655 0.6567932506365468 0.027154609577076827 0.12372840133672706
1 0.7338848871798076 0.6460150038988228 0.039654609577076984 0.12387385200509068
