1 0.6234375 0.3703125 0.01015625 0.03359375
1 0.63125 0.37421875 0.0078125 0.03203125
1 0.440625 0.3625 0.0109375 0.02734375
1 0.41875 0.3625 0.0171875 0.03046875
1 0.5046875 0.3921875 0.0125 0.0375
1 0.3359375 0.38046875 0.0125 0.03359375
1 0.55234375 0.4484375 0.01328125 0.0515625
1 0.465625 0.3875 0.0109375 0.040625
1 0.48984375 0.4046875 0.0109375 0.04140625
1 0.8375 0.6046875 0.01953125 0.06796875
0 0.0796875 0.40078125 0.00859375 0.04296875
1 0.76796875 0.47734375 0.01328125 0.053125
1 0.7328125 0.421875 0.009375 0.04453125
1 0.290625 0.42578125 0.01171875 0.046875
1 0.70625 0.425 0.01328125 0.0453125
1 0.7890625 0.5296875 0.015625 0.06328125
1 0.38203125 0.48671875 0.0140625 0.0546875
1 0.228125 0.53515625 0.0171875 0.0671875
1 0.69375 0.740625 0.02421875 0.0875
2 0.3921875 0.346875 0.0078125 0.03515625
2 0.5546875 0.4296875 0.01640625 0.04140625
