1 0.25075357102059287 0.31885661473976096 0.01189207386326192 0.05500574874635875
2 0.5983319545436572 0.2797763605166188 0.010138659090609537 0.04402278463973612
1 0.5897887974816425 0.32715982587688275 0.010247753246410873 0.050272784639736126
1 0.30704448132901835 0.32283707257817745 0.013427300324311543 0.05348871285298147
1 0.4872814062479405 0.31480692689309714 0.014907979707460583 0.048846676959604096
1 0.1390229586008469 0.44913148495630517 0.018551176947516977 0.07862510517284953
1 0.8153206314911742 0.36417540723054886 0.013481847402212565 0.05661371285298138
1 0.6165149387153445 0.3373077156894683 0.01353639448011279 0.05973871285298138
1 0.43282573132901836 0.3264969331613033 0.025818206168510115 0.04760242570596294
1 0.1969388242670037 0.3672653710079671 0.015153441558013592 0.0629091769596041
1 0.4825081314911741 0.35449155251991776 0.013536394480112967 0.05973871285298147
1 0.7668888599808186 0.45256430581862306 0.01698867694751698 0.07857964106622681
1 0.5073444902574721 0.34584397822588064 0.019568206168510117 0.047420569279472156
1 0.23760473457542922 0.3707911877801568 0.013672762174864595 0.06755121285298146
1 0.7078081404196279 0.3782258838735838 0.013700035713814885 0.06911371285298147
2 0.521662134737585 0.40560542313217346 0.013700035713814885 0.06911371285298143
1 0.5019945170428333 0.39722462179938994 0.016770488635914304 0.06607964106622681
1 0.3691274699649326 0.390235172736462 0.015207988635914304 0.06603417695960409
1 0.2914503035674271 0.5925585391920827 0.020440959414921078 0.09742056927947225
1 0.5640440982096958 0.6863840616911178 0.022167100648623084 0.10684103338609496
1 0.6775945348997408 0.43669160174113025 0.01378185633066593 0.07380121285298143
1 0.26168889123040673 0.49799018527287436 0.021894365259119652 0.09121603338609478
