0 0.46089793773324955 0.9087550181409852 0.044131945916316084 0.012465283665263626
2 0.3702083509957919 0.14401790634542028 0.03146825480932343 0.00734127404661713
1 0.38133436787083286 0.32855659745241284 0.03146825480932343 0.00734127404661713
1 0.38898068756361354 0.2570362615175634 0.03486607332097762 0.015262901451278843
1 0.4522421564302383 0.7055754544386545 0.04407738221398514 0.010902783665263982
1 0.396294712876175 0.5335169159640671 0.033085318511654284 0.008958337748947897
1 0.4283978847458739 0.5143502537130151 0.04251488221398514 0.010848219962933036
1 0.49279025616008576 0.5930680199550838 0.045694445916316086 0.01251984736759475
1 0.6031722285700896 0.8044817243089204 0.06918650961864685 0.014900802902557686
1 0.4891220421027844 0.15285224772256528 0.053670637023308564 0.01748016587924912
1 0.44182792376861546 0.36266126814098537 0.04563988221398514 0.01095734736759484
1 0.4782391720393349 0.64562010108061 0.04876488221398514 0.01106647477225664
1 0.4619692981780522 0.4031597825689556 0.047202382213985136 0.011011911069925695
1 0.4571825613400781 0.17670640997361736 0.047202382213985136 0.011011911069925695
1 0.5947645062449038 0.9212327146902733 0.0664980192372937 0.027291675497895795
1 0.5497074003549705 0.45772328619715275 0.05830357332097762 0.0160813569862416
2 0.5004886503549704 0.4560045295737307 0.053506945916316086 0.012792665879249121
1 0.713705446085952 0.6850546564302383 0.07231150961864685 0.015009930307219399
1 0.671537760336437 0.483045723127794 0.07074900961864686 0.014955366604888453
1 0.5392212789407586 0.38088796768549843 0.05830357332097762 0.01608135698624169
1 0.5253125132468439 0.11666177657850585 0.06137400961864685 0.014627984390903404
1 0.648519378670606 0.2707813361044854 0.07877976442797027 0.021478185116542824
1 0.7559549773889633 0.8894073397326825 0.08502976442797028 0.02169643992586643
