1 0.3920834172300115 0.6471682032668891 0.03470238221398514 0.011577850092285047
1 0.3962624857416658 0.6552310271410124 0.03152281851165419 0.009815090992986341
1 0.3778869640573014 0.46385505551864253 0.02845238221398514 0.011177331893687813
1 0.37712307222466934 0.4419800555186425 0.03185020072563942 0.019190090992986342
1 0.4098115758528665 0.5298200169619796 0.03793650961864685 0.014903109191583752
1 0.39219994600113395 0.36031904533960973 0.03481150961864685 0.014702850092285048
1 0.46772576877395755 0.5810809307493552 0.051999009618646855 0.01580427513842757
1 0.40375998329459506 0.4904571283130316 0.04100694591631591 0.013540868290882458
1 0.4217932206807234 0.5157773033591742 0.04100694591631608 0.013540868290882458
1 0.6339336444493388 0.8762501357142873 0.06940476442797028 0.023155700184570093
0 0.40356399881887367 0.10537072948505086 0.04407738221398514 0.012178627390180986
1 0.5041618096956156 0.7985583274178676 0.05356150961864685 0.015904404688076922
1 0.44746537639317135 0.7598474784053166 0.04407738221398514 0.012178627390180986
1 0.43593009863353915 0.31791030227943995 0.04725694591631609 0.01394138648947969
1 0.44966279345354687 0.7334852375046154 0.04574900961864685 0.01540375693983016
1 0.5572421696770822 0.8230064173311199 0.06304563702330857 0.019630181985972682
1 0.5000595752198942 0.4132216047157636 0.05517857332097762 0.017567034237726275
1 0.5431225505403049 0.26241937075489247 0.06778770072563951 0.02149307063492083
1 0.7648512838349 0.7412114065337783 0.08831845553496294 0.02904475478036197
2 0.3605704892850448 0.41441626002214926 0.034647818511654285 0.010015350092285047
2 0.4490576143274538 0.5822231261535633 0.041170637023308566 0.01822836829088246
