1 0.47173484698799334 0.4339805618367879 0.011377115756780753 0.03508539502097818
1 0.519171289109603 0.42046343611184156 0.014684126280124232 0.03844719336130424
2 0.35365270492285344 0.38303152324472406 0.011377115756780753 0.03508539502097818
1 0.40458514434304 0.4428926979346963 0.012939615756780754 0.03520379419114121
1 0.39511913908136814 0.44061980291371816 0.01624662628012441 0.038565592531467276
1 0.432687757539572 0.40457648175287525 0.012939615756780754 0.03520379419114117
1 0.5936098469879934 0.4432156971095038 0.011650131541796328 0.03977289502097818
1 0.6141043575113371 0.447879886321623 0.011741136803468066 0.04133539502097818
1 0.7003904680064459 0.48708594151042633 0.01366765785015538 0.047703794191141215
1 0.47916791538972736 0.4547666585174399 0.011741136803468066 0.04133539502097818
1 0.7188674522214303 0.4838192315523827 0.015048147326811723 0.04469719336130425
1 0.4963554153897274 0.45606904938923326 0.015048147326811723 0.04469719336130425
2 0.5897259837914615 0.48336710042885167 0.018537168373499214 0.05118399170163031
1 0.831305810015116 0.5981203751234683 0.01926521046687384 0.0636839917016303
1 0.5814808442865702 0.515410005822792 0.01871917889684287 0.0543089917016303
1 0.9216115625753648 0.6796323294824346 0.019720236775233248 0.0714964917016303
1 0.4700042889684287 0.5645201668158097 0.01439569994353036 0.06020379419114121
1 0.5309726100715858 0.5162495327924936 0.014213689420186526 0.057078794191141216
1 0.24605157850155468 0.4853258838228234 0.018901189420186527 0.057433991701630306
1 0.7518766442724528 0.5431000657854801 0.01439569994353036 0.06020379419114121
1 0.7312280282333236 0.8028768848717306 0.030096294653623446 0.0893943867226085
1 0.20254304415951335 0.6196999612074435 0.023300263083592475 0.07954579004195636
