1 0.3614734219019292 0.34618127853451364 0.010775673916276674 0.03497577729789594
1 0.35350175441144327 0.35058817628276023 0.00908583992388783 0.03175064774824658
1 0.5446042568829011 0.32665362122554303 0.010521005931498984 0.028725777297895938
1 0.5664792568829012 0.3252518075304526 0.018460839923887917 0.03235142504614252
1 0.4793320839552077 0.3604464327611652 0.01402800790866543 0.03830103639719455
1 0.6485595864266657 0.3379136913990385 0.013900673916276673 0.035176036397194556
1 0.4293838220922096 0.41975038402546955 0.01460101087441501 0.05236353639719451
1 0.5185855849437909 0.3532556940199322 0.012592841901054187 0.04132590684754529
1 0.4936664979856526 0.37199520203949665 0.012592841901054187 0.04132590684754529
1 0.13786087247277048 0.5942740268364706 0.021551347832553257 0.06995155459579187
0 0.9039819154761386 0.34180494525654986 0.011157675893442942 0.04435077729789594
1 0.2125809826626134 0.4624745118770758 0.0146646778706093 0.05392603639719447
1 0.24999741102751427 0.4047528470099661 0.011157675893442942 0.04435077729789594
1 0.6920257435370283 0.3803224344592082 0.012847509885831698 0.04757590684754529
1 0.2764325770351255 0.4061756446659276 0.01434634288963732 0.04611353639719451
1 0.1893543882901013 0.5161700107973417 0.01817167984777566 0.06350129549649317
1 0.598136480685447 0.44711751311369347 0.016290844866803766 0.05558866594684382
1 0.7500690538034209 0.48569225247323533 0.019925180836358792 0.06828892504614252
1 0.27607184380385846 0.7209996082687331 0.027002851786885884 0.08900194324473994
2 0.5936784268448451 0.30792460518641407 0.009213173916276674 0.034875647748246585
2 0.42780407604654236 0.4011505783499435 0.017280341901054187 0.041626295496493174
