1 0.5859375 0.372787811188866 0.0421875 0.009446777594401646
1 0.65625 0.43152234853152993 0.034375 0.010417281743586493
1 0.6390625 0.1703247394033232 0.0375 0.018466580083912554
2 0.0203125 0.06564831078788069 0.040625 0.024953378424238615
1 0.6109375 0.40370592446625764 0.046875 0.012926975104890737
2 0.6921875 0.5397366676177804 0.0375 0.012216580083912732
1 0.6515625 0.40375254604201904 0.0390625 0.013897479254075584
1 0.659375 0.5609730501912039 0.0375 0.013779080083912553
1 0.63515625 0.4706207373287308 0.046875 0.012926975104890737
1 0.5859375 0.161850311188866 0.053125 0.013400571785542815
1 0.6234375 0.4543212311049534 0.046875 0.011364475104890737
1 0.640625 0.7623938402331601 0.04375 0.015815176764564676
1 0.65234375 0.1966620964569375 0.0421875 0.012571777594401645
1 0.58203125 0.17152130911427357 0.0546875 0.016643970955705845
1 0.5734375 0.37842250455017024 0.0578125 0.01688076929603195
0 0.6421875 0.8341504410629973 0.04375 0.022065176764564855
2 0.5921875 0.46606421450821395 0.05625 0.01676237012586874
1 0.51328125 0.14782462260144663 0.065625 0.017472765146847015
1 0.5546875 0.5993745445921265 0.059375 0.01543666846619498
1 0.60625 0.6735923719767467 0.053125 0.02277557178554268
1 0.4078125 0.17456656658745073 0.08125 0.02646925684847723
1 0.5140625 0.7032341730163651 0.06875 0.020834563487172986
1 0.4734375 0.19693755144060374 0.075 0.025995660167825153
1 0.2703125 0.3248294435617969 0.096875 0.03234074855010753
