1 0.6375 0.36015625 0.00859375 0.03203125
1 0.7234375 0.3671875 0.0109375 0.03359375
1 0.4296875 0.4078125 0.01328125 0.0296875
1 0.478125 0.303125 0.0078125 0.02578125
1 0.4171875 0.4265625 0.015625 0.0390625
1 0.4640625 0.56875 0.01640625 0.05
1 0.68125 0.3546875 0.00859375 0.0328125
1 0.6625 0.3953125 0.0078125 0.0296875
1 0.525 0.3484375 0.009375 0.02890625
1 0.4234375 0.33984375 0.0109375 0.0296875
2 0.475 0.3859375 0.01484375 0.0375
1 0.496875 0.3109375 0.0125 0.02734375
1 0.5609375 0.4640625 0.0203125 0.04921875
1 0.275 0.5671875 0.01171875 0.05234375
1 0.515625 0.440625 0.0109375 0.03984375
1 0.7578125 0.4640625 0.01171875 0.046875
1 0.76015625 0.3875 0.0125 0.0375
1 0.7734375 0.4484375 0.0125 0.0421875
1 0.359375 0.4109375 0.009375 0.03515625
2 0.103125 0.69453125 0.0203125 0.06328125
1 0.2984375 0.4640625 0.0078125 0.04375
1 0.665625 0.32265625 0.0078125 0.03203125
2 0.7484375 0.3 0.00625 0.03046875
0 0.1484375 0.3671875 0.01171875 0.0375
