1 0.594400205354436 0.3850576493546722 0.0131545649348082 0.037718188311602674
1 0.31390813595540096 0.34384586282678303 0.012881829545304768 0.022093188311602674
1 0.49335017410484794 0.32664690584749395 0.009920470779006863 0.03141364123370209
1 0.31770133765968434 0.3820725657488823 0.008412517856907442 0.034511367694751716
1 0.4651842637964224 0.32479407954860007 0.009920470779006863 0.03141364123370201
1 0.5963990819776415 0.4100303758157218 0.010138659090609537 0.043913641233702096
0 0.699845635955401 0.337109298706049 0.008412517856907442 0.034511367694751625
1 0.18461610227018094 0.3687658165596613 0.006822744317957152 0.032921594155801336
1 0.5250774610364789 0.3534451850684871 0.0068500178569074425 0.03448409415580134
1 0.33154169520816634 0.41387199066780445 0.010029564934808199 0.0376636412337021
1 0.5389041818154856 0.38446335998740927 0.00687729139585791 0.03604659415580134
1 0.29201949918592585 0.3434464423720878 0.0067681972400564835 0.029796594155801336
1 0.409466097805954 0.35624467695081224 0.009947744317957152 0.03297614123370209
2 0.8529332743464341 0.6009245625057668 0.01666139448011279 0.05964773538950343
1 0.46767979261037845 0.46776282954860005 0.010193206168510115 0.04703864123370209
1 0.1993331672049891 0.40602035470910813 0.01002956493480811 0.03766364123370205
1 0.7362991534052714 0.545130304388092 0.016497753246410875 0.050272735389503255
1 0.492475241068251 0.4556077029253946 0.010084112012708956 0.04078864123370209
1 0.18227412661991016 0.5032226371765123 0.013372753246410874 0.05021818831160267
1 0.6100445706135558 0.47543718750411906 0.013263659090609536 0.04396818831160267
2 0.4566371525944925 0.4171588575517773 0.013236385551659069 0.04240568831160267
1 0.6349627499967048 0.4703133108809137 0.010220479707460584 0.04860114123370209
1 0.18042525446093158 0.4868436607154626 0.011782979707460539 0.04862841477265238
2 0.16099164163744387 0.3136925328744412 0.009920470779006773 0.03141364123370209
