1 0.4893171891378379 0.3558521077238853 0.01780912628012441 0.03759090359079611
1 0.47487598656347174 0.29563222521032795 0.011377115756780753 0.03442954215447767
1 0.5616934471009328 0.2844225353187866 0.00797909997176518 0.029723861436318444
1 0.36489404181102614 0.31139305971567516 0.00999662628012441 0.037545451795398144
1 0.3905002575395719 0.3755828247427898 0.011377115756780664 0.03442954215447767
1 0.2978423206796341 0.3937874031980127 0.01670165258848364 0.04539431323171659
1 0.5949455628577135 0.31897934250037896 0.011741136803468066 0.040679542154477666
1 0.6144991996611816 0.35970433645025474 0.013212631541796327 0.039126132513557364
1 0.4960291916980866 0.4308657432625047 0.01366765785015538 0.046938632513557364
1 0.35694503391851834 0.30900385792027707 0.011741136803468066 0.040679542154477666
1 0.4353276391519554 0.3406992855151783 0.011468121018452493 0.03599204215447767
1 0.7266421548663837 0.4212736164062882 0.012287168373499214 0.05005454215447767
2 0.5350847154461972 0.3639282281371942 0.0119231473268119 0.04380454215447767
1 0.2816558785580245 0.41087490924813697 0.013849668373499213 0.05006363251355732
1 0.2790321365211194 0.3390089996072166 0.013212631541796149 0.039126132513557364
1 0.6849027049228533 0.36167590260883753 0.0134856473268119 0.04381363251355737
1 0.5674575996894164 0.32975321603694585 0.014775131541796327 0.03913522287263689
1 0.6594021759836582 0.35293670686356365 0.010178636803468066 0.040670451795398146
1 0.29875934954824207 0.4765771773003136 0.014213689420186526 0.056313632513557366
1 0.5699903364646497 0.40005662567786626 0.0150481473268119 0.04382272287263689
1 0.45356024161338204 0.5196509873105765 0.01899219468185844 0.057903403590796286
2 0.9527991913451508 0.8044911582661782 0.02835178413027961 0.08451135538619425
2 0.3031683155591366 0.24386921642972928 0.01155912628012441 0.03755454215447766
