1 0.4 0.30625 0.01015625 0.0390625
0 0.1484375 0.32578125 0.01015625 0.0390625
1 0.4078125 0.5109375 0.01875 0.0578125
1 0.803125 0.340625 0.009375 0.0359375
1 0.2375 0.44296875 0.00859375 0.04921875
1 0.6859375 0.3 0.0078125 0.0328125
1 0.8125 0.35234375 0.0078125 0.04140625
1 0.7015625 0.40703125 0.0140625 0.04375
1 0.3328125 0.31953125 0.0078125 0.0390625
1 0.778125 0.5953125 0.0140625 0.0609375
2 0.4953125 0.45 0.01796875 0.04296875
1 0.65 0.4546875 0.0109375 0.0546875
1 0.65 0.315625 0.009375 0.0375
1 0.440625 0.5109375 0.0109375 0.04921875
1 0.396875 0.384375 0.009375 0.0453125
1 0.28828125 0.4078125 0.01015625 0.0484375
1 0.3453125 0.61171875 0.0140625 0.0640625
1 0.484375 0.490625 0.015625 0.04921875
1 0.8171875 0.465625 0.01484375 0.05390625
1 0.3015625 0.596875 0.0296875 0.05390625
1 0.22265625 0.475 0.0125 0.05703125
2 0.92734375 0.85 0.028125 0.08828125
2 0.42734375 0.20546875 0.00859375 0.03125
1 0.40390625 0.49921875 0.021875 0.05
