1 0.6633578067313607 0.4918732558870144 0.04385908800127254 0.010393292553055567
0 0.6697372654359952 0.7716334910693755 0.037645450668363625 0.013372822188333444
1 0.669662350731997 0.49670622625173666 0.04073408800127272 0.010320557370694417
2 0.7027806493475448 0.12101654844007004 0.03450226933481808 0.01173758700597225
1 0.6155170066836355 0.13929246333395887 0.04385908800127254 0.010393292553055567
1 0.5592146520528157 0.40197299486909766 0.04235113200190917 0.015044424961875035
1 0.4940601773551808 0.1723932912218754 0.056377269334818084 0.012246733282500033
2 0.6072527100572701 0.4358947064001047 0.04385908800127254 0.010393292553055567
1 0.6186634720719058 0.5439435957427783 0.03926249466899989 0.01809668977951393
1 0.648621502705271 0.29939481515757 0.03602840666772735 0.00864895459715278
1 0.5959259534134054 0.6035543318750699 0.04393181333545435 0.016643292553055567
1 0.5986204080203628 0.16389241983097272 0.043895450668363624 0.013518292553055566
1 0.6528453786998621 0.25966016793111163 0.040715906667727356 0.008758057370694416
1 0.600184002705271 0.2982674198309727 0.03917158800127254 0.01028418977951393
1 0.6406839227402694 0.5569527420193061 0.04077045066836362 0.013445557370694416
1 0.5410384587444055 0.5850939661837504 0.046965906667727354 0.008903527735416717
1 0.5326725227561777 0.6715945106366672 0.043859088001272716 0.010393292553055744
1 0.5375401940642698 0.4858206647969796 0.04073408800127254 0.010320557370694417
1 0.5885032573997242 0.5026276115103477 0.043895450668363624 0.013518292553055566
1 0.48343176002545335 0.19870121808361152 0.05012726933481808 0.012101262917777822
1 0.39473726543599524 0.7652327950215976 0.06266363200190898 0.015517203647222288
1 0.48646749538508854 0.3924694018792018 0.05793976933481808 0.012283100873680652
2 0.3305758627864036 0.889486606192014 0.07519999466899989 0.018933144376666888
1 0.6064169160566337 0.43118902260451436 0.04233295066836362 0.01348192496187508
