2 0.7700008687285423 0.7921875 0.007122822188333444 0.0375
1 0.5884053766123271 0.77734375 0.010102351823611144 0.03125
1 0.7078457076343756 0.7734375 0.013627395326597203 0.0484375
1 0.40873606040791727 0.778125 0.010175087005972116 0.034375
1 0.27126981515757 0.6453125 0.01693423328249999 0.05625
1 0.5249416354460423 0.7359375 0.010393292553055567 0.04375
1 0.6546291354460423 0.7359375 0.010466027735416716 0.046875
1 0.3622597974901395 0.728125 0.010466027735416716 0.046875
1 0.41391321646809087 0.73203125 0.010393292553055567 0.04375
1 0.5806097539871533 0.7109375 0.013663762917777867 0.05
2 0.38940287252826444 0.6859375 0.012101262917777866 0.05
1 0.44518009384291723 0.665625 0.012101262917777866 0.05
1 0.7451086650813201 0.7296875 0.010429660144236052 0.0453125
1 0.6822436827487506 0.646875 0.01380923328249999 0.05625
1 0.4203229513661116 0.5375 0.013954703647222289 0.0625
1 0.2359674415824658 0.60546875 0.012355836056041713 0.0609375
1 0.2181980601235769 0.58046875 0.017043336056041802 0.0609375
1 0.8546245629733684 0.50078125 0.01566267401194459 0.06875
1 0.42787565254479193 0.2578125 0.02227634992375016 0.084375
1 0.34152645735003523 0.57578125 0.017079703647222288 0.0625
1 0.5521775890932645 0.7984375 0.010175087005972295 0.034375
1 0.4249429418668062 0.803125 0.010175087005972295 0.034375
