1 0.4230548595737815 0.5806621109186318 0.013154564934808021 0.038228042093374805
1 0.7035469289728166 0.6104659190793709 0.012881829545304768 0.022603042093374805
1 0.5241048908233698 0.6349940241716335 0.009920470779006863 0.03179603157003115
1 0.6997537272685334 0.5723666796027145 0.008412517856907442 0.03483002630835923
1 0.5522708011317952 0.6356996794615402 0.009920470779006863 0.03179603157003115
1 0.42105598295057617 0.5557531161803038 0.010138659090609537 0.04429603157003115
0 0.3176094289728166 0.6329442187123175 0.008412517856907442 0.03483002630835923
1 0.8328389626580368 0.5802562323606073 0.00682274431795733 0.033176521046687314
1 0.4923776038917387 0.6094703794050705 0.0068500178569074425 0.034739021046687316
1 0.6859133697200513 0.5411089743269253 0.010029564934808199 0.03804603157003115
1 0.478550883112732 0.5789939241292812 0.00687729139585791 0.03630152104668731
1 0.7254355657422918 0.609973095415965 0.006768197240056395 0.03005152104668731
1 0.6079889671222636 0.6019547400413536 0.009947744317957152 0.033358531570031144
2 0.16452179058178365 0.3751834685711432 0.01666139448011288 0.06028505261671846
1 0.5497752723178391 0.4927309294615402 0.010193206168510115 0.04742103157003115
1 0.8181218977232284 0.5435752797156541 0.010029564934808378 0.03804603157003115
1 0.2811559115229462 0.4262615792074264 0.016497753246410875 0.05091005261671846
1 0.5249798238599667 0.5059057636482898 0.010084112012708956 0.041171031570031144
1 0.8351809383083075 0.44560821657559185 0.013372753246410695 0.0507280420933748
1 0.40741049431466186 0.49085615827367846 0.013263659090609536 0.0444780420933748
2 0.5608179123337251 0.5429206452606732 0.013236385551659069 0.0429155420933748
1 0.3824923149315128 0.4969997424604281 0.010220479707460584 0.048983531570031144
1 0.8370298104672861 0.46192346131392004 0.011782979707460584 0.04907453683170289
2 0.8564634232907737 0.6344054060663655 0.009920470779006863 0.03179603157003115
