0 0.31518174669795307 0.23592345779006801 0.029796588001272717 0.009893197240056485
0 0.41468832813490286 0.9970910085214166 0.04077045066836358 0.005817982957166734
1 0.37397023209735913 0.7235695081143796 0.03759090666772726 0.0084670649348082
1 0.3238327774108601 0.576630278406919 0.03288522533418181 0.006822744317957152
1 0.30020546809354115 0.6941626517837136 0.02819772533418181 0.006740923701106283
1 0.40689182009863184 0.7335172524323367 0.042296588001272714 0.010111385551659247
1 0.27585835407381476 0.5484546854689336 0.02819772533418181 0.006740923701106105
1 0.3196436220559974 0.4179956180984935 0.03444772533418181 0.0068500178569074425
1 0.3016225174251776 0.6816899253226639 0.029760225334181812 0.006768197240056395
1 0.519582724100859 0.7518871972367611 0.04854658800127254 0.010220479707460584
1 0.26700842337681613 0.32490809131313225 0.028215906667727175 0.008303423701106104
1 0.38263451806172444 0.46127405965650714 0.03760908800127263 0.010029564934808022
1 0.4021090346912716 0.18823202597128702 0.040788632001908985 0.014771612012708869
1 0.36447376937458903 0.3102064374975285 0.03760908800127272 0.010029564934808199
1 0.3856498827179976 0.384779743503883 0.03917158800127272 0.01005683847375849
1 0.47498729209099577 0.6784672881461516 0.04858295066836362 0.013345479707460584
2 0.38219071741722344 0.6245143993480816 0.039153406667727174 0.00849433847375849
1 0.6716173914305864 0.7279838672844192 0.05643181333545435 0.01660684740221221
1 0.6144652260502704 0.3809628169601077 0.059593176002545434 0.01978639448011297
1 0.5133578067313607 0.4854264001588605 0.05014545066836362 0.01337275324641105
2 0.2534122840944956 0.7003756956152033 0.036046588001272716 0.010002291395857909
1 0.3591083007638137 0.7217479094943513 0.03757272533418181 0.0069045649348082
1 0.24119190539463356 0.4556808043815014 0.031340906667727174 0.008357970779006862
1 0.30818050541054187 0.5740137930174156 0.03446590666772718 0.008412517856907442
