1 0.36757423408654144 0.627020523423472 0.031340906667727174 0.008721782132453625
1 0.37560545743154095 0.7127534349436699 0.03450226933481808 0.01193771034569906
1 0.4128123667249973 0.41782136817148025 0.029832950668363622 0.01336381802583091
1 0.30868848806490606 0.4693049633151999 0.025090906667727175 0.008539925705962936
1 0.4314169160566337 0.4047757988920081 0.03924431333545435 0.016761602665567032
1 0.5741498560629971 0.44751356518934404 0.05018181333545435 0.017079851411925872
1 0.36261456142581394 0.6709296477966513 0.03292158800127272 0.010329746239076343
1 0.4030213854232686 0.6509975810244617 0.029778406667727176 0.00867631802583091
1 0.35454642807126946 0.5148615042231421 0.028234088001272716 0.010193353919208193
1 0.3447708913908155 0.4135490568095669 0.02981476933481808 0.011801318025830908
2 0.39146462539781524 0.4637703656641977 0.03768181333545444 0.016716138558944316
1 0.31671916406745143 0.48782764278208646 0.028270450668363624 0.013318353919208192
1 0.47058959874281464 0.5474346603330638 0.05023635733609062 0.021767351411925873
1 0.5703874147039982 0.2584965292959668 0.053270450668363625 0.014045779625171128
1 0.44662484006999675 0.502804121932404 0.040752269334818084 0.012119566772189571
1 0.4728804467695408 0.7443096603330637 0.04702045066836362 0.013863923198680439
1 0.3963452187698589 0.7488811515575751 0.037645450668363535 0.013591138558944315
1 0.45743726010499514 0.7603893013992906 0.04233295066836362 0.013727530878812289
1 0.41511920671545227 0.3474179399582349 0.034484088001272714 0.010375210345699059
2 0.6957312180139994 0.08291620460621825 0.0627363573360908 0.02213106426490725
1 0.46753513470718 0.2849346603330637 0.043822725334181814 0.0075229949854350945
1 0.33040149809035946 0.6562366619824164 0.031340906667727264 0.008721782132453625
2 0.3087088587682681 0.7397083915284453 0.03132272533418181 0.007159282132453626
0 0.36891472668681724 0.13775343494366993 0.037645450668363535 0.01359113855894436
