1 0.3801836179556509 0.6239596149727586 0.010684528855940557 0.03793664764263518
1 0.552507540458322 0.718443707405326 0.010357146641955417 0.02856164764263518
1 0.4320040675001639 0.718578602152477 0.007123019237293704 0.025291098428423454
1 0.4481474226723071 0.7326946060814186 0.007232146641955417 0.028416098428423454
1 0.384017946085952 0.6441265657585469 0.01079365626060227 0.04106164764263518
1 0.5205482123280208 0.6995866995474432 0.008794646641955417 0.028488873035529317
1 0.7195586312024949 0.7067505744449993 0.010411710344286363 0.030124147642635178
1 0.645111702709374 0.6812647309789746 0.007450401451278843 0.034666098428423456
1 0.567562077666965 0.5221123629058441 0.010902783665263982 0.04418664764263518
1 0.7320462183184706 0.6161790783739407 0.01079365626060227 0.04106164764263518
1 0.5680928457231322 0.6269454121200557 0.010629965153609788 0.03637414764263518
0 0.9265328282999372 0.6282487770928145 0.010629965153609788 0.03637414764263518
1 0.921641942457755 0.5330090516999203 0.014027783665263981 0.0443321968568469
0 0.10582845869982375 0.6328253085198365 0.015481156260602258 0.04127997146395259
1 0.3708234869227921 0.5351882134011821 0.010902783665263982 0.04418664764263518
1 0.6546578282999371 0.6409115587292336 0.013809528855940556 0.038082196856846905
2 0.488514473127794 0.6337819170824546 0.010739092558271324 0.03949914764263518
1 0.4486682339275673 0.5683410076529951 0.010957347367594749 0.04574914764263518
1 0.3387674111547437 0.35670149441842874 0.0207688569862416 0.05868579528527036
1 0.7814831900106842 0.37364266791102396 0.01780754809323426 0.06322774607105863
2 0.41523571895144273 0.7537905101341945 0.007232146641955417 0.028416098428423454
1 0.524608229751216 0.6813996257261257 0.01202877404661713 0.03175942224974104
1 0.38241080606741856 0.6653294776692057 0.01046627404661713 0.03168664764263518
1 0.6339311552491119 0.7420395651393743 0.007123019237293704 0.025291098428423454
