1 0.42484162866282854 0.8135464330558502 0.010284282132453627 0.031304542154477755
1 0.3772081107161398 0.8124879271039219 0.01055706677218975 0.040679542154477846
1 0.7306202672217729 0.7778190530763757 0.010693459092057721 0.045367042154477843
1 0.15015518039132342 0.6400442587805987 0.02810827962517113 0.05327953610435347
1 0.3596712697290553 0.7975396379745063 0.015335494985435094 0.04383181323171641
1 0.4930831633025646 0.8045668636758136 0.009040030878812288 0.04223295179539797
1 0.5297564491959419 0.8063429871141846 0.010784387305303155 0.048492042154477756
1 0.5840635159681316 0.7660270593228917 0.010647994985435005 0.04380454215447784
1 0.46701240828799967 0.7606577823919203 0.01662521034569906 0.034465903590796286
1 0.7099727981005852 0.7355042880492612 0.013909387305303157 0.048510222872636885
1 0.438841944181377 0.7620566559284873 0.020068459092057723 0.045421584308955334
1 0.5166032313283955 0.7750111738824682 0.013772994985435005 0.04382272287263689
1 0.18711797129926566 0.6855794725780493 0.015699207838416517 0.05633181323171641
1 0.4066946854058884 0.6852941680287357 0.012483279625171307 0.05318863251355736
1 0.34531456769662655 0.5927339633064713 0.019051528371529968 0.0641624939498758
1 0.1413257496707956 0.621239716626121 0.02516513605166191 0.05951135538619425
1 0.6249362200456244 0.6771872731203423 0.017261707838416563 0.056340903590796285
1 0.7899283857224575 0.5656281252850828 0.022267456584775403 0.06730567466803503
2 0.3715467955933028 0.7116566801289841 0.014045779625171128 0.05319772287263689
1 0.2920782559390017 0.6768135266363837 0.015653743731793845 0.05476931323171659
1 0.27224810688870915 0.3110112646343312 0.037102846397360875 0.09394998789975162
2 0.7295973248227625 0.8129753030763757 0.010647994985435005 0.04380454215447784
