1 0.5636781755075679 0.19869005924947 0.011377590992986342 0.03141364123370205
1 0.6113844902823925 0.20030315218745537 0.01197836829088228 0.040788641233702
1 0.26139378469915153 0.2308717191541537 0.012278756939830337 0.0454761412337021
1 0.8543799259689931 0.3754470227215808 0.029966904688076924 0.05358865016215582
1 0.6303044710040611 0.2154605478853843 0.016866127390180986 0.04399546185055305
1 0.4963102028054638 0.2068786603051302 0.010515997840531633 0.042323867694751716
1 0.45949132325581454 0.20467523213979724 0.012479016039128866 0.048601141233702
1 0.4089696915466968 0.24437293181548564 0.012178627390180986 0.043913641233702096
1 0.5264575801956448 0.2511059472367612 0.017827850092285047 0.03464773538950343
1 0.2859722825396832 0.27344104869945846 0.015604016039128954 0.04865568831160268
1 0.5544824506459956 0.2500343709378673 0.02165375693983016 0.04563978246740401
1 0.47555641424880085 0.23617069399035034 0.015303627390180985 0.04396818831160267
1 0.8131949190291629 0.32946632101729756 0.016104663787375628 0.05646818831160276
1 0.5937637985788122 0.32719688879477477 0.014341904688076923 0.053315914772652385
1 0.6637339420081221 0.42050260389173866 0.021292811535622215 0.06436250892845372
1 0.864956480564785 0.3943606639552829 0.027242422886674333 0.05978410308425506
1 0.3763958258767081 0.33276723011120235 0.01922966378737554 0.056522735389503434
1 0.22188640345145924 0.44244441882984215 0.02461807063492083 0.06754205600635448
2 0.6264365962347738 0.3012344066516823 0.015904404688076922 0.053343188311602674
1 0.7091081963270588 0.33701399390762476 0.017567034237726275 0.054932961850553054
1 0.763007260945 0.7031708279171565 0.04038277297895938 0.09435001785690744
2 0.2591408698320418 0.19571546915415372 0.012178627390180986 0.04391364123370205
