1 0.4241573099266981 0.39639224996281897 0.03837408514929379 0.01402800790866543
1 0.39762121514214865 0.6779579263505535 0.02274908514929379 0.013391337946721472
1 0.37099374112104905 0.498843429316303 0.03190556386197034 0.010648339923887917
1 0.4356839438548251 0.6732730849437909 0.034921303218308705 0.009213173916276674
1 0.3706166827069603 0.5270639298105946 0.03190556386197043 0.010648339923887917
1 0.4490480492830363 0.3938110780237087 0.04440556386197052 0.011157675893442942
0 0.37063383615770007 0.2920204263505535 0.034921303218308705 0.009213173916276674
1 0.4293460985660726 0.8067222549057348 0.03324954257464689 0.007587006920082118
1 0.3961522782478144 0.46647925688290115 0.034812042574646894 0.007650673916276674
1 0.4667864783837004 0.6586866615218059 0.038155563861970346 0.01090300790866543
1 0.42647356277668963 0.45192466695901334 0.036374542574646895 0.007714340912471052
1 0.39836961415341293 0.6998647598486507 0.030124542574646897 0.007459672927693362
1 0.40501881587878275 0.582072423384804 0.03346806386197052 0.010712006920082295
2 0.6266603250098353 0.13272770349940974 0.060467606436617416 0.0180443458553869
1 0.5135854327069603 0.5212383996588078 0.04753056386197052 0.011285009885831698
1 0.465862752773117 0.7911317469970693 0.03815556386197052 0.01090300790866543
1 0.5769331126408036 0.2507083823586022 0.051092606436617415 0.017662343878220455
1 0.5001185124083726 0.49671590213026573 0.04128056386197052 0.011030341901054185
1 0.5640488804970578 0.8059343932330172 0.05087408514929379 0.014537343878220454
1 0.5137989641337425 0.37863706418354426 0.04462408514929379 0.014282675893442943
2 0.4635143768907616 0.5334638270351255 0.04306158514929379 0.014219008897248564
1 0.5073632938351547 0.3538280651721274 0.04909306386197034 0.011348676882026166
1 0.5477518911407195 0.8081653966930583 0.04920232450563215 0.012911176882026254
2 0.37546162789916776 0.8316386832706357 0.03190556386197043 0.010648339923887917
