1 0.3402064290046682 0.294315096806789 0.010420674452321598 0.03631950197716636
2 0.9409900275136 0.1892708862757539 0.013682066772189926 0.04113433596955511
1 0.4771692199126104 0.24336806764358537 0.008767246239076343 0.03313083498097189
1 0.5658309031404206 0.19908221536240783 0.01193771034569906 0.03482066897336074
1 0.5097915032987054 0.26237539422160033 0.013772994985435005 0.044259335969555114
1 0.6371268931112908 0.28378086752985465 0.010829851411925873 0.05038200197716636
1 0.489672883082161 0.37739289916451624 0.017079851411925872 0.05063666996194396
1 0.7478083288463836 0.21669684380385842 0.010647994985435005 0.04413200197716636
0 0.13104437767188468 0.28328339079874026 0.013954851411925784 0.0505093359695552
1 0.7859986506331383 0.21201200239709586 0.01060253087881229 0.04256950197716636
2 0.5278428213245363 0.29136255726346205 0.012346887305303155 0.04888316897336074
1 0.7837063764182435 0.2676399198875818 0.010784387305303155 0.048819501977166266
1 0.5434247057268455 0.2085991368072265 0.016761602665567032 0.039699169961943934
1 0.4682405007914229 0.28596940311884894 0.017034387305303156 0.049074169961943956
1 0.8594565341775177 0.29036515407025104 0.012301423198680439 0.047320668973360736
1 0.9474733597251961 0.2507986352871707 0.013909387305303157 0.04894683596955511
1 0.5881725675636126 0.32175571140807513 0.02020485141192587 0.05076400395433271
1 0.3348657111371218 0.32581976479156655 0.014136707838416562 0.05675933596955511
1 0.7786528150563301 0.3358951713704566 0.014136707838416385 0.05675933596955511
1 0.2852748880967259 0.3419196086697871 0.01569920783841656 0.05682300296574949
1 0.7111554264973857 0.3011010187087182 0.020068459092057723 0.046076503954332715
1 0.9312131768930971 0.4446587232338922 0.023784492478152685 0.06651633794672165
1 0.21735056835503536 0.6419142914833122 0.03343227711788863 0.07627333992388792
