1 0.5438587934604786 0.2147519363083677 0.010648339923887917 0.03168664764263516
1 0.5914832099623815 0.21775281182509634 0.011030341901054185 0.04106164764263516
1 0.23764328555181322 0.2380608879227255 0.011221342889637321 0.04574914764263518
1 0.8165429238790957 0.39965359098031616 0.02872717787060921 0.0543621683207995
1 0.6088471234985346 0.23343346980681368 0.01584517589344294 0.044404971463952767
1 0.47550804148331227 0.22096124089926286 0.009531508897248565 0.04255137303552932
1 0.43885295847950667 0.2176885376322752 0.011348676882026076 0.04887414764263518
1 0.3840726165784525 0.25583920099067603 0.011157675893442942 0.04418664764263518
1 0.5010691155898692 0.2659847965236154 0.017025673916276674 0.035102746071058545
1 0.25779927665456465 0.2812672324222075 0.014473676882026165 0.04901969685684691
1 0.5292577825860637 0.2657322394515208 0.02059634288963732 0.04618579528527036
1 0.45164211855561887 0.24959350909622796 0.014282675893442943 0.0443321968568469
1 0.780108016768733 0.35255811310622265 0.014792011862997967 0.05683219685684691
1 0.5605130997725386 0.34389578080784966 0.013102177870609211 0.05363442224974104
1 0.6208192469970694 0.4390670396991898 0.019797846843970034 0.06486302067816449
1 0.8251539199247627 0.4188402386229512 0.025856845855386723 0.060466619106587814
1 0.3421623477953722 0.34311872311658254 0.017917011862998055 0.056977746071058544
1 0.175859574069376 0.44808655128112634 0.023050180836358836 0.06813356989237604
2 0.5959704387078432 0.3189343221641785 0.014664677870609388 0.053707196856846905
1 0.6750385147915665 0.35705721443013017 0.016290844866803766 0.05534247146395277
1 0.690609187682079 0.7241013192686945 0.0381950197716634 0.09535104135632899
2 0.23907579296618703 0.20290463792272545 0.011157675893442942 0.04418664764263518
