1 0.4953125 0.25 0.0078125 0.02734375
1 0.49765625 0.45078125 0.0078125 0.04453125
1 0.5078125 0.28828125 0.00703125 0.02734375
1 0.59140625 0.2453125 0.00703125 0.02734375
2 0.4671875 0.7390625 0.01640625 0.08125
1 0.4046875 0.2890625 0.0078125 0.0359375
1 0.609375 0.25625 0.0078125 0.02578125
1 0.440625 0.30625 0.00859375 0.0359375
1 0.3671875 0.359375 0.0078125 0.0375
1 0.65625 0.3125 0.0078125 0.034375
0 0.10703125 0.334375 0.0109375 0.0375
1 0.303125 0.2796875 0.0078125 0.0328125
1 0.684375 0.4359375 0.009375 0.04375
2 0.578125 0.3484375 0.0078125 0.0390625
1 0.4515625 0.353125 0.0078125 0.0390625
1 0.68125 0.3703125 0.009375 0.04140625
0 0.9453125 0.365625 0.01171875 0.04375
1 0.60859375 0.4 0.009375 0.04375
1 0.5203125 0.346875 0.00859375 0.0375
1 0.671875 0.3546875 0.009375 0.0375
1 0.159375 0.40234375 0.0078125 0.0453125
1 0.3734375 0.703125 0.0171875 0.06953125
1 0.63046875 0.5390625 0.01484375 0.05078125
2 0.634375 0.225 0.00859375 0.0359375
1 0.43671875 0.2296875 0.009375 0.0359375
