2 0.33828125 0.2390625 0.009375 0.0296875
1 0.2328125 0.4046875 0.01015625 0.04453125
1 0.4203125 0.3015625 0.00703125 0.03046875
1 0.6 0.3140625 0.009375 0.03828125
1 0.66015625 0.35078125 0.0125 0.0390625
1 0.43125 0.3625 0.009375 0.0375
1 0.234375 0.49453125 0.0125 0.04609375
1 0.67265625 0.290625 0.0078125 0.03125
1 0.621875 0.32421875 0.01328125 0.03359375
1 0.540625 0.290625 0.01015625 0.03359375
1 0.69375 0.3328125 0.009375 0.0375
1 0.4234375 0.3390625 0.0125 0.0375
1 0.39296875 0.28125 0.01015625 0.03515625
1 0.7953125 0.3625 0.0109375 0.04453125
2 0.6046875 0.36796875 0.00859375 0.0453125
1 0.696875 0.40625 0.0140625 0.04453125
1 0.47578125 0.48828125 0.0125 0.06015625
1 0.22578125 0.45 0.01328125 0.0578125
1 0.271875 0.325 0.01015625 0.040625
1 0.3578125 0.403125 0.01015625 0.046875
1 0.77578125 0.4546875 0.01015625 0.05546875
1 0.396875 0.571875 0.01875 0.06171875
