0 0.11875 0.36953125 0.01015625 0.0390625
1 0.46015625 0.7078125 0.02421875 0.06875
1 0.6703125 0.33125 0.0078125 0.034375
1 0.5125 0.5453125 0.01875 0.04765625
1 0.41953125 0.4265625 0.01328125 0.0421875
1 0.42734375 0.48046875 0.01328125 0.046875
1 0.36875 0.3421875 0.0109375 0.03515625
1 0.5078125 0.3 0.00625 0.03046875
1 0.1921875 0.49765625 0.009375 0.04765625
1 0.184375 0.59765625 0.01953125 0.04921875
1 0.6625 0.4546875 0.0125 0.04921875
2 0.5421875 0.43671875 0.00859375 0.0421875
1 0.734375 0.353125 0.009375 0.0375
1 0.5953125 0.396875 0.01015625 0.040625
1 0.35703125 0.37734375 0.0078125 0.0375
1 0.7234375 0.4171875 0.0140625 0.0421875
1 0.6734375 0.46875 0.01328125 0.0375
1 0.596875 0.49296875 0.015625 0.034375
1 0.265625 0.6125 0.01796875 0.05546875
1 0.7734375 0.44375 0.01875 0.0421875
1 0.521875 0.6234375 0.025 0.0578125
2 0.8671875 0.840625 0.0265625 0.08203125
1 0.1125 0.46953125 0.0140625 0.046875
2 0.35546875 0.253125 0.0078125 0.02890625
