0 0.6393582165755919 0.8706195018457012 0.028853042093374803 0.014302331893687636
1 0.7007170056851949 0.4903102405869343 0.03005152104668731 0.008152461443337167
1 0.6382155476373953 0.3247667813030656 0.03161402104668731 0.00825259099298643
1 0.6281154216396196 0.6597425586009615 0.03804603157003115 0.011778109191583752
1 0.6821629687123176 0.3511080382428958 0.028489021046687314 0.008052331893687814
1 0.6117895555299031 0.3207208289590271 0.03960853157003115 0.011878238741233015
1 0.649063500423523 0.48856846544850674 0.03630152104668731 0.0085529796419344
0 0.6038684526449534 0.05281263571428727 0.042824536831702883 0.01364099784053167
1 0.6828491532943554 0.7432349814876357 0.03179603157003115 0.011377590992986342
1 0.5695763375940444 0.8300760425618325 0.034921031570031145 0.011577850092285047
1 0.5566268294897752 0.6081114049926187 0.03960853157003115 0.011878238741233105
1 0.5776464428274813 0.7992265607604299 0.04429603157003115 0.012178627390180986
1 0.4296063870858168 0.28473685687523187 0.053853042093374624 0.015904404688076922
1 0.651005432021789 0.5090812245478054 0.034921031570031145 0.011577850092285047
1 0.3065707054875508 0.25646405767811087 0.0585405420933748 0.016204793337024893
2 0.5831192529837719 0.4090626357142873 0.042733531570031145 0.012078497840531633
1 0.3515529216396196 0.6420196283130316 0.062120568401734036 0.02421755243632351
1 0.5546023269295264 0.6832615993170927 0.04144404735504672 0.016665868290882457
1 0.5475751370858168 0.2922966378737556 0.05045502630835941 0.011016645588778217
1 0.48143492661894277 0.35079145588778277 0.0507280420933748 0.015704145588778307
1 0.450869653153181 0.5793775308416402 0.053853042093374805 0.015904404688076922
1 0.6790533792638962 0.37757040869324654 0.03170502630835923 0.009815090992986431
2 0.7388301976656302 0.3610127668050961 0.028489021046687314 0.008052331893687814
