1 0.4893300312507984 0.251267767266094 0.006904616641249995 0.02819772533418181
1 0.24755814570784693 0.37045576129854707 0.008758057370694416 0.040715906667727175
1 0.4040276576756942 0.29209330927754806 0.006977351823611144 0.03132272533418181
1 0.25458939570784694 0.3703739452975926 0.01028418977951393 0.03917158800127272
1 0.43029791052548577 0.37145354527373 0.008612587005972294 0.03446590666772718
1 0.278554878990347 0.3138603159611836 0.006977351823611144 0.03132272533418181
1 0.7185590170987496 0.4696343172342773 0.012028527735416716 0.04700226933481808
0 0.000704922160538037 0.39524886533259096 0.001409844321076074 0.03917158800127272
1 0.45974967439319414 0.3476796906031393 0.010247822188333445 0.03760908800127272
1 0.7981926189223607 0.4374661598902323 0.010393292553055744 0.04385908800127254
1 0.3146742169462497 0.30562964528963843 0.008576219414791631 0.032903406667727175
1 0.22804050703076334 0.604994393300456 0.015371733282499989 0.056413632001908985
1 0.5835320132990274 0.3649842745862764 0.010284189779513753 0.03917158800127272
2 0.9516221709747217 0.6574957545353697 0.02332970364722229 0.06275453866963616
1 0.5583839300927773 0.5058638132559127 0.012101262917777866 0.05012726933481808
2 0.34559494899447885 0.4200824966184113 0.008830792553055567 0.04384090666772718
1 0.6011520051309024 0.5475422359166402 0.013663762917777688 0.05014545066836362
1 0.25820209213687456 0.517167129296638 0.01231946846486114 0.05950226933481808
1 0.27638839447357594 0.5411677032940927 0.013736498100138928 0.053270450668363625
1 0.6880389817638886 0.30440930657227705 0.008685322188333445 0.03759090666772717
1 0.6713567087781247 0.4842422572406406 0.012173998100139017 0.05325226933481808
1 0.5758428806058676 0.5611143872533673 0.01380923328249999 0.05639545066836362
1 0.14520786360402718 0.7074932319780464 0.02013196846486114 0.059593176002545434
2 0.300503920593472 0.24331145862509285 0.008539851823611144 0.031340906667727174
0 0.910912130890208 0.35961278520850576 0.014971689779513752 0.039226132001908984
