1 0.60322183745287 0.6123499110865984 0.03804603157003115 0.01112159057054054
1 0.7153941557134298 0.43883317432116475 0.028671031570031147 0.010684942927905538
1 0.7029180005646973 0.5594003854460354 0.025364021046687314 0.007414393713693812
1 0.7186718031814159 0.5430840266785296 0.028489021046687314 0.007559942927905539
1 0.6237163479762138 0.6082788411942224 0.041171031570031144 0.011267139784752267
1 0.6932615504799927 0.471029244213541 0.02858002630835923 0.009122442927905539
1 0.7212254687123176 0.2718276108389294 0.03023353157003115 0.010757717535011225
1 0.6880419714137407 0.3466114410703878 0.034739021046687316 0.007851041356328813
1 0.5213557293768356 0.42605500020939696 0.04429603157003115 0.011412688998963994
1 0.632291771329036 0.2603871507475162 0.041171031570031144 0.011267139784752267
1 0.6258612188534919 0.4243041015333045 0.03648353157003115 0.011048815963434678
0 0.6646701737763454 0.06565469355158718 0.03648353157003115 0.011048815963434721
1 0.5692666685146734 0.07165644458504447 0.0444780420933748 0.014537688998963993
0 0.5833441640294605 0.8867505976043631 0.0413530420933748 0.01439213978475209
1 0.5137953164061827 0.6227480636916323 0.04429603157003115 0.011412688998963994
1 0.6488352582454436 0.33752969355158713 0.038228042093374805 0.01424659057054054
2 0.6243449505082277 0.5038460523190927 0.03960853157003115 0.011194365177646404
1 0.5549733242281032 0.5444753604246447 0.04585853157003115 0.011485463606069857
1 0.3326062295885971 0.656898393508806 0.058904563140062205 0.021442660462916763
1 0.3958152160108945 0.21374555293826533 0.06341005261671846 0.018535984284234353
2 0.736246440055471 0.5757680940897064 0.028489021046687314 0.007559942927905539
1 0.6755658162650083 0.46717865219525834 0.03188703683170289 0.012392992142117264
1 0.644673590083706 0.6096401339982933 0.03179603157003115 0.010830492142117265
1 0.74742467668953 0.3570908686968123 0.025364021046687314 0.007414393713693723
