1 0.2846492435437121 0.33125 0.036593063861970344 0.009375
2 0.16200588509028246 0.934375 0.04149908514929388 0.0125
1 0.22966717657964866 0.46953125 0.03335880321830871 0.0078125
1 0.18275968956909888 0.559375 0.035139824505632154 0.0109375
1 0.24773983338458305 0.5015625 0.044514824505632156 0.0109375
1 0.2654522212479825 0.628125 0.05065556386197034 0.009375
1 0.3634412430395091 0.478125 0.051092606436617324 0.015625
1 0.1950854549043376 0.740625 0.044405563861970386 0.009375
0 0.27970428947255377 0.12265625 0.05087408514929388 0.0125
1 0.18928356913462507 0.77890625 0.04284306386197043 0.009375
2 0.27622546630430395 0.51875 0.04931158514929388 0.0125
1 0.24502547074377942 0.775 0.04909306386197043 0.009375
1 0.19293771890219402 0.53671875 0.04015510643661737 0.015625
1 0.27256487076344993 0.459375 0.04953010643661733 0.015625
1 0.26556220984801615 0.85 0.04763982450563216 0.0109375
1 0.22339685315929728 0.9390625 0.04931158514929388 0.0125
1 0.304886061845158 0.578125 0.051311127723940864 0.01875
1 0.3163362861183591 0.325 0.05712408514929388 0.0125
1 0.31348589364025725 0.76796875 0.05712408514929388 0.0125
1 0.3338951267155347 0.275 0.0572333457929556 0.0140625
1 0.2806294709958809 0.7015625 0.046623627723940866 0.01875
1 0.41789525217056156 0.9171875 0.0671546490112643 0.021875
1 0.6361238982549596 0.1984375 0.07707595222957302 0.0296875
