1 0.7294355602292116 0.5003241276417836 0.028443334980972068 0.007976126463433176
1 0.5287498107235031 0.49914848878351437 0.04406833498097207 0.008067030054229285
1 0.6916636461987666 0.48804684143923416 0.028379667984777514 0.006413626463433175
1 0.7380385804951667 0.4042031065645446 0.028379667984777514 0.006413626463433175
2 0.2392270542977125 0.5312944100337038 0.08188666996194396 0.016097698672140125
1 0.6866803744499368 0.5911763866187739 0.03625583498097207 0.008021578258831142
1 0.727833250951402 0.386297989078102 0.02531833498097207 0.007957945745273953
1 0.6709572153624078 0.5553388805686497 0.03631950197716627 0.009584078258831142
1 0.6148398665412714 0.6290854527773567 0.037754667984777515 0.006468168617910841
1 0.6734932608372338 0.3397502420049682 0.03469333498097207 0.008012487899751619
0 0.6292393116749052 0.8890962570320827 0.037945668973360824 0.011155668617910664
1 0.6919170196973013 0.6926843444642963 0.033130834980972065 0.00800339754067192
1 0.551201766768733 0.312343380372258 0.04413200197716627 0.009629530054229285
2 0.6343724110275144 0.4180843202637995 0.03938083498097207 0.008039758976990542
1 0.6245278843357686 0.5446740913410382 0.03938083498097189 0.008039758976990542
1 0.6166994327763442 0.31508658529091405 0.041007001977166266 0.009611349336070062
0 0.6321466551331962 0.05099681421367521 0.04425933596955502 0.012754530054229291
1 0.584051417453305 0.3879155521134268 0.04413200197716627 0.009629530054229285
1 0.6335792321683218 0.4758877299047198 0.03788200197716627 0.009593168617910841
1 0.6319424307991778 0.32437068170011785 0.03788200197716627 0.009593168617910841
1 0.5634034060474173 0.8371479376520462 0.04563083498097189 0.008076120413308985
1 0.271344534526049 0.6248353317748727 0.06945033695813833 0.01758747579950324
1 0.44588025540002646 0.3668495940715128 0.050636669961943784 0.01591589149054773
2 0.7601019228905124 0.36111618189650957 0.03631950197716627 0.009584078258831142
1 0.7473605478719219 0.5587997029737485 0.03631950197716627 0.009584078258831142
