0 0.6561105061351922 0.9106145539672135 0.03933528463973612 0.011194365177646404
1 0.3078953488381363 0.5534526015287954 0.06947742570596294 0.028202082712657627
1 0.6783429264973857 0.360835031841307 0.034602320533113406 0.009413541356328815
1 0.46887230126627644 0.5086774106678045 0.04742056927947225 0.02093323821317572
1 0.590327415610326 0.6071770308078497 0.04255121285298138 0.01446491439185813
1 0.5361938450772126 0.5968538068626976 0.04723871285298138 0.01468323821317572
1 0.6761799990755633 0.661888109591566 0.034693248746358665 0.012538541356328991
1 0.7143211935861447 0.5247905239834241 0.031431856426490865 0.007705492142117265
1 0.5258486931239261 0.831209536184533 0.04714778463973612 0.011558238213175542
1 0.4260760136570395 0.8343644613297583 0.05054556927947225 0.02107878742738727
1 0.5551327470304992 0.36289833787994424 0.05036371285298138 0.014828787427387446
2 0.5766022332404456 0.48404774586166155 0.042460284639736126 0.01133991439185813
1 0.6546038981258558 0.295753687341825 0.03777278463973595 0.01112159057054054
1 0.6149002036152744 0.4327784983428609 0.040897784639736125 0.011267139784752444
1 0.6413647298752333 0.6719694309316842 0.03772732053311341 0.009559090570540541
1 0.5908596468722146 0.3037074284504848 0.0425966769596041 0.01602741439185813
1 0.5407519982841403 0.35130586641599154 0.03786371285298138 0.01424659057054054
1 0.5187609895086517 0.42674036000585075 0.03482964106622681 0.01722604135632899
1 0.4088681301126601 0.7524231025622526 0.05679556927947225 0.021369885855810723
1 0.5628422954602887 0.2524702601296852 0.04273306927947225 0.02071491439185813
1 0.3904745166265404 0.4956636803125116 0.058539925705962934 0.02769266046291676
2 0.16323944906292792 0.14023550992479744 0.08202288981258557 0.03034677956950458
1 0.5562923625616829 0.9122069791124385 0.047284176959604095 0.016245738213175542
2 0.765628943981856 0.6793175121965997 0.028352320533113408 0.009122442927905539
