1 0.5545968102676223 0.3130476369760987 0.01093085594746519 0.029960284639736122
1 0.3044430020361649 0.3679099478757937 0.014792840343632995 0.04411371285298147
1 0.14694368328925791 0.4856012162181937 0.018245388964152065 0.05045464106622681
1 0.644648600181714 0.32134821879198316 0.011258404567984215 0.03621028463973612
1 0.4649743882867835 0.38586066284034615 0.020633404567984216 0.036483069279472244
0 0.005737126018082462 0.3984913242940371 0.011474252036164924 0.04411371285298147
1 0.3960406818189199 0.30205997585161215 0.01134029172311397 0.03777278463973612
1 0.573984218114967 0.4045304433234471 0.011831614653892509 0.04714778463973612
1 0.22904909712949637 0.6306432800873896 0.015366050429541289 0.05505121285298138
1 0.4391997823393183 0.41625285649299765 0.012984678878243727 0.039380748746358704
1 0.4155808186353654 0.5245881937191585 0.015284163274411533 0.05348871285298138
1 0.17996422320334965 0.4955612379258061 0.011995388964152021 0.050272784639736126
1 0.2937544855278215 0.3783617145688411 0.014383404567984304 0.03630121285298138
1 0.6982848552700968 0.39935354684694396 0.011667840343632996 0.04402278463973612
2 0.4610371607880207 0.4312186269469688 0.013557888964152021 0.050318248746358665
1 0.6505965485089773 0.6246179712992657 0.02227114767057934 0.06773306927947224
1 0.28899398518913727 0.6031571260890389 0.015366050429541289 0.05505121285298138
1 0.6552032406162042 0.44741061361913365 0.014956614653892687 0.04723871285298138
1 0.48411613466873893 0.4820309691876946 0.019807888964152198 0.05050010517284953
1 0.6762793012225108 0.5513252238065481 0.02186171189493056 0.059920569279472244
2 0.8601275995043455 0.764392210478713 0.02720430913596843 0.07255696159934004
2 0.3025673207830719 0.25485601840890704 0.01084896879233561 0.028397784639736124
1 0.43672987958035625 0.4038437847062431 0.011258404567984215 0.03621028463973612
1 0.6974593396662645 0.3853365109535667 0.011504066033373662 0.040897784639736125
0 0.975748113976524 0.3741188999747294 0.00846095318850324 0.04236935642649069
