0 0.12241795988862574 0.6214704130676102 0.009602258976990453 0.03977289502097818
1 0.4618561471478886 0.25731894438698943 0.02539997579950324 0.0706443867226084
1 0.6742031736860763 0.6179567560000627 0.008012487899751619 0.034966995850815155
1 0.5151452944921687 0.41585257218652816 0.019022710772388506 0.04829579004195637
1 0.42286741178221965 0.5416473228112281 0.012745439695149584 0.043134693361304245
1 0.4303662943939729 0.48714907696041293 0.012772710772388507 0.04782219336130424
1 0.37257704117251905 0.6298702958415264 0.011137487899751618 0.03520379419114121
1 0.5118849808676688 0.6615202696970173 0.006431807181592397 0.031723596680652125
1 0.1951100504440971 0.48778065206994803 0.009647710772388508 0.04758539502097818
1 0.18671576746300156 0.38837264792076315 0.020603391490547775 0.05153918921211931
1 0.6656725353187867 0.49511125185087784 0.012790891490547907 0.050947193361304245
2 0.5454645744482022 0.5221967379534307 0.009620439695149585 0.04289789502097818
1 0.7381384086589617 0.5912273900233787 0.009593168617910663 0.038210395020978186
1 0.5988213786047324 0.5580149161678879 0.009611349336070062 0.04133539502097818
1 0.3606537580932277 0.595602039617749 0.008030668617910842 0.03809199585081515
1 0.7268282039366974 0.5279936842145199 0.014307939695149586 0.04325309253146727
1 0.6765282220870701 0.4802199576597367 0.01271816861791084 0.03844719336130424
1 0.599824821521336 0.4618027669977248 0.01582498789975162 0.03555899170163031
1 0.26787940905174523 0.36737214107228594 0.019077252926866173 0.05767079004195628
1 0.776673667832344 0.4976424107693031 0.018995439695149587 0.04360829004195636
1 0.5240657765381879 0.33701717716555 0.025336343285945872 0.0597068867226084
2 0.868114716626121 0.0936634605595217 0.027044289031219648 0.08482528589277141
1 0.11558617690753023 0.5219440097482624 0.014335210772388507 0.04794059253146728
2 0.35981394164005726 0.719939188787912 0.007976126463433176 0.028716995850815153
