2 0.709823187846069 0.12074283123809529 0.03497577729789594 0.009774989337999784
1 0.47340454040236424 0.6527944519414572 0.041826554595791876 0.019222714672181597
1 0.665552467607975 0.6255399665818221 0.041526165946843815 0.014535214672181596
0 0.7072764975267646 0.7642206585773678 0.03986353639719446 0.012954533338636054
1 0.6678077776024377 0.5387303099140949 0.04465116594684382 0.014571577339272324
1 0.6647514312107805 0.613039966581822 0.04435077729789594 0.0098840773392725
1 0.653390320016612 0.25274735658023123 0.041225777297895935 0.009847714672181596
1 0.5551842689645644 0.708916635264185 0.04747577729789594 0.009920440006363407
2 0.4181195697028449 0.9857165872851841 0.07317668414544123 0.02114884134309065
1 0.4860244563492081 0.6667205919398664 0.05911418414544123 0.020985209341181487
1 0.6038990646179412 0.3588706345878673 0.04767603639719464 0.013045440006363318
1 0.6903731924695474 0.5736502025780041 0.03966327729789594 0.009829533338636055
2 0.6373192412052432 0.5265757552514583 0.04747577729789594 0.009920440006363407
1 0.558204635252862 0.4266399372613215 0.05372577729789594 0.009993165340545219
1 0.5822393198597284 0.6186910772597306 0.04505168414544123 0.020821577339272323
1 0.6474290191214479 0.34272746658182207 0.04455103639719447 0.013009077339272502
1 0.4775554125507579 0.43696036660568466 0.06037629549649317 0.01631589067472703
1 0.609832482262828 0.1586524585853219 0.04767603639719446 0.013045440006363318
1 0.6024903516334446 0.17828370591982184 0.04747577729789594 0.009920440006363319
1 0.6278453092192703 0.4641393899188674 0.04435077729789594 0.0098840773392725
1 0.48755576650055427 0.2148035559357302 0.06007590684754529 0.011628390674726851
1 0.5798931747323754 0.7406842559277761 0.05100129549649317 0.016206802673454136
1 0.5329216378737556 0.5567183359325485 0.05100129549649317 0.016206802673454136
1 0.48032305983757917 0.27274332527054834 0.05422642504614252 0.017805665340545042
