0 0.764076542209932 0.33489107251167044 0.009893197240056394 0.029960284639736122
0 0.0029089914785833527 0.40330685642649067 0.0058179829571667055 0.040988712852981425
1 0.27643049188562047 0.3738540032987053 0.0084670649348082 0.03772732053311341
1 0.42336972159308095 0.329667397267926 0.006822744317957152 0.03299435642649069
1 0.30583734821628644 0.30123485721791354 0.006740923701106105 0.02830685642649069
1 0.2664827475676633 0.4063937186589692 0.010111385551659158 0.04246028463973599
1 0.4515453145310664 0.2828067691338229 0.006740923701106105 0.02830685642649069
1 0.5820043819015065 0.3319382540901281 0.0068500178569074425 0.03455685642649069
1 0.3183100746773361 0.303161070070895 0.006768197240056395 0.02986935642649069
1 0.2481128027632388 0.5184163455394311 0.010220479707460584 0.048710284639736125
1 0.6750919086868677 0.2830581363808663 0.008303423701106104 0.028352320533113408
1 0.5387259403434929 0.39321072321131567 0.010029564934808022 0.03777278463973603
1 0.811767974028713 0.42382319187028494 0.014771612012708601 0.041034176959604096
1 0.6897935625024715 0.38119175950040446 0.010029564934808022 0.03777278463973612
1 0.615220256496117 0.3993447144358271 0.01005683847375849 0.03933528463973612
1 0.32153271185384835 0.4767804264973858 0.013345479707460584 0.04880121285298138
2 0.3754856006519184 0.3861159740692456 0.00849433847375849 0.039289820533113404
1 0.27201613271558067 0.6715329853520167 0.01660684740221221 0.056704641066226816
1 0.6190371830398922 0.6284782849689405 0.01978639448011279 0.059920569279472244
1 0.5145735998411395 0.5230429757185983 0.01337275324641105 0.05036371285298138
2 0.29962430438479665 0.2541552687381115 0.01000229139585782 0.03621028463973612
1 0.27825209050564864 0.359055717405328 0.0069045649348082 0.03768185642649069
1 0.5443191956184986 0.25189540142456107 0.008357970779006862 0.031477320533113404
1 0.4259862069825844 0.31411059342785996 0.008412517856907442 0.034602320533113406
