0 0.1864117481542987 0.6995783553816384 0.012839961443337078 0.030260710085908294
0 0.9555005120339594 0.6489552306625221 0.015103368290882458 0.04128009724103805
1 0.6765349028423756 0.6719612042045562 0.010215609191583753 0.037909435775648606
1 0.5273371368032467 0.7127422551999243 0.008352720542635694 0.03314004862051902
1 0.6437038140088575 0.7439247354122205 0.008052331893687637 0.028452548620519026
1 0.6880126233850113 0.6396400271353346 0.01207849784053181 0.042678822930778536
1 0.4969394355389424 0.7589654799851536 0.008052331893687814 0.028452548620519026
1 0.3685931924787727 0.7067744589542545 0.008452850092285047 0.034702548620519025
1 0.6313039435585068 0.7417071381711826 0.008152461443336988 0.030015048620519024
1 0.7116282009597624 0.527999842264197 0.012479016039128866 0.048928822930778534
1 0.2731014173403451 0.7535056168015991 0.009614831893687814 0.02853443577564878
1 0.4147858744647456 0.6464854121427578 0.011778109191583752 0.03799132293077854
1 0.14280025293466067 0.6094989099950512 0.016665868290882367 0.04136198439616763
1 0.2629532641934277 0.6549895516727368 0.011778109191583752 0.03799132293077854
1 0.33847369833886887 0.6385666915413999 0.011878238741233015 0.03955382293077854
1 0.6361683235695814 0.5679420895506635 0.015604016039128865 0.04909259724103805
2 0.5779169301402716 0.6573863698538169 0.010315738741233104 0.03947193577564878
1 0.6948283320505713 0.3742640106269912 0.019229663787375628 0.05706887155129747
1 0.34533017736249433 0.40925100576575113 0.022554922886674156 0.06035764586155703
1 0.44502169186046386 0.5171630823145743 0.015704145588778216 0.05065509724103805
2 0.6477311775193779 0.7911682276103045 0.0116779796419344 0.03642882293077854
1 0.6740211721207071 0.6867230670494264 0.008653109191583751 0.03782754862051903
1 0.402599150221482 0.7877278878324983 0.009815090992986386 0.0316594357756486
1 0.5239920913067534 0.7282444244672297 0.010015350092285047 0.034784435775648784
