1 0.6402678587630026 0.4424376714256807 0.0376636412337021 0.011121590570540718
1 0.735443991068251 0.4301859203922234 0.031359094155801334 0.007705492142117265
0 0.6372914943179572 0.0059940960519225565 0.04402273538950343 0.011988192103845113
1 0.7186638198027768 0.31993977915972904 0.034538641233702094 0.010976041356328814
1 0.6429274342511176 0.2812454603008102 0.043913641233702096 0.011412688998963994
1 0.5375853693163095 0.24862135897690263 0.045530688311602674 0.014610463606069856
1 0.37656782304918773 0.38591380541946474 0.053506829545304765 0.024349336641599172
1 0.6835463003210163 0.5029727570338226 0.04078864123370209 0.011267139784752444
1 0.6488730657422919 0.6218704603008102 0.0454761412337021 0.011485463606069857
1 0.5229572223972693 0.7544004780834905 0.05646818831160268 0.015119885855810722
1 0.3405890073003054 0.69877983250777 0.0690772824674041 0.02195208271265763
1 0.4970202394433979 0.6570909844936313 0.051835235389503256 0.01802656203449331
1 0.7333399744291595 0.35444105769577633 0.034511367694751625 0.009413541356328815
1 0.6435586797868907 0.27261532299725727 0.043940914772652384 0.012975188998963993
1 0.5003713360348312 0.5803101606723138 0.05027273538950343 0.017953787427387447
2 0.6012229496723931 0.40047064929977416 0.043913641233702096 0.011412688998963994
1 0.5100331136342666 0.2827438019048081 0.04706591477265239 0.01312073821317572
1 0.7113651574624612 0.7080947506236818 0.0376636412337021 0.011121590570540718
1 0.3082771136309713 0.773781986560546 0.06905000892845373 0.020389582712657627
1 0.5446606728837367 0.8331419081911143 0.05345228246740401 0.021224336641598996
1 0.7799946063273706 0.5188096186968123 0.034538641233702094 0.010976041356328991
2 0.7914564374975285 0.3243682599293066 0.032948867694751624 0.009340766749222951
1 0.38958997442915944 0.3704514712590649 0.05808523538950343 0.018317660462916763
