0 0.6785456932288685 0.7735310079950318 0.029796588001272717 0.009547716822512698
0 0.5968022746658181 0.00972251716841397 0.04077045066836362 0.01273634933607006
1 0.6310841786282746 0.28650318578632483 0.03759090666772735 0.008030668617910842
1 0.6778217239417754 0.43287873691779294 0.03288522533418181 0.006440897540672097
1 0.7041944146244565 0.3150554326630668 0.02819772533418181 0.006413626463433175
1 0.5983807666295472 0.2769372882456528 0.042296588001272714 0.009620439695149762
1 0.7251598006047301 0.4604997428697213 0.02819772533418181 0.006413626463433175
1 0.6783200685869127 0.5914861224564124 0.03444772533418181 0.0064499878997516195
1 0.7024864639560929 0.32754634230398716 0.029760225334181812 0.006422716822512697
1 0.48607167063177437 0.2598765323919204 0.04854658800127254 0.009656801131468207
1 0.7288098699077314 0.6839736043060398 0.02821590666772735 0.007976126463433176
1 0.6163109645926397 0.5489350080932277 0.037609088001272536 0.009593168617910841
1 0.5904729812221869 0.8222406978865733 0.040788632001908985 0.014298849336070063
1 0.6309627159055043 0.6998117068635636 0.037609088001272536 0.009593168617910841
1 0.611513829248913 0.6254747821955287 0.03917158800127272 0.009602258976990541
1 0.5289762386219111 0.3327873124461497 0.04858295066836362 0.012781801131468207
2 0.6205546639481387 0.3856673936318471 0.039153406667727354 0.008039758976990451
1 0.3334188379615018 0.28555272238165763 0.05643181333545444 0.015952252926866174
1 0.38251667258118577 0.6319555445903646 0.059593176002545344 0.019095433645025396
1 0.4860967532622761 0.5263009631100796 0.05014545066836362 0.01279089149054773
2 0.751151230625411 0.3082968934354554 0.036046588001272716 0.009584078258831142
1 0.645909747294729 0.28815204419758117 0.03757272533418181 0.006468168617910841
1 0.7576808519255488 0.552882685589933 0.031340906667727354 0.007994307181592396
1 0.6934194519414573 0.43531339050858914 0.03446590666772718 0.008012487899751619
