1 0.3330508644516361 0.5353869508104574 0.043913641233702096 0.010902783665263982
0 0.33480782792374697 0.25559032340579574 0.037718188311602674 0.013809528855940556
1 0.32688268506848717 0.530481196001134 0.04078864123370209 0.01079365626060227
2 0.2828097621814552 0.9057341671451933 0.03456591477265238 0.01213790145127902
1 0.37066431818780965 0.8884772344757215 0.043913641233702096 0.010902783665263982
1 0.43464854627041716 0.6264881551642938 0.04243296185055314 0.015535719962933214
1 0.4931666095836674 0.8567957032575281 0.05644091477265238 0.012901793283910834
2 0.3875650405883742 0.5920114622432028 0.043913641233702096 0.010902783665263982
1 0.37929066477594764 0.48384429817805225 0.03936250892845372 0.018551592558271324
1 0.3421962191607443 0.7280109604291043 0.03607386769475172 0.009067465153609788
1 0.4037781960255358 0.42450650371301507 0.04402273538950343 0.01715278366526398
1 0.38828819481101506 0.8640774352013608 0.04396818831160267 0.014027783665263981
1 0.3368132439175106 0.7676910193221117 0.040761367694751714 0.00923115626060227
1 0.39063371916074424 0.7297024352013608 0.03922614123370209 0.010739092558271324
1 0.3576338530875504 0.47058040634542025 0.04084318831160268 0.013918656260602269
1 0.45816568709708194 0.44360373329459507 0.04701136769475163 0.009449411069925695
1 0.46905436850882587 0.3572123655085802 0.043913641233702096 0.010902783665263982
1 0.45877756737373543 0.5429043288480913 0.04078864123370209 0.01079365626060227
1 0.4082690527632389 0.5255060085223385 0.04396818831160272 0.014027783665263981
1 0.5045677597458231 0.8306151491738442 0.05019091477265238 0.012683538474587409
1 0.609807827923747 0.2651935350160263 0.06274546185055314 0.01624504809323426
1 0.5071684285756654 0.6368378673226787 0.05800341477265238 0.012956356986241601
2 0.6776283478092493 0.14170396051392228 0.07530000892845372 0.019806557711881067
1 0.3882644699715232 0.5967262440943683 0.04240568831160276 0.013973219962933037
