0 0.2751816375835493 0.3558397891920826 0.0131545649348082 0.03786371285298147
1 0.3537236489476351 0.42378345862983935 0.014689791395857821 0.0363466769596041
1 0.3805258823085436 0.5003830625490476 0.01000229139585782 0.03621028463973612
1 0.5069225612846555 0.3344434769722394 0.006795470779006862 0.03143185642649069
1 0.7898929740287131 0.4231866943775674 0.009975017856907442 0.034647784639736126
1 0.4895986935899038 0.34175587179938993 0.009865923701106106 0.028397784639736124
1 0.6789282004897627 0.42152124280735703 0.008412517856907442 0.034602320533113406
1 0.3975145592560606 0.4227127036152744 0.01000229139585782 0.03621028463973612
1 0.775154364044599 0.37195080331134056 0.006740923701106105 0.02830685642649069
1 0.7627674123403156 0.40989107251167045 0.009975017856907442 0.034647784639736126
1 0.3545906737044014 0.46367267273646207 0.0162795649348082 0.03795464106622681
1 0.8349133733800898 0.5308006175762479 0.010220479707460584 0.048710284639736125
1 0.24351107752000517 0.5581464352728743 0.010302300324311542 0.05339778463973612
1 0.6846327297107558 0.45295309923384774 0.010029564934808022 0.03777278463973612
2 0.4740225121781599 0.42806544483978576 0.010002291395857909 0.03621028463973612
1 0.510322476464345 0.49790658339873006 0.011701159090609536 0.04406824874635866
1 0.5717702654245708 0.38088421945039197 0.011482970779006863 0.03156824874635884
1 0.8457884180223585 0.44513590221598387 0.013209112012708957 0.04098871285298138
1 0.49025543831489793 0.4832530500126353 0.016334112012708957 0.041079641066226816
2 0.12228491396516876 0.606989449062928 0.01819662094116259 0.05831260517284953
1 0.4263350344992943 0.3836873075344827 0.0131545649348082 0.03786371285298138
1 0.3794037130716643 0.5198915804957362 0.020748876623205438 0.025591033386094964
2 0.8429009715930811 0.3418745098961159 0.01151024431795733 0.03313074874635884
1 0.8303895146137918 0.5212892252563798 0.010193206168510115 0.04714778463973612
