1 0.86328125 0.45078125 0.0109375 0.0390625
0 0.8640625 0.3375 0.01328125 0.0359375
1 0.646875 0.3 0.0078125 0.03046875
1 0.66875 0.4015625 0.01171875 0.04453125
1 0.7015625 0.334375 0.01015625 0.0375
1 0.8296875 0.4609375 0.01484375 0.04765625
1 0.7265625 0.45546875 0.01796875 0.046875
1 0.3328125 0.3140625 0.009375 0.0359375
1 0.190625 0.3421875 0.009375 0.04140625
1 0.6234375 0.3890625 0.01015625 0.04375
1 0.33515625 0.396875 0.009375 0.0375
1 0.4359375 0.490625 0.0140625 0.0421875
1 0.225 0.415625 0.01015625 0.046875
1 0.6578125 0.4453125 0.009375 0.0453125
1 0.74609375 0.5078125 0.015625 0.05
2 0.6078125 0.4453125 0.01171875 0.04765625
1 0.20546875 0.5359375 0.0140625 0.05078125
1 0.1796875 0.3578125 0.01171875 0.04140625
1 0.74375 0.44765625 0.0171875 0.04765625
1 0.1984375 0.459375 0.015625 0.05546875
1 0.4828125 0.5375 0.01328125 0.059375
2 0.0875 0.859375 0.03046875 0.08359375
1 0.37265625 0.2859375 0.0109375 0.0296875
2 0.5875 0.21328125 0.009375 0.0296875
