2 0.8546875 0.33453384517497814 0.009375 0.03470238221398514
1 0.4234375 0.41634926333166195 0.0109375 0.037881945916315905
0 0.25 0.35638644237293693 0.0125 0.036374009618646855
1 0.4359375 0.41991077295030876 0.0125 0.03481150961864685
1 0.3875 0.3768130481780522 0.009375 0.04251488221398514
1 0.40625 0.3751240626060225 0.009375 0.03626488221398514
2 0.3984375 0.40922624409436825 0.009375 0.04251488221398514
1 0.359375 0.4203621515360968 0.009375 0.04095238221398514
1 0.8125 0.451810625212045 0.009375 0.047202382213985136
1 0.484375 0.42707099772256535 0.0109375 0.037881945916316086
1 0.2703125 0.4531895205032381 0.009375 0.04407738221398514
1 0.68125 0.38863352421625313 0.0109375 0.037881945916315996
1 0.5421875 0.47205860470880695 0.0109375 0.044131945916316084
1 0.2484375 0.5008631286706061 0.009375 0.047202382213985136
2 0.025 0.6336855192372937 0.01875 0.06627976442797028
1 0.59375 0.4082342068857252 0.009375 0.04095238221398514
1 0.31875 0.49863099527549454 0.009375 0.05032738221398514
1 0.4375 0.49496533665263964 0.0125 0.04731150961864685
1 0.7859375 0.45713304227242046 0.009375 0.047202382213985136
1 0.709375 0.5544594208582085 0.0140625 0.05674107332097762
1 0.509375 0.540444016959859 0.009375 0.056577382213984964
1 0.68046875 0.5636062423650877 0.0140625 0.05361607332097762
1 0.42421875 0.38434529518282734 0.009375 0.04407738221398514
