1 0.36949411069925675 0.48519706120592376 0.038045637023308564 0.01737159057054054
1 0.30895591478294077 0.4714577388323482 0.03470238221398514 0.010976041356328991
1 0.3002927321134687 0.5584119292790544 0.029905754809323427 0.007632717535011224
1 0.32148814191745 0.36128437220695975 0.03771825480932343 0.00799659057054054
1 0.38631453375008196 0.3861431310982999 0.03470238221398514 0.010976041356328814
1 0.40179071161023056 0.2932664263835702 0.04580357332097766 0.016172963606069856
1 0.3357590061600858 0.5912629706353832 0.04095238221398514 0.011267139784752267
1 0.3769842068857252 0.6103426104201355 0.03949900961864685 0.014319365177646403
1 0.4445759562527531 0.49103399234700496 0.04725694591631609 0.01312073821317572
1 0.31887157340579575 0.35336271029630095 0.04095238221398514 0.011267139784752267
1 0.35279519482000765 0.4313807024384181 0.03626488221398514 0.011048815963434678
1 0.4417138841977197 0.7217745700972639 0.05032738221398514 0.011703787427387447
2 0.3788889580668515 0.5308734342414531 0.04407738221398514 0.011412688998963994
1 0.41837801088459126 0.2768794470617347 0.05038194591631591 0.013266287427387446
1 0.3465575745869221 0.2750943151348652 0.03944444591631591 0.012756865177646404
1 0.38100207349061377 0.6807278850272414 0.04407738221398514 0.011412688998963994
1 0.3457143595181304 0.5636473928851242 0.03949900961864685 0.014319365177646403
1 0.37153530425332004 0.6553276246881591 0.040897818511654284 0.009704639784752268
1 0.4844668023544035 0.2932172305601807 0.05663194591631608 0.0135573858558109
1 0.41597229581579953 0.5653597502048877 0.044186509618646855 0.014537688998963993
1 0.531974263331662 0.44752589495203876 0.05835813702330857 0.018317660462916763
2 0.8308656973518964 0.9434742115346462 0.08519345553496294 0.027367328783716262
2 0.25228178493120834 0.3003425641014079 0.037881945916315996 0.01268409057054054
