1 0.4484375 0.1890625 0.009375 0.03203125
1 0.40078125 0.18984375 0.009375 0.040625
1 0.753125 0.2265625 0.01015625 0.0453125
1 0.16875 0.3609375 0.0265625 0.05234375
1 0.3828125 0.2046875 0.0140625 0.04296875
1 0.51640625 0.1984375 0.0078125 0.0421875
1 0.553125 0.196875 0.009375 0.0484375
1 0.60625 0.2375 0.00859375 0.04296875
1 0.4890625 0.2421875 0.01484375 0.03515625
1 0.73125 0.26875 0.0125 0.0484375
1 0.4609375 0.240625 0.01875 0.0453125
1 0.5390625 0.228125 0.01171875 0.04296875
1 0.20703125 0.315625 0.01328125 0.05703125
1 0.4265625 0.3171875 0.0109375 0.05234375
1 0.3625 0.409375 0.0171875 0.0640625
1 0.159375 0.3796875 0.0234375 0.06015625
1 0.64453125 0.3265625 0.01640625 0.05703125
1 0.80625 0.4390625 0.0203125 0.0671875
2 0.3921875 0.290625 0.01171875 0.053125
1 0.31171875 0.325 0.0140625 0.0546875
1 0.28125 0.690625 0.034375 0.09296875
2 0.753125 0.19140625 0.01015625 0.04375
