1 0.7934751476636375 0.6038456609914725 0.042460284639736126 0.01060253087881229
1 0.8042558717993898 0.5182946058977652 0.02839778463973621 0.010193353919208193
1 0.7543347766556703 0.4122431826990848 0.04393185642649087 0.007522994985435005
1 0.8060995166265403 0.5011753020576993 0.03777278463973621 0.010466138558944316
1 0.79317963097059 0.5936894109914725 0.03933528463973612 0.010511602665567032
1 0.8022280220368169 0.6095644635778973 0.02857964106622681 0.016443353919208193
1 0.7755983597251961 0.3113853763517364 0.04397732053311341 0.009085494985435094
2 0.7923084866056579 0.2954792315245859 0.03777278463973595 0.010466138558944316
1 0.7273965404457238 0.29124872109974465 0.04397732053311341 0.009085494985435006
1 0.7496593000126353 0.5198283621659714 0.04397732053311341 0.009085494985435006
1 0.7381845909205775 0.4742203454729241 0.04558528463973595 0.010693459092057721
1 0.616147084190153 0.8406683964099961 0.05973871285298138 0.014227636051661819
1 0.6839637553437694 0.5959756735278848 0.050318248746358665 0.012392351411925873
1 0.6659254945232167 0.3784471927282147 0.05339778463973595 0.010920779625171129
1 0.6783000917120003 0.7769074247815261 0.05656824874635884 0.012574207838416562
1 0.5264956185006847 0.2276395475053528 0.06929556927947225 0.02075042069139794
1 0.6387889623242561 0.8140066080093364 0.05973871285298138 0.014227636051661819
2 0.7152879631821859 0.6530894915537158 0.050318248746358665 0.012392351411925873
1 0.5806401785424498 0.6398045783841653 0.05982964106622681 0.01735263605166182
1 0.04142794820499807 0.29704849623907637 0.06469899749271754 0.02373902837152997
1 0.605197560833188 0.7326285758768828 0.06295464106622681 0.01744356426490725
1 0.29298706584775286 0.6798312186589692 0.0850114974927175 0.02433006175762493
1 0.8088728271305239 0.5964878020576994 0.03455685642649087 0.00725021034569906
