2 0.7046245481173868 0.1007548504060521 0.03497577729789594 0.011577850092285092
1 0.6353853038205994 0.53821288248431 0.03820090684754529 0.013340609191583752
0 0.7004059338316742 0.7081959130214084 0.03673853639719447 0.014802979641934399
1 0.631459267423405 0.5259131415836087 0.035176036397194646 0.014702850092285048
1 0.6759695334625339 0.5716972085179016 0.04278827729789594 0.01207849784053181
1 0.677111728866742 0.5527970141934276 0.03653827729789594 0.0116779796419344
2 0.6432373766149887 0.5628123642857127 0.04278827729789576 0.012078497840531633
1 0.6332406153562217 0.6026759006829072 0.041225777297895935 0.011978368290882457
1 0.5885780459579186 0.1505521961794005 0.04747577729789576 0.012378886489479646
1 0.6228865013842759 0.47782609500738127 0.03820090684754529 0.013340609191583752
1 0.6030104996862329 0.6940413803248416 0.04435077729789576 0.012178627390180986
1 0.6555826781284615 0.27804733806755094 0.03820090684754511 0.013340609191583752
1 0.576212958047251 0.4227671576227376 0.04455103639719447 0.015303627390180985
1 0.5559748133813235 0.7190203963639706 0.04747577729789576 0.01237888648947969
2 0.4296683389811764 0.9514695558324096 0.06682655459579187 0.022955441085271387
1 0.6385336829088235 0.36699921653746614 0.041225777297895935 0.011978368290882368
1 0.556156483647104 0.6484075077150226 0.05060077729789576 0.012579145588778217
1 0.5563591378737556 0.5291568599667761 0.04757590684754511 0.01394138648947969
1 0.584030248301957 0.1775152143779978 0.04757590684754511 0.013941386489479601
1 0.4889365962347737 0.26048600555555435 0.057151165946843815 0.01766716378737563
1 0.5087844285898868 0.46003542258213237 0.056850777297895935 0.012979663787375629
1 0.4806327429032862 0.29004309762827496 0.05402616594684382 0.017466904688076924
1 0.6673664890457748 0.5353789767164989 0.04435077729789594 0.012178627390180986
