2 0.8529148799794746 0.25490762186549853 0.009574987899751619 0.034921031570031055
1 0.42110127771653827 0.3769000740869289 0.011155668617910664 0.038137036831702886
0 0.24797739510478506 0.33309540813250416 0.01270907825883123 0.0366655420933748
1 0.433583096998379 0.37929703199355413 0.01269998789975162 0.0351030420933748
1 0.3853864915139889 0.34071194510538144 0.009620439695149674 0.042733531570031145
1 0.40415012705260833 0.33727613196531925 0.009584078258831185 0.03648353157003115
2 0.3961376391528567 0.3721061582736785 0.009620439695149585 0.042733531570031145
1 0.3570024162802198 0.3868812898154747 0.009611349336070062 0.041171031570031144
1 0.8100365126894236 0.3761147639306385 0.009647710772388508 0.04742103157003115
1 0.4819887807416004 0.3819446188817268 0.011155668617910664 0.038137036831702976
1 0.2677308380213886 0.4280060897307701 0.009629530054229285 0.04429603157003115
1 0.6791274011549093 0.3251654559110738 0.011155668617910841 0.038137036831702976
1 0.5395512958669109 0.4215461741998684 0.011192030054229285 0.04438703683170293
1 0.2455740368899204 0.47771766339417604 0.009647710772388508 0.04742103157003115
2 0.021318404572754822 0.6313564158132504 0.019131795081343946 0.06671706314006229
1 0.5914955909482548 0.35291800056469735 0.009611349336070062 0.041171031570031144
1 0.31591380796715923 0.46893492661894276 0.009665891490547729 0.050546031570031145
1 0.43470925976255737 0.45420602673188226 0.012772710772388507 0.047603042093374806
1 0.7834376512531052 0.3839118533790599 0.009647710772388508 0.04742103157003115
1 0.7062933682720096 0.4883711112009806 0.01438975292686635 0.05706904735504672
1 0.5063342748878679 0.4929885346949773 0.009702252926866172 0.056796031570031144
1 0.6773280309379921 0.5002109585419097 0.01437157220870695 0.05394404735504672
1 0.42206888007767046 0.344823321456093 0.009629530054229462 0.04429603157003115
