0 0.31518174669795307 0.21591382857882851 0.029796588001272717 0.010757717535011225
0 0.41468832813490286 0.9749741513666887 0.04077045066836358 0.01439213978475209
1 0.37397023209735913 0.7001582419372294 0.03759090666772726 0.009559090570540718
1 0.3238327774108601 0.556320504757511 0.03288522533418181 0.007778266749222951
1 0.30020546809354115 0.6754536484712046 0.02819772533418181 0.007559942927905539
1 0.40689182009863184 0.7080049751880064 0.042296588001272714 0.01133991439185813
1 0.27585835407381476 0.5311963802742395 0.02819772533418181 0.007559942927905539
1 0.3196436220559974 0.39783591666816975 0.03444772533418181 0.007851041356328903
1 0.3016225174251776 0.6628808738640988 0.029760225334181812 0.007632717535011224
1 0.519582724100859 0.7191714534763847 0.04854658800127254 0.011631012820281584
1 0.26700842337681613 0.30804997870266304 0.028215906667727175 0.00912244292790545
1 0.38263451806172444 0.43711243238393543 0.03760908800127263 0.01112159057054054
1 0.4021090346912716 0.16261970058090053 0.040788632001908985 0.015954639784752266
1 0.36447376937458903 0.2870953157585469 0.03760908800127272 0.01112159057054054
1 0.3856498827179976 0.3603679958661708 0.03917158800127272 0.011194365177646404
1 0.47498729209099577 0.6485528924753486 0.04858295066836362 0.014756012820281583
2 0.38219071741722344 0.6005028442945942 0.039153406667727174 0.009631865177646404
1 0.6716173914305864 0.6855134292835635 0.05643181333545435 0.0182448858558109
1 0.6144652260502704 0.3418940159251627 0.059593176002545434 0.021515435070022626
1 0.5133578067313607 0.45291075269059633 0.05014545066836362 0.014828787427387446
2 0.2534122840944956 0.6846681366843803 0.036046588001272716 0.011048815963434678
1 0.3591083007638137 0.699287100704735 0.03757272533418181 0.00799659057054054
1 0.24119190539463356 0.4405735343270155 0.031340906667727174 0.009267992142117088
1 0.30818050541054187 0.5547045008285695 0.03446590666772718 0.009413541356328992
