2 0.2984375 0.8641475400845137 0.034375 0.010175087005972116
1 0.56875 0.3289496968102773 0.040625 0.019695557370694415
1 0.375 0.35845927811666634 0.040625 0.015008057370694505
0 0.3421875 0.22016049753145803 0.0390625 0.013409189779513931
1 0.3671875 0.44535986607256917 0.04375 0.015080792553055566
1 0.375 0.37095927811666635 0.04375 0.010393292553055567
1 0.36328125 0.7313882850505206 0.040625 0.010320557370694417
1 0.490625 0.27373682636930513 0.046875 0.010466027735416716
2 0.6453125 0.0030645697197914114 0.071875 0.006129139439582823
1 0.55703125 0.31515995374413147 0.0578125 0.02165810087368065
1 0.41953125 0.6246103017680205 0.046875 0.013591027735416716
1 0.346875 0.41067639475791634 0.0390625 0.01028418977951393
2 0.396875 0.4571688818401386 0.046875 0.010466027735416716
1 0.46953125 0.5562590388502426 0.053125 0.010611498100139016
1 0.4578125 0.3643442957840969 0.04375 0.021330792553055568
1 0.375 0.6412717781166664 0.04375 0.013518292553055566
1 0.55078125 0.5449929241088537 0.059375 0.017006968464861317
1 0.40078125 0.8250467128621871 0.046875 0.013591027735416716
1 0.409375 0.8053154411106942 0.046875 0.010466027735416716
1 0.40234375 0.5195415952710066 0.04375 0.010393292553055567
1 0.5265625 0.7674316217721524 0.059375 0.01231946846486114
1 0.46796875 0.24223290644142326 0.05 0.016788762917777866
1 0.503125 0.4257896356398607 0.05 0.01678876291777769
1 0.5375 0.7093645486338884 0.053125 0.018423998100139016
