2 0.35425972392949656 0.86762111529282 0.03497577729789594 0.009774989337999784
1 0.5906783713732013 0.3355694945894581 0.041826554595791876 0.019222714672181597
1 0.3985304441675905 0.36282397994909327 0.041526165946843815 0.014535214672181596
0 0.3568064142488009 0.2241432879535476 0.03986353639719464 0.012954533338636054
1 0.39627513417312776 0.44963363661682043 0.04465116594684382 0.014571577339272324
1 0.39933148056478507 0.3753239799490933 0.04435077729789594 0.0098840773392725
1 0.41069259175895356 0.7356165899506841 0.041225777297895935 0.009847714672181596
1 0.5088986428110011 0.2794473112667303 0.04747577729789594 0.009920440006363407
2 0.6459633420727207 0.006610889958638266 0.07317668414544123 0.013221779917276532
1 0.5780584554263575 0.321643354591049 0.05911418414544123 0.020985209341181487
1 0.4601838471576244 0.629493311943048 0.04767603639719464 0.013045440006363406
1 0.37370971930601804 0.4147137439529113 0.03966327729789594 0.009829533338636055
2 0.42676367057032233 0.461788191279457 0.04747577729789594 0.009920440006363407
1 0.5058782765227036 0.5617240092695939 0.05372577729789594 0.009993165340545219
1 0.4818435919158371 0.3696728692711847 0.04505168414544123 0.020821577339272413
1 0.41665389265411756 0.6456364799490932 0.04455103639719451 0.013009077339272323
1 0.5865274992248077 0.5514035799252307 0.06037629549649317 0.01631589067472703
1 0.4542504295127374 0.8297114879455935 0.04767603639719446 0.013045440006363406
1 0.46159256014212097 0.8100802406110935 0.04747577729789594 0.009920440006363407
1 0.4362376025562952 0.524224556612048 0.04435077729789594 0.0098840773392725
1 0.5765271452750113 0.7735603905951851 0.06007590684754529 0.01162839067472703
1 0.48418973704318996 0.24767969060313927 0.05100129549649317 0.016206802673454222
1 0.5311612739018099 0.43164561059836687 0.05100129549649317 0.016206802673454136
1 0.5837598519379863 0.7156206212603671 0.05422642504614252 0.01780566534054522
