1 0.5674410561451749 0.7213260391211223 0.04429630321830871 0.010105340343632996
1 0.6014447155479994 0.7732913308442363 0.04440556386197052 0.011667840343633173
1 0.5212494811353396 0.8772960781307028 0.04920232450563215 0.01347600180902262
1 0.6337216200071453 0.7153902996365717 0.03960880321830871 0.009859678878243728
1 0.6542633489719233 0.6458966711878693 0.04128056386197052 0.011504066033373662
1 0.51565504499731 0.8675935295101838 0.05131112772394068 0.0213703889641522
1 0.6473409956373992 0.5318374932141368 0.04128056386197052 0.011504066033373662
1 0.6299181848775219 0.41095510515449585 0.0478583457929556 0.016519114653892684
1 0.6890250231289089 0.27212830054108295 0.03971806386197052 0.011422178878243816
1 0.669746237339526 0.6263211555840371 0.04440556386197052 0.011667840343633173
2 0.590823561845158 0.6112074106724197 0.04440556386197052 0.011667840343633173
1 0.6741484221401732 0.24939348541222056 0.04306158514929379 0.014710953188503328
1 0.605683009383154 0.39870741067241977 0.04763982450563198 0.013394114653892597
1 0.5356872196584986 0.3456399643813214 0.058905106436617415 0.0186548247398008
1 0.5274169896853144 0.7106032230877487 0.05868658514929379 0.015529824739800802
1 0.6251971059324142 0.16449618498267926 0.04763982450563216 0.013394114653892553
1 0.5233346851296234 0.3316626735627185 0.06057686708027923 0.020299211894930558
0 0.6545368645592637 0.7541186069635181 0.04462408514929379 0.014792840343632995
1 0.6473470774324983 0.7223772840327396 0.04920232450563215 0.013476001809022264
1 0.62965683288038 0.6838127510160528 0.04763982450563216 0.013394114653892508
1 0.6508052132022109 0.6841369776103046 0.04753056386197052 0.011831614653892686
1 0.6695605670409381 0.6514030427391668 0.04440556386197052 0.011667840343633173
