1 0.49137927822074656 0.3258234214984453 0.018028109191583753 0.03841005261671846
1 0.47658679055924774 0.26630420833014823 0.011577850092285047 0.034921031570031145
1 0.5633358189368778 0.24948916367652468 0.008152461443336988 0.0300515210466874
1 0.3667006508305656 0.28917183190884954 0.010215609191583753 0.03795502630835923
1 0.3926809623661877 0.35196025824544364 0.011577850092285047 0.034921031570031145
1 0.3001325169619796 0.37617057394575454 0.016966256939830338 0.04613154735504663
1 0.5967886690291628 0.28204405844308766 0.011978368290882457 0.041171031570031144
1 0.6165795373200453 0.32166800056469735 0.013440738741233105 0.03969953683170289
1 0.498529246603914 0.40068691360593756 0.01394138648947969 0.04751203683170289
1 0.3587379565060916 0.28728310821720876 0.01197836829088228 0.041171031570031144
1 0.437303047499078 0.3140738503952881 0.0116779796419344 0.03648353157003106
1 0.7290783397563688 0.37628063487850383 0.012579145588778217 0.050546031570031145
2 0.5371924259689932 0.33099676890996166 0.012178627390180986 0.04429603157003115
1 0.2840464420081221 0.39435913182414495 0.014141645588778218 0.050637036831702974
1 0.2810029827242534 0.32239312656247304 0.013440738741233017 0.03969953683170298
1 0.6869921668696946 0.3191352637894641 0.013741127390180985 0.044387036831702885
1 0.5693645758767081 0.29461965315318095 0.015003238741233105 0.039790542093374806
1 0.6614414543466232 0.31199759797621374 0.010415868290882457 0.04108002630835923
1 0.3015331330933936 0.45921058709993423 0.014542163787375629 0.05688703683170289
1 0.5723079056109276 0.36502315841485283 0.015303627390180985 0.0444780420933748
1 0.4565803809339252 0.49252507408692897 0.019329793337024982 0.05872255261671846
2 0.9574662646456279 0.7464356982303275 0.02884449568106362 0.08574007892507787
2 0.30458258019564477 0.22535152659070792 0.011778109191583752 0.03804603157003106
