1 0.392698670849185 0.45688142239622087 0.03799132293077854 0.01090300790866543
1 0.2969767350735363 0.45295260916407865 0.03157754862051902 0.007523339923887917
0 0.3650008802577248 0.018009923384803977 0.04456887155129756 0.017407675893442963
1 0.3060064970593239 0.34141027270023194 0.034866322930778536 0.010775673916276674
1 0.3787955438708206 0.29616675688290117 0.04424132293077854 0.011157675893442942
1 0.48151775214770665 0.25440106813787694 0.04588571008590812 0.01278384288963732
1 0.651595636023476 0.377435367035563 0.05427142017181659 0.0240396778706093
1 0.3537866570543751 0.5211004312934694 0.041116322930778534 0.011030341901054185
1 0.3966469436891066 0.6367917568829011 0.04580382293077854 0.011221342889637321
1 0.5314048032546165 0.7581335631949611 0.05690509724103805 0.014792011862997967
1 0.7092974298942967 0.6866856916364117 0.06973264586155707 0.02155134783255317
1 0.5504646624814421 0.6587092247539481 0.05229948439616781 0.01616351087441501
1 0.29378645804974335 0.3771395256659815 0.034784435775648784 0.009213173916276674
1 0.37756391451760696 0.28760484038099837 0.044323210085908296 0.012720175893442941
1 0.5417646918800842 0.5823377257425312 0.050818871551297565 0.017662343878220455
2 0.42868708050555204 0.41157158098945823 0.04424132293077854 0.011157675893442942
1 0.5113623824054313 0.28606756220637786 0.04744821008590812 0.012847509885831698
1 0.3403770115315024 0.7283372697344824 0.03799132293077854 0.01090300790866543
1 0.746739876185395 0.7587543512182322 0.06965075870642715 0.01998884783255317
1 0.5152685481662338 0.8386487341454881 0.05410764586155707 0.02091467787060921
1 0.25875744007106194 0.5453284515594244 0.034866322930778536 0.010775673916276674
2 0.2337596828349727 0.35218328802327115 0.033303822930778534 0.010712006920082295
1 0.6375364580497433 0.36313278650321534 0.058631371551297565 0.017980678859192523
