1 0.5609863054125179 0.757653656439126 0.00838118506293455 0.02830685642649069
1 0.7912280672353726 0.6482034147523963 0.010890878424238614 0.040852320533113405
1 0.6423421265733608 0.7202649681967508 0.008617983403260431 0.031431856426490865
1 0.7841968172353726 0.6479988262725941 0.012334979254075585 0.03933528463973594
1 0.6081787688950466 0.6397591142775425 0.010417281743586493 0.034602320533113406
1 0.7658029373612415 0.7035895967265653 0.008617983403260431 0.031431856426490865
1 0.30985782283445 0.5297402904457238 0.014489475104890737 0.04719324874635866
1 0.581048506447492 0.6623555283050229 0.012216580083912553 0.03777278463973612
1 0.23331955623771047 0.5586943530612785 0.012690176764564676 0.04402278463973612
1 0.7304574332120566 0.7103564222742437 0.01029888257342364 0.033039820533113405
1 0.787530691710919 0.41423759171200036 0.018324870125868743 0.056659176959604096
1 0.4554089664055356 0.6399911318285197 0.012334979254075762 0.03933528463973612
2 0.05791312407456108 0.3322047462390763 0.026610966806520954 0.0631364974927175
1 0.4666280410908635 0.5000026293212374 0.014726273445216797 0.050318248746358665
2 0.6881613442050744 0.594535193981856 0.011127676764564675 0.04397732053311341
1 0.41968126349646184 0.45654213433580215 0.016288773445216797 0.05036371285298138
1 0.7660360452400484 0.500919237792792 0.015436668466194802 0.05969324874635866
1 0.7454508581025214 0.47615491851332 0.016525571785542682 0.05348871285298138
1 0.3567831348717306 0.6963655007914229 0.010654080083912554 0.03772732053311341
1 0.35566723030298275 0.5170417136444042 0.014963071785542858 0.05344324874635866
1 0.44367487055007615 0.4439883100417651 0.01676237012586874 0.05661371285298138
1 0.8603034956503224 0.31501649320306846 0.023249168466194802 0.05992056927947216
2 0.7508184000185775 0.7733110633404705 0.01018048340326061 0.031477320533113404
0 0.12818361557569866 0.632028901491068 0.017022479254075584 0.039471676959604095
