0 0.6561440043742621 0.7375104228734227 0.03006950197716627 0.010757717535011225
1 0.6228512736888151 0.25326600951502193 0.03781833498097207 0.009559090570540541
1 0.6653359095446396 0.39710374669474036 0.03306716798477751 0.007778266749222951
1 0.6951427677573161 0.2779706029810466 0.028379667984777514 0.007559942927905361
1 0.5904207756659815 0.24541927626424487 0.04256950197716627 0.01133991439185813
1 0.7118779871112377 0.4222278711780117 0.028379667984777514 0.007559942927905539
1 0.6612174594309088 0.5555883347840815 0.03462966798477751 0.007851041356328813
1 0.6930709317877609 0.29054337758815246 0.02994216798477751 0.007632717535011224
1 0.47858927912602256 0.23425279797586662 0.048819501977166266 0.011631012820281584
1 0.7090236066554396 0.6453742727495883 0.028443334980972068 0.009122442927905539
1 0.6004364683281574 0.5163118190683158 0.03788200197716627 0.01112159057054054
1 0.5666384939941389 0.7908045508713507 0.04119800296574958 0.015954639784752266
1 0.6106988531953986 0.6663289356937043 0.03788200197716627 0.01112159057054054
1 0.5934105355146322 0.5930562555860804 0.03944450197716627 0.011194365177646404
1 0.5193787638029834 0.30487135897690265 0.04894683596955503 0.014756012820281583
2 0.6094334194304712 0.352921407157657 0.03938083498097207 0.009631865177646404
1 0.325163190190718 0.2679108221686877 0.056886669961943956 0.0182448858558109
1 0.3641859505336602 0.6115302355270886 0.06013900395433271 0.02151543507002245
1 0.4708590562748789 0.500513498761655 0.05050933596955502 0.014828787427387446
2 0.7423042692401909 0.26875611476787087 0.03631950197716627 0.011048815963434678
1 0.6376313566926207 0.2541371507475162 0.037754667984777515 0.00799659057054054
1 0.7417153843357686 0.5128507171252357 0.03156833498097189 0.009267992142117265
1 0.6808654090503479 0.39871975062368176 0.03469333498097207 0.009413541356328903
