1 0.642877003396086 0.4398253482096958 0.03028827729789594 0.009893197240056394
1 0.5793502197766687 0.6866497552717105 0.04455103639719447 0.013263659090609536
1 0.4563564034606845 0.8362349236978108 0.05100129549649317 0.016497753246410694
1 0.6377470172757467 0.3490094334370435 0.03653827729789594 0.01000229139585782
1 0.5670573781653734 0.5245355389569305 0.03713905459579188 0.01937729139585791
0 0.5383004110188236 0.9854866757264057 0.04455103639719447 0.013263659090609536
1 0.6482887893318552 0.5994730835991993 0.03810077729789594 0.010029564934808199
1 0.5522415114156505 0.4139974594116257 0.04747577729789594 0.010193206168510115
1 0.3144576025655204 0.7438138242670037 0.05538840684754529 0.01189207386326192
1 0.5358178701458088 0.548236091716874 0.03966327729789594 0.01005683847375849
1 0.4268538803248417 0.5643229675293007 0.05382590684754529 0.011864800324311631
1 0.44757168877814485 0.8024502589251584 0.05060077729789594 0.010247753246411051
1 0.5685431277039481 0.6966287272685333 0.03673853639719447 0.01312729139585791
1 0.5617643106127715 0.28980598295057614 0.04435077729789576 0.010138659090609537
2 0.5216447486157241 0.5253071063273707 0.05070090684754529 0.011810253246410874
1 0.33524258097083715 0.32182973011120236 0.06838905459579188 0.019922762174864595
1 0.34399371067736995 0.6856700876596843 0.05548853639719455 0.013454573863261921
1 0.5122859423218891 0.3296127767820659 0.04767603639719446 0.013318206168510205
1 0.4717343861849378 0.4986258295420095 0.051101425046142526 0.018060253246410873
1 0.40930064466592764 0.30122294967239316 0.06057655459579188 0.01978639448011297
2 0.20306683837209275 0.10209215421934556 0.07337694324473978 0.02469208279171564
2 0.692130822028422 0.6964395868456101 0.028725777297895938 0.009865923701106106
1 0.5481176110465102 0.5515792800284768 0.03653827729789594 0.010002291395857909
1 0.5757266810631222 0.2916139448011292 0.041225777297895935 0.010084112012708868
0 0.5966747409007013 0.013543491879029873 0.04258801819859741 0.00698638555165918
