0 0.9049306384920645 0.39517300613519213 0.011878238741233105 0.03933528463973612
1 0.5852024359911425 0.7235203488381363 0.029405700184570095 0.06947742570596294
1 0.35091496452565607 0.3408429264973857 0.010015350092285047 0.034602320533113406
1 0.522445212827613 0.5594973012662765 0.021753886489479513 0.04742056927947225
1 0.6078041170542646 0.443452415610326 0.015203497840531632 0.04255121285298138
1 0.6034460865171662 0.49713134507721257 0.01550388648947969 0.04723871285298138
1 0.6531783713732013 0.36055499907556315 0.013140350092285046 0.03469324874635875
1 0.5114123735326697 0.3143211935861445 0.008252590992986341 0.03143185642649069
1 0.8397037615633088 0.5211611931239262 0.012378886489479868 0.04714778463973612
1 0.8539245527408653 0.6213885136570395 0.02195414558877822 0.05054556927947225
1 0.36663769894795245 0.4645077470304992 0.015704145588778216 0.05036371285298138
2 0.48579870912698525 0.45003973324044555 0.012078497840531633 0.042460284639736126
1 0.28825427822074656 0.36085389812585583 0.011778109191583752 0.03777278463973612
1 0.43012040561092757 0.40865020361527443 0.01197836829088228 0.040897784639736125
1 0.667150036240311 0.3960522298752333 0.010215609191583753 0.03772732053311341
1 0.3032970897563687 0.4252346468722146 0.01676599784053163 0.0425966769596041
1 0.3566013648947964 0.47825199828414033 0.014903109191583752 0.03786371285298138
1 0.4347158729143608 0.5046984895086517 0.017827850092285047 0.03482964106622681
1 0.7736257834625339 0.6338681301126601 0.022354663787375627 0.05679556927947225
1 0.25499929210040717 0.4503422954602888 0.021453497840531632 0.04273306927947225
1 0.5180766903100791 0.6373495166265404 0.02870479333702498 0.058539925705962934
2 0.18668219771133476 0.8444894490629279 0.03176923658176469 0.08202288981258547
1 0.9175889296696209 0.49535486256168293 0.01706638648947987 0.047284176959604095
2 0.66075223704319 0.27187894398185597 0.009614831893687637 0.028352320533113408
