1 0.2922816922033009 0.38573617700725193 0.039444445916316 0.012756865177646404
0 0.32059769827856865 0.13326399441842873 0.039389882213985136 0.011194365177646447
1 0.49669637369164665 0.3840152034763847 0.058467264427970275 0.021442660462916763
1 0.3125792570019401 0.787260135650923 0.03626488221398514 0.011048815963434678
1 0.4346750672457099 0.21686839888548945 0.05032738221398514 0.011703787427387447
1 0.27604653467675433 0.6719647754356753 0.033085318511654284 0.009340766749222951
1 0.32397062478795496 0.7960893260976292 0.040897818511654284 0.009704639784752089
1 0.38253214765344573 0.6826047148489242 0.04424107332097771 0.016100188998963993
1 0.3079091814035277 0.31793009284685214 0.03933531851165428 0.009631865177646404
1 0.5681397762392338 0.7503978746926683 0.06142857332097762 0.01690070967712849
2 0.43270330636111864 0.4743534131535131 0.04440476442797028 0.020787688998963993
1 0.43198899983036404 0.6288225893321955 0.05506944591631609 0.013484611248705036
1 0.29292649983036395 0.6352995293646169 0.03782738221398514 0.011121590570540718
1 0.49555053594269866 0.41682770347638465 0.05038194591631608 0.01326628742738727
1 0.37051581960796265 0.37897244665195906 0.04563988221398514 0.011485463606069857
1 0.3977454969199571 0.2692870775453712 0.04876488221398514 0.011631012820281584
1 0.5996601717848808 0.31682124131805683 0.06455357332097762 0.017046258891340215
1 0.4737102522774347 0.4615237733687608 0.05054563702330857 0.017953787427387447
1 0.4370881836809624 0.7955006670824545 0.053670637023308564 0.018099336641598997
1 0.5863442054501448 0.27376260008556247 0.05421627404661713 0.03372433664159917
1 0.4672246724178531 0.20053276943981935 0.05668650961864685 0.0151198858558109
2 0.8176164426666371 0.8877543637344136 0.08848214664195533 0.032200377997927986
2 0.19054557741251094 0.4177738891655798 0.031577382213985136 0.010830492142117265
1 0.4851140329474738 0.38065476302967854 0.050763891832631816 0.024203787427387446
