1 0.6969480062007438 0.5991881413673938 0.030124147642635178 0.010584672927693361
1 0.6377569809744654 0.349590047983465 0.0443321968568469 0.014282675893442943
1 0.5174165940851972 0.19341169075937162 0.050727746071058635 0.017662343878220542
1 0.6902314334128835 0.6893674723940333 0.03637414764263518 0.010839340912470874
1 0.6226329028099217 0.5103856265386464 0.036810795285270356 0.02021434091247105
0 0.6019456437136937 0.04947996003674353 0.0443321968568469 0.014282675893442953
1 0.7051499962759463 0.44044981132933786 0.03793664764263518 0.01090300790866543
1 0.6058885126108846 0.6196505385919249 0.04731164764263518 0.011285009885831698
1 0.37394488399378406 0.27723890961900166 0.055269696856846906 0.014728344866803767
1 0.5918173963997809 0.4849572036109529 0.03957192224974086 0.012529174904859807
1 0.4831679884180636 0.4625954308735398 0.053707196856846905 0.01466467787060921
1 0.5080437481379732 0.2265597717860109 0.05043664764263518 0.011412343878220543
1 0.6271276960282772 0.33901996250820143 0.0365196968568469 0.013964340912471052
1 0.6132365938758003 0.7439329555881192 0.04418664764263518 0.011157675893442942
2 0.5772476282028158 0.506976783649009 0.050509422249740865 0.012974843878220454
1 0.38734402791236555 0.6988592416342241 0.06806079528527036 0.02148768083635879
1 0.40245518176025363 0.3368831650562091 0.055269696856846906 0.014728344866803678
1 0.564469454091048 0.7013979457022875 0.047457196856846906 0.014410009885831698
1 0.5268859092200625 0.530657022774594 0.05080052067816432 0.019224843878220453
1 0.4610191224118475 0.7236947569572633 0.060248295285270356 0.0211693458553869
2 0.25136594830007974 0.9100938774900484 0.07296661910658786 0.026366181824942103
2 0.7506743579389361 0.3463934052075584 0.02856164764263518 0.010521005931499072
1 0.6041718471855692 0.482341539580508 0.03637414764263518 0.010839340912470874
1 0.6272263192686944 0.7429434585538688 0.04106164764263518 0.011030341901054185
