1 0.33692619448135747 0.3604046722321481 0.03185077729789594 0.009556807181592398
1 0.3494645697120702 0.2744262656162898 0.03507590684754529 0.011137487899751618
1 0.3712652143779978 0.5679399162802198 0.030488536397194555 0.012672716822512697
1 0.26968173041712673 0.5201114703385542 0.025500647748246584 0.007957945745273776
1 0.3892141779808032 0.5803308319712643 0.04006379549649317 0.01585225897699054
1 0.5344055644702829 0.5326286092950191 0.05100129549649317 0.015915891490547906
1 0.33426107187153853 0.3166864884889268 0.033413277297895935 0.009565897540671919
1 0.37368451727574664 0.33520013915285674 0.030188147748246585 0.007985216822512697
1 0.3179981169066064 0.47297284992524524 0.028725777297895938 0.009538626463433175
1 0.3028959461794005 0.5745853469001831 0.03038840684754529 0.011110216822512698
2 0.3522939713178281 0.5227546813073344 0.03850129549649317 0.015843168617910842
1 0.2786957850129186 0.5013160185431561 0.028926036397194554 0.012663626463433175
1 0.4359260965485408 0.4363626633533535 0.05130168414544123 0.020603391490547907
1 0.520727388962715 0.7217001996540988 0.05392603639719447 0.01280907220870695
1 0.40958483960871045 0.48181151873954786 0.04132590684754529 0.011173849336070064
1 0.4485424198043552 0.23948766335335353 0.04767603639719464 0.012772710772388507
1 0.37213011412882924 0.2375893409482548 0.03830103639719455 0.01271816861791084
1 0.43391871530084847 0.2239535669441497 0.042988536397194466 0.012745439695149675
1 0.3698843846437784 0.6382342355620605 0.03497577729789594 0.009574987899751619
2 0.6370568885012897 0.89283433538911 0.06380168414544123 0.020676114363184794
1 0.4191043322074548 0.6988626633533535 0.04425064774824659 0.008067030054229462
1 0.30122852637504527 0.33249784085005896 0.03175064774824658 0.007994307181592396
2 0.2838791425064593 0.24981715105671337 0.03165051819859723 0.006431807181592397
0 0.31261689544112 0.8494262656162899 0.03830103639719464 0.012718168617910664
