1 0.6195444813290184 0.35700193295906185 0.04078864123370209 0.012215776735205085
1 0.6852513019458694 0.36627837999285473 0.04385909415580134 0.009309298022528622
1 0.6727161201270884 0.45279503419989914 0.04396818831160267 0.015559298022528622
1 0.6554916639585782 0.4047727974414509 0.040761367694751624 0.010653276735205174
1 0.6673001428552598 0.32132651291257563 0.043913641233702096 0.012434298022528623
1 0.7158481059203335 0.7780735396477807 0.042351141233702094 0.01232503737886681
1 0.6550456047058129 0.3345149277632818 0.04865568831160268 0.015887079953513794
1 0.6122853603878557 0.2987523903844149 0.050163641233702094 0.012871340597175518
1 0.6427871124164506 0.392179962292157 0.04703864123370209 0.01265281930985207
1 0.6895684293798536 0.5242001406365164 0.039280688311602675 0.015231516091543362
1 0.5637616801906326 0.6480532678562542 0.059538641233702096 0.013526904459146038
2 0.6321183936660387 0.451516757464694 0.053315914772652385 0.014652361884499143
1 0.6911344780793123 0.7927316193491929 0.04388636769475163 0.010871798022528623
1 0.6532996927725343 0.5474137655104657 0.04703864123370209 0.012652819309851893
1 0.5930638019458694 0.3598320020168123 0.05337046185055314 0.017777361884498966
1 0.6322873579489284 0.8635250845682162 0.05021818831160267 0.01599634059717552
1 0.5592650949632849 0.6586629859252691 0.059565914772652384 0.015089404459146038
1 0.626651418015768 0.5853454542463854 0.050163641233702094 0.012871340597175518
0 0.7085972986994584 0.3179719199696116 0.047093188311602675 0.01577781930985207
1 0.6791570348997408 0.46416957677454607 0.040897735389503434 0.018465776735204997
1 0.7099842950460105 0.4421360396477808 0.039280688311602675 0.015231516091543362
1 0.7066956538123085 0.43254251836045726 0.03459318831160267 0.014903734160558102
