1 0.6866780365493542 0.2688622480044486 0.011468121018452493 0.03648353157003106
2 0.07886626557325405 0.22352152900978234 0.014866136803468067 0.0413530420933748
1 0.5457576339608706 0.23160371366240726 0.009723610495108836 0.03326752630835923
1 0.45354774715740265 0.19621151620853855 0.012939615756780754 0.03501203683170293
1 0.5149094523626048 0.25378182152668016 0.0134856473268119 0.044387036831702885
1 0.3898940418110261 0.2877157477220999 0.012287168373499214 0.050546031570031145
1 0.5449903364646497 0.3664792426016025 0.018537168373499214 0.05091005261671846
1 0.27375383134415215 0.23176812656247306 0.011923147326811722 0.04429603157003106
0 0.8941342207784562 0.23718179557125674 0.015412168373499213 0.0507280420933748
1 0.23529057082080848 0.23087275547343333 0.011832142065139984 0.042733531570031145
2 0.4994510523343698 0.28447037940507053 0.015321163111827296 0.0491655420933748
1 0.2424275076101591 0.2861139923192537 0.012196163111827297 0.048983531570031144
1 0.47670452609659775 0.20348568991429677 0.017900131541796326 0.03997255261671846
1 0.5583710260260106 0.2731996794615402 0.018446163111827295 0.04934755261671846
1 0.1689290944277446 0.3162634948795025 0.013667657850155468 0.04751203683170298
1 0.07777347340929208 0.2855132947947979 0.015321163111827341 0.0491655420933748
1 0.44198716282947864 0.32074107934860074 0.021662168373499213 0.051092063140062205
1 0.6947481417827912 0.2997482269577612 0.015776189420186527 0.0569780420933748
1 0.25341748649288454 0.3536732186417304 0.015776189420186527 0.0569780420933748
1 0.7455671891378379 0.310898558584262 0.017338689420186525 0.05706904735504663
1 0.31763961021276016 0.31230549502067684 0.02138915258848364 0.04640456314006221
1 0.11088762322576544 0.47720797113139196 0.02569722099021767 0.06689907366340578
1 0.8394206888554893 0.6033143007623414 0.03405575256024882 0.07672909997176518
