1 0.26567696184725775 0.48034213445498086 0.02823409415580134 0.007888094710093264
1 0.37791036038785575 0.2344997424604281 0.040761367694751714 0.010178636803468066
1 0.3040479407439394 0.39364650028234865 0.031359094155801334 0.00807010523343692
1 0.3780330913131323 0.24153099246042808 0.03922614123370209 0.011650131541796237
1 0.38422636444504554 0.4171302319370843 0.034511367694751716 0.009814615756780753
1 0.3221785576279122 0.2674634318806146 0.031359094155801334 0.00807010523343692
1 0.4908617426898088 0.7018398899284142 0.047093188311602675 0.01523015785015538
1 0.3612934249156268 0.4474015608621621 0.0376636412337021 0.01155912628012441
1 0.46098905640680093 0.7825662451618511 0.043913641233702096 0.011923147326811722
1 0.31499334902377 0.3038559581889739 0.032948867694751624 0.009723610495108836
1 0.6120398985373028 0.20678645320965075 0.05649546185055314 0.01733868942018655
1 0.38221167126217886 0.5705282477220999 0.03922614123370209 0.011650131541796328
2 0.6856323206102605 0.9282372480044486 0.06288182954530477 0.025515210466873838
1 0.5224548417168741 0.5404627741716335 0.05019091477265238 0.013849668373499213
2 0.4304234801112024 0.330760821456093 0.04388636769475163 0.010360647326811722
1 0.5654060008074836 0.5817556321064936 0.05021818831160267 0.015412168373499213
1 0.5250308222384088 0.24000774786327428 0.059565914772652384 0.014395699943530182
1 0.5495768547058129 0.2573471663073606 0.053315914772652385 0.01403167889684287
1 0.3246367248329013 0.6771114476656301 0.03763636769475163 0.00999662628012441
1 0.5041060365212986 0.6541458425733675 0.053315914772652385 0.01403167889684287
1 0.5782508741842782 0.5559820873822828 0.05646818831160268 0.015776189420186527
1 0.7121978112813603 0.12040236120098054 0.05970228246740419 0.022208199943530273
2 0.2522206136342667 0.29187116865584783 0.031359094155801334 0.00807010523343692
0 0.38636297767227507 0.8979630029837719 0.039307961850553144 0.01633763154179633
