2 0.7849587070469937 0.2945771676676275 0.03768185642649087 0.00843412628012441
1 0.7648411206787626 0.47496261768174486 0.03152278463973594 0.01119510523343692
1 0.7644128748353978 0.35520385452756525 0.04880121285298138 0.015321163111827296
1 0.7603939984171544 0.6546956203125809 0.034647784639736126 0.011377115756780753
1 0.6236715852476038 0.7813351730704736 0.056704641066226816 0.018901189420186527
1 0.7216163064138554 0.535050978247441 0.04402278463973595 0.0119231473268119
1 0.725389827263538 0.40536347824744096 0.04714778463973612 0.012105157850155424
1 0.7090755393250966 0.6970959519390817 0.04714778463973594 0.012105157850155378
1 0.714482104843645 0.6457609650932612 0.04402278463973612 0.0119231473268119
1 0.6982530142522719 0.47734489406069136 0.05036371285298138 0.015412168373499213
2 0.6677063932443048 0.6665138098739417 0.050272784639736126 0.012287168373499214
1 0.6490306010827214 0.6090807414722077 0.050318248746358665 0.013849668373499213
1 0.7217767454476535 0.3143744572007535 0.04558528463973612 0.01201415258848364
1 0.6371911452893689 0.3704886783321455 0.05661371285298138 0.015776189420186527
1 0.5202691035900038 0.6234933100151161 0.06286371285298138 0.016140210466874017
1 0.5828276249019048 0.8133895388978415 0.06125574874635866 0.014486705205202099
1 0.5573275197290554 0.8291209547110918 0.06139214106622681 0.019174205205202098
1 0.4962121072844205 0.1861984363658276 0.0691591769596041 0.018066731513561373
1 0.24099078054960796 0.5931408681758551 0.08496603338609487 0.025226784130279966
1 0.5562316841522471 0.7054104389260764 0.06295464106622681 0.019265210466874017
1 0.7848664641731297 0.5129099387143149 0.034647784639735946 0.011377115756780753
1 0.7858486394833812 0.6405267044993304 0.034647784639736126 0.011377115756780753
