1 0.5852001391528567 0.3850576493546722 0.01271816861791084 0.037718188311602674
1 0.30578080474570546 0.34384586282678303 0.012627265027114642 0.022093188311602674
1 0.485550117977422 0.32664690584749395 0.009556807181592398 0.03141364123370209
1 0.3086830909482548 0.3820725657488823 0.008012487899751619 0.034511367694751716
1 0.45743875351604146 0.32479407954860007 0.009556807181592398 0.03141364123370201
1 0.5866171934075828 0.4100303758157218 0.009629530054229462 0.043913641233702096
0 0.6917183047457055 0.337109298706049 0.008012487899751619 0.034511367694751625
1 0.175961494539051 0.3687658165596613 0.006440897540672008 0.032921594155801336
1 0.5166410366935287 0.3534451850684871 0.0064499878997516195 0.03448409415580134
1 0.32177798858712264 0.41387199066780445 0.009593168617910841 0.0376636412337021
1 0.5297404795119363 0.38446335998740927 0.0064590782588311415 0.03604659415580134
1 0.2839103499252452 0.3434464423720878 0.006422716822512697 0.029796594155801336
1 0.4010114915139889 0.35624467695081224 0.009565897540671919 0.03297614123370209
2 0.8386058985226306 0.6009245625057668 0.015970433645025393 0.05964773538950343
1 0.45660698566025637 0.46776282954860005 0.009647710772388508 0.04703864123370209
1 0.18980582592114015 0.40602035470910813 0.009593168617910841 0.03766364123370205
1 0.7233172418085765 0.545130304388092 0.01591589149054773 0.050272735389503255
1 0.4816751633533535 0.4556077029253946 0.009611349336070062 0.04078864123370209
1 0.17049222365820388 0.5032226371765123 0.01279089149054773 0.05021818831160267
1 0.5987353983262389 0.47543718750411906 0.012754530054229284 0.04396818831160267
2 0.446746172330344 0.4171588575517773 0.012745439695149584 0.04240568831160267
1 0.6237626694034777 0.4703133108809137 0.009656801131468029 0.04860114123370209
1 0.16902517242853982 0.4868436607154626 0.011219301131468119 0.04862841477265238
2 0.1536279522863774 0.3136925328744412 0.009556807181592398 0.03141364123370209
