0 0.28125 0.34765625 0.0109375 0.03828125
1 0.3609375 0.41328125 0.0140625 0.0359375
1 0.3890625 0.4890625 0.01015625 0.0359375
1 0.5125 0.31953125 0.0078125 0.03203125
1 0.796875 0.4 0.01015625 0.03359375
1 0.4953125 0.32734375 0.009375 0.02734375
1 0.6859375 0.4015625 0.0078125 0.034375
1 0.4046875 0.4109375 0.01015625 0.0359375
1 0.78125 0.34921875 0.00703125 0.02734375
1 0.76953125 0.3875 0.009375 0.034375
1 0.3625 0.453125 0.01484375 0.0375
1 0.84375 0.50625 0.00859375 0.0484375
1 0.253125 0.55078125 0.009375 0.05234375
1 0.6921875 0.4328125 0.009375 0.0375
2 0.48125 0.4140625 0.00859375 0.0359375
1 0.51875 0.4828125 0.01171875 0.04453125
1 0.578125 0.3640625 0.0109375 0.03203125
1 0.853125 0.4203125 0.01171875 0.03984375
1 0.4984375 0.46875 0.015625 0.03984375
2 0.1328125 0.603125 0.0171875 0.0578125
1 0.4328125 0.37109375 0.01171875 0.0375
1 0.38828125 0.50859375 0.0203125 0.02421875
2 0.8484375 0.3171875 0.0109375 0.0328125
1 0.8390625 0.496875 0.009375 0.04609375
