0 0.3633078262101389 0.08858542831943239 0.03955382293077854 0.0125636439408634
1 0.6836967328142881 0.4023780217915555 0.0700601944820761 0.030612013335919563
1 0.29612041044933646 0.6432727993814785 0.034784435775648784 0.010618506667959693
1 0.5184535131174414 0.4679865305855472 0.04785764586155707 0.02257637272903601
1 0.4045757988476616 0.38471125816577184 0.04284259724103805 0.01594373545613248
1 0.45807261307201286 0.3881234295273804 0.04753009724103805 0.01632637272903601
1 0.3228621313893786 0.3408174790780368 0.034948210085908295 0.013743506667959782
1 0.27338667458283067 0.4833237145341693 0.03157754862051902 0.008800915152690792
1 0.48758412991904054 0.1515641761934005 0.04736632293077854 0.013201372729036053
1 0.5879935656946893 0.13558874770479024 0.050982645861557076 0.022831464244305134
1 0.41996734622498516 0.6253841845283502 0.050655097241038005 0.016581464244305087
2 0.4083039071699761 0.5065384607411474 0.042678822930778536 0.01281873545613248
1 0.3146380370890166 0.705549658774595 0.03799132293077854 0.012436098183228949
1 0.36567599389556454 0.5629158775608281 0.041116322930778534 0.012691189698497852
1 0.3586325350528517 0.3262289495312597 0.03790943577564878 0.01087359818322886
1 0.3792737471749249 0.689382782711579 0.042924484396167716 0.01750623545613248
1 0.4334566361390769 0.6351737727096394 0.03815509724103805 0.01556109818322895
1 0.4616878567404347 0.5566343134663041 0.035193871551297565 0.018431006667959694
1 0.5985791836279422 0.21562706300726217 0.057232645861557074 0.023341647274843245
1 0.4032158582107728 0.737214504831792 0.043170145861557076 0.0221937354561323
1 0.5960871901866629 0.4709842427038204 0.0591226944820761 0.029719193032477876
2 0.7951776289029877 0.79856788239262 0.08264208163720585 0.033194879396995704
1 0.4636353748306579 0.07417249983082212 0.04761198439616763 0.017888872729036054
2 0.23449567220798145 0.3348063372632053 0.02853443577564878 0.010108323637421712
