1 0.48054421204645237 0.30328604392146674 0.0098840773392725 0.04451527454580724
0 0.7601953493793615 0.27733035330488487 0.01293635200509069 0.03852036606107632
1 0.48515898671227065 0.29665340664856316 0.009847714672181596 0.04139027454580724
2 0.10816013470717996 0.28989193423848614 0.011337489337999784 0.03526782030344169
1 0.12949078938572486 0.3757338393892372 0.009884077339272457 0.04451527454580724
1 0.3942441800604518 0.41355360634900074 0.014553396005727049 0.04333541181871077
1 0.16684643340226954 0.4946752869636429 0.011592028007636035 0.057142820303441685
2 0.4265021493873157 0.36321889543867547 0.009884077339272324 0.04451527454580724
1 0.5341964707192703 0.3442619881618925 0.017642033338636055 0.040465503333979844
1 0.288502162714816 0.3314741721105146 0.008230670671545237 0.03657522878817261
1 0.5946254407224519 0.3627889764929629 0.016134077339272503 0.04502545757634539
1 0.15469078405472475 0.3908806072670846 0.013009077339272456 0.044770366061076226
1 0.24860386871417967 0.33003908893019523 0.008285214672181596 0.0412627287881727
1 0.2890657840547248 0.3799116721105146 0.009829533338636055 0.039827774545807236
1 0.5464419320496341 0.32136662210081623 0.012972714672181595 0.041645366061076314
1 0.5780742873965425 0.4188794798269428 0.008357940006363408 0.04751272878817261
1 0.6649021253978151 0.4211756902782261 0.009884077339272324 0.04451527454580724
1 0.4788828093968608 0.42932238543673584 0.009847714672181596 0.04139027454580706
1 0.4939169160566338 0.37726567786039045 0.013009077339272502 0.04477036606107632
1 0.19353620273708766 0.5034445090838557 0.011519302673454223 0.05089282030344187
1 0.7633952640833599 0.5523303533048849 0.014789753341817757 0.06364791181871077
1 0.38727711207031495 0.4868475851371734 0.011610209341181487 0.05870532030344187
2 0.8899401300922685 0.6076879198153048 0.01806020401018138 0.07640300333398002
1 0.4218237400540884 0.3643827827115791 0.012990896005726959 0.043207866061076315
