1 0.45478386909709145 0.6094873720559975 0.015122255447881728 0.037645450668363625
1 0.7376945580851126 0.6588355807606321 0.01402964901126431 0.022020450668363622
1 0.5589904038780682 0.6708072274029059 0.011560212873234655 0.03135908800127254
1 0.7318926723154002 0.6205179680935411 0.010216234160558103 0.03446590666772718
1 0.5872792948435609 0.6734782414067239 0.011560212873234655 0.03135908800127254
1 0.4514731987985037 0.584469190722452 0.012434298022528623 0.043859088001272716
0 0.35175705808511265 0.6543447913749072 0.010216234160558191 0.03446590666772735
1 0.8657977787520175 0.6376883814449039 0.00854447351689629 0.03288522533418181
1 0.5258283426139879 0.6430998507319969 0.008653734160558101 0.03444772533418181
1 0.7163715791203347 0.5883321767584049 0.011997255447881727 0.037609088001272536
1 0.5103618797407532 0.6116953093968608 0.008762994804219914 0.036010225334181814
1 0.7596241884069436 0.6598713694302683 0.00832595222957302 0.029760225334181812
1 0.6413987122921571 0.6436640194143599 0.011669473516896466 0.03292158800127254
2 0.18469061834078682 0.38621131468808995 0.01977690445914595 0.05955681333545435
1 0.5772819459485121 0.5305094914067239 0.01265281930985207 0.04698408800127254
1 0.8491130233041358 0.6000247494429949 0.011997255447881727 0.037609088001272536
1 0.304358262156271 0.4453692333704529 0.019121340597175518 0.05018181333545435
1 0.5531014007759751 0.5419373400699967 0.012215776735204997 0.04073408800127272
1 0.8610888633971083 0.5033679254455403 0.01599634059717552 0.05014545066836362
1 0.4343842517647108 0.5186987400540884 0.015559298022528622 0.043895450668363624
2 0.5909891668675185 0.5814089200747693 0.01545003737886681 0.04233295066836362
1 0.40971203369569603 0.5230953387173614 0.012762079953513705 0.04854658800127254
1 0.8637986001555564 0.5197923567790858 0.014324579953513706 0.048564769334818084
2 0.8923327816020091 0.6934207607813129 0.011560212873234832 0.03135908800127254
