1 0.5148742193911027 0.24706381401728347 0.008958505931498984 0.028170451795398056
1 0.5207116784020819 0.4478586995559029 0.009595175893442942 0.04379545179539814
1 0.5039340607978652 0.2854177868899204 0.007396005931499161 0.028161361436318443
1 0.4185894684025195 0.24293537110068 0.007396005931499161 0.028161361436318443
2 0.5629269891999471 0.7359626875538503 0.01893568380210837 0.08134090359079611
1 0.6070908942959624 0.28559907319066563 0.009276840912471052 0.03598295179539805
1 0.40106638737588024 0.25397741023009557 0.008831171939110228 0.025045451795398056
1 0.5718537312541008 0.30299565144949686 0.010839340912470874 0.03599204215447767
1 0.64745590912471 0.3556934045727548 0.007778007908665429 0.037536361436318444
1 0.3564833992388783 0.3105001210024841 0.009213173916276674 0.03442045179539814
0 0.9065934871855997 0.32917985978599845 0.01246550790866543 0.03756363251355736
1 0.7082713923187961 0.2756331998504905 0.009149506920082295 0.032857951795398146
1 0.3333880919382352 0.43410124746591716 0.011157675893442942 0.04380454215447784
2 0.43607274015134934 0.3459831030485032 0.009404174904859808 0.039107951795398055
1 0.5628262411399325 0.34993428396305415 0.009404174904859808 0.039107951795398145
1 0.3338390780980708 0.368458066747758 0.011030341901054185 0.040679542154477666
0 0.06958557710948761 0.36530683743221337 0.014282675893442964 0.04382272287263689
1 0.4077050010257642 0.39772286505055576 0.011157675893442942 0.04380454215447775
1 0.49382157315515496 0.3440842597625574 0.01090300790866543 0.03755454215447766
1 0.34257740813612686 0.3527785245932803 0.01090300790866543 0.03755454215447766
1 0.8570192515200559 0.39745313681516564 0.009658842889637498 0.045357951795398144
1 0.6552126482874762 0.6994797660090732 0.01998884783255317 0.06884999394987582
1 0.3914963636870651 0.5369126300776704 0.017662343878220455 0.050090903590796286
2 0.3747930474519924 0.22287285597536943 0.010839340912471051 0.03599204215447767
1 0.5726402984405755 0.2264104255517978 0.010839340912471051 0.03599204215447767
