1 0.6439459474800822 0.5148757151638484 0.04402278463973595 0.011923147326811722
0 0.6389328723946223 0.7947452256871922 0.03786371285298138 0.01468412628012441
1 0.6500595551602142 0.5199272362105358 0.040897784639736125 0.011741136803468066
2 0.6985164048562804 0.14554886249066024 0.03469324874635884 0.012939615756780664
1 0.6104253714701855 0.16076506783703667 0.04402278463973612 0.011923147326811767
1 0.5433669374509524 0.4213693678935064 0.0425966769596041 0.016519642065139804
1 0.4875046970178639 0.18960415742663245 0.056568248746358664 0.014213689420186571
2 0.5900684412118761 0.4569575283744978 0.04402278463973595 0.011923147326811722
1 0.5970876678549111 0.5653615625753649 0.03956260517284953 0.019462631541796328
1 0.6370380325946721 0.32196017307047364 0.03616482053311341 0.009905621018452493
1 0.5718997997499379 0.6241527336502871 0.04420464106622681 0.0181731473268119
1 0.5925104457642225 0.18476400995864634 0.04411371285298138 0.015048147326811766
1 0.6428848673135504 0.2823894388554892 0.040852320533113405 0.010178636803468066
1 0.588600532594672 0.31913900995864636 0.03933528463973612 0.011650131541796149
1 0.6185989550019297 0.5791356362387707 0.04098871285298138 0.014866136803468067
1 0.5177124049227874 0.6037800494917723 0.047102320533113404 0.010542657850155379
1 0.5058141470052286 0.6899527679217413 0.04402278463973595 0.011923147326811722
1 0.5182556256933276 0.5044247915992646 0.040897784639736125 0.011741136803468066
1 0.5685822346271008 0.5230074626035996 0.04411371285298138 0.0150481473268119
1 0.47579430720527827 0.21552962059492947 0.050318248746358665 0.013849668373499213
1 0.36393287239462235 0.7787282996329468 0.0629091769596041 0.017702710466874015
1 0.4709380079840658 0.4093251232257654 0.05813074874635884 0.014304694681858443
2 0.2946480118114965 0.9006873286427289 0.07550010517284952 0.021555752560248463
1 0.5894235835317442 0.45222452574366195 0.04255121285298138 0.014957142065139806
