1 0.3844469881039185 0.4954555089424151 0.03782738221398514 0.011778109191583752
1 0.2888616695922642 0.48153510641380654 0.03146825480932343 0.008252590992986341
0 0.364427087748948 0.056092620293467156 0.04429563702330856 0.01842862739018099
1 0.29983139672677345 0.3715488371354751 0.03470238221398514 0.011577850092285047
1 0.3733581767638403 0.3341675555186425 0.04407738221398514 0.012178627390180986
1 0.4767361479078998 0.303376235345147 0.045694445916316086 0.013841256939830338
1 0.6445461852013608 0.44352727328350106 0.05388889183263199 0.025279404688076924
1 0.3444420361971527 0.5552520111018835 0.04095238221398514 0.01197836829088228
1 0.3852530638719669 0.6747925555186425 0.04563988221398514 0.012278756939830337
1 0.5177977237607662 0.8095656785898868 0.05668650961864685 0.016104663787375274
1 0.6968106119652011 0.7571182063492081 0.06940476442797028 0.023155700184570093
1 0.5385789605139223 0.7126801866094513 0.05205357332097762 0.01736677513842757
1 0.2869965800292177 0.4058039211886312 0.034647818511654285 0.010015350092285047
1 0.3722768264010206 0.32552374074381785 0.044131945916315994 0.013741127390180985
1 0.5312178390997103 0.6358172979605033 0.05054563702330857 0.01882914558877822
2 0.4212004544386545 0.4541586829088235 0.04407738221398514 0.012178627390180986
1 0.5060069856568477 0.3379910672388348 0.04725694591631609 0.01394138648947969
1 0.32742569490482565 0.759950003082319 0.03782738221398514 0.011778109191583752
1 0.7329688559747514 0.8327084916666685 0.06935020072563951 0.021593200184570095
1 0.5002679725796398 0.8879514944444458 0.05377976442797028 0.022154404688076924
1 0.24905761432745382 0.5694065437984502 0.03470238221398514 0.011577850092285047
2 0.22744796523842767 0.3747053130767816 0.03313988221398514 0.011477720542635694
1 0.6307465800292177 0.42783242211148187 0.05835813702330857 0.019329793337024802
