1 0.32526633092513946 0.6011428531859344 0.008830792553055567 0.044113873035529313
1 0.2761391531134728 0.6409716406133218 0.010393292553055567 0.04418664764263518
1 0.1666355601235769 0.5733368385036259 0.012064895326597247 0.048946922249740864
1 0.33616876975472276 0.6663312055432993 0.00872168977951393 0.039426373035529136
1 0.40684494566652835 0.6786813482235357 0.011883057370694417 0.041134422249740864
1 0.17586508975885465 0.5666501908609908 0.01991376291777782 0.05087329528527036
1 0.519780703550313 0.658561439208361 0.010320557370694417 0.04106164764263518
1 0.6387118882958338 0.6272129317647629 0.015153527735416717 0.04752997146395259
1 0.7812637174180214 0.6698455798216828 0.01028418977951393 0.03949914764263518
1 0.42748475398715335 0.6917977783311595 0.010393292553055567 0.04418664764263518
2 0.436567506836945 0.6116008560814186 0.010393292553055744 0.04418664764263518
1 0.8027568577106254 0.6524204853222008 0.01348192496187508 0.04276969685684691
1 0.649067506836945 0.6017035095150219 0.012028527735416716 0.04738442224974104
1 0.6965769800514587 0.5259736093911874 0.01697060087368065 0.058540246071058635
1 0.33291452355444495 0.5601175928468521 0.013845600873680652 0.05839469685684691
1 0.8835152420193062 0.5939123184491433 0.012028527735416716 0.04738442224974086
1 0.709549105526424 0.5120737752307877 0.018569468464861315 0.06017552067816432
0 0.29921428362243113 0.6915152961138398 0.013518292553055566 0.0443321968568469
1 0.3302460780753478 0.6806848039717226 0.012064895326597203 0.048946922249741044
1 0.3672732993900006 0.6586257134011821 0.012028527735416716 0.04738442224974104
1 0.3685455118709381 0.6796830760976291 0.012028527735416716 0.04738442224974104
1 0.4025211215783339 0.6945246720448532 0.010393292553055567 0.04418664764263518
