0 0.769546875 0.31210185185185185 0.009864583333333335 0.02975925925925926
0 0.006510416666666667 0.4027777777777778 0.011979166666666667 0.040740740740740744
1 0.28239583333333335 0.3652407407407407 0.007500000000000001 0.038175925925925926
1 0.42899479166666665 0.3170555555555556 0.005901041666666666 0.03255555555555555
1 0.3111979166666667 0.29212962962962963 0.005729166666666666 0.028703703703703703
1 0.2734375 0.39861111111111114 0.008333333333333333 0.041666666666666664
1 0.45598958333333334 0.26944444444444443 0.0067708333333333336 0.027777777777777776
1 0.5872395833333334 0.3148148148148148 0.0067708333333333336 0.03518518518518519
1 0.32369791666666664 0.2935185185185185 0.005729166666666666 0.02962962962962963
1 0.25703125 0.5111111111111111 0.008854166666666666 0.04814814814814815
1 0.6794270833333333 0.26342592592592595 0.0078125 0.028703703703703703
1 0.5450520833333333 0.3773148148148148 0.008854166666666666 0.03796296296296296
1 0.8190104166666666 0.40046296296296297 0.0140625 0.03981481481481482
1 0.69609375 0.36064814814814816 0.008854166666666666 0.03796296296296296
1 0.621875 0.3814814814814815 0.008333333333333333 0.03888888888888889
1 0.3294270833333333 0.4666666666666667 0.011979166666666667 0.04814814814814815
2 0.38203125 0.375 0.0078125 0.03888888888888889
1 0.28359375 0.663425925925926 0.015104166666666667 0.05648148148148148
1 0.6296875 0.6101851851851852 0.01875 0.05925925925925926
1 0.5236979166666667 0.5078703703703704 0.011979166666666667 0.05092592592592592
2 0.30391145833333333 0.24501851851851852 0.0098125 0.035527777777777776
1 0.2843333333333333 0.3508703703703704 0.0068125 0.03811111111111111
1 0.5480833333333333 0.23614814814814813 0.0076302083333333335 0.02988888888888889
1 0.4311510416666666 0.30174999999999996 0.007588541666666667 0.03415740740740741
