1 0.44586816005843544 0.7960660947043697 0.010848219962933215 0.04262414764263518
1 0.5322694515282477 0.8133499480951919 0.010357146641955417 0.02856164764263518
1 0.6353200404583219 0.7713508467712844 0.007777783665263982 0.04404109842842345
1 0.5495387970817439 0.8164942187733564 0.010684528855940557 0.03793664764263518
1 0.4560244100584354 0.7965391296505577 0.010739092558271324 0.03949914764263518
1 0.4406995104212551 0.8044051335794993 0.016607146641955416 0.028852746071058633
1 0.7377282778444502 0.8002999462331651 0.009340283665263982 0.04411387303552914
2 0.7547347285700896 0.8182515796077766 0.010684528855940557 0.03793664764263518
1 0.7548140849233591 0.7535169915184354 0.009340283665263982 0.044113873035529313
1 0.5272347219466677 0.7585168988809803 0.009340283665263982 0.044113873035529313
1 0.572192557881517 0.7504711124870501 0.010957347367594749 0.04574914764263518
1 0.19724214318339434 0.6004110306029619 0.014573420688572546 0.0599571968568469
1 0.44673620089527544 0.6869094185256873 0.012683538474587409 0.050509422249741046
1 0.663514473127794 0.6853063389134015 0.011230165879249122 0.05356164764263518
1 0.26510425497895945 0.6675300641014079 0.012901793283910834 0.056759422249741044
1 0.805669712876175 0.556990901981352 0.021150802902557685 0.06962329528527036
1 0.22540434871835718 0.6251220862273144 0.014573420688572546 0.0599571968568469
2 0.3915229112395617 0.7139770326698764 0.012683538474587409 0.050509422249740865
1 0.3962054328391081 0.5800386803125116 0.017698420688572546 0.06010274607105863
1 0.7050520877489479 0.06559746050118875 0.02411211179556503 0.065081344499482
1 0.3047818246717401 0.5976199784932661 0.01780754809323426 0.06322774607105863
1 0.3376736479078998 0.28872016749223006 0.024821439925866252 0.085393844499482
1 0.4542262970817439 0.812054967739899 0.007450401451278843 0.034666098428423456
