1 0.38994668134596894 0.4504432608762795 0.03793664764263518 0.01155912628012441
1 0.29427030831043965 0.4481820818382623 0.03154109842842345 0.00807010523343692
0 0.364809516749223 0.011653776661295091 0.04447774607105863 0.018173147326811776
1 0.30394706120592374 0.3363800318523798 0.03481164764263518 0.011377115756780753
1 0.3769821468140656 0.289824279292131 0.04418664764263518 0.011923147326811812
1 0.479923056243525 0.24622692676011715 0.04582192224974087 0.01357665258848364
1 0.6492445986333112 0.36640437691540895 0.054143844499482084 0.02496917889684287
1 0.35067016563020326 0.5154004029414194 0.04106164764263518 0.011741136803468066
1 0.39284701116314247 0.630449279292131 0.04574914764263518 0.01201415258848364
1 0.526866754338717 0.7495493478350393 0.05683219685684691 0.015776189420186527
1 0.7051329954473768 0.6749302374811049 0.06962329528527036 0.02275423151356133
1 0.546500704091048 0.6497012662791258 0.05221747146395259 0.017065673635170954
1 0.2915219898658056 0.3723553292074264 0.03473887303552932 0.009814615756780665
1 0.3758006364749834 0.2812760319229669 0.04425942224974104 0.013485647326811723
1 0.5382472483428609 0.5734117820641413 0.050727746071058635 0.018537168373499214
2 0.4261902423470049 0.40446363196531926 0.04418664764263518 0.011923147326811722
1 0.509576322992748 0.2774013320500238 0.04738442224974104 0.013667657850155468
1 0.3360576637681764 0.7230609844973331 0.03793664764263518 0.011559126280124232
1 0.7421471519813521 0.7464111243551601 0.06955052067816432 0.021191731513561508
1 0.5102657593011157 0.8304199162367734 0.05399829528527036 0.021844178896842693
1 0.2555224855225794 0.5413097265342381 0.03481164764263518 0.011377115756780753
2 0.23165468424145308 0.34842427652012076 0.03324914764263518 0.011286110495108836
1 0.6352719898658055 0.3523341716396196 0.058540246071058635 0.01899219468185844
