1 0.20637474501990308 0.42395056553881966 0.04256950197716636 0.01035692496187508
1 0.18959181022921157 0.5095789410137849 0.02850700197716636 0.010029616641249994
1 0.2322011214841873 0.6153574687492016 0.044004667984777514 0.007268292553055567
1 0.18654772327107322 0.5267118896270141 0.03788200197716636 0.010247822188333445
1 0.20596090954463953 0.43410681553881963 0.039444501977166355 0.01028418977951393
1 0.19800382950658343 0.41828179378732655 0.02876166996194396 0.01627961664125017
1 0.2038440167315519 0.7163562710859029 0.04406833498097198 0.008830792553055744
2 0.18598801327151077 0.7323624775829168 0.03788200197716636 0.010247822188333445
1 0.25073626277721917 0.7362154826169099 0.04406833498097198 0.008830792553055567
1 0.24440664422160033 0.5077268067051044 0.04406833498097198 0.008830792553055567
1 0.25271655133196297 0.553275696047778 0.04569450197716627 0.010429660144236052
1 0.4006181294300338 0.18605444129812537 0.059884335969555204 0.013881968464861139
1 0.3155587440313199 0.43118379692145864 0.05044566897336074 0.012101262917777689
1 0.3184277815602995 0.6486440538553128 0.05350700197716636 0.010611498100139016
1 0.3338816155898693 0.2501883700597225 0.05669566897336074 0.012246733282499988
1 0.4475993339180267 0.798664850492431 0.06951400395433271 0.02035017401194459
1 0.3760664569966319 0.212852677430417 0.059884335969555204 0.013881968464861139
2 0.288163255894318 0.374242812689028 0.05044566897336074 0.012101262917777866
1 0.42215625391715167 0.3867454255305559 0.06001166996194383 0.01700696846486114
1 0.9385055182144267 0.7264177889407646 0.06495383794672165 0.023366071238402952
1 0.4040376066926207 0.29404877925402817 0.06313666996194382 0.017079703647222288
1 0.7131924307991777 0.3450359298989589 0.08526633794672148 0.02383884992375007
1 0.1904314100389311 0.4313993896270141 0.034629667984777554 0.007050087005972294
