0 0.6572529870110613 0.25846965427686774 0.037718188311602674 0.013809528855940556
1 0.5930189374975285 0.34044882977476365 0.03618296185055314 0.0153174651536097
1 0.5177286111986346 0.37122016933781016 0.036101141233702096 0.0106299651536097
1 0.6894144707757115 0.4887375076349123 0.031359094155801334 0.00734127404661713
1 0.6139095048646734 0.7759225383049514 0.034538641233702094 0.010575401451278842
1 0.6813019618472578 0.47182282614656657 0.028288641233702096 0.010357146641955417
1 0.6104105835991993 0.6650396020072822 0.034511367694751625 0.009012901451278843
1 0.596126346588138 0.3841169842212674 0.036101141233702096 0.0106299651536097
1 0.66441801947517 0.7585242179791986 0.02823409415580134 0.007232146641955417
1 0.6259322179330424 0.7481422786863046 0.034538641233702094 0.010575401451278842
1 0.5532024610364789 0.3434027041842005 0.03777273538950343 0.016934528855940555
1 0.5084777110331836 0.8265078700634497 0.04860114123370209 0.01106647477225664
1 0.4536370633099551 0.23743793557987897 0.0532886412337021 0.011230165879249122
1 0.5792696777550006 0.6723808760538994 0.0376636412337021 0.010684528855940557
2 0.5943377499967047 0.4607886116259291 0.036101141233702096 0.010629965153609788
1 0.5262423149315129 0.5006894145284868 0.043940914772652384 0.012465283665263982
1 0.6460287094116258 0.5559175731513417 0.03144091477265239 0.01202877404661713
1 0.5945788522668856 0.8328818664352525 0.04084318831160268 0.013918656260602092
1 0.5399502589251585 0.479885841207509 0.040897735389503434 0.017043656260602093
2 0.3991932508107789 0.11895331960796263 0.058112508928453724 0.01920635698624169
1 0.6364610202892441 0.41085060981183047 0.037718188311602674 0.013809528855940556
1 0.49818372442915954 0.37112096561694585 0.0253545560063543 0.021185519237293705
2 0.6976220316500347 0.824593162081416 0.03300341477265238 0.012083337748947898
1 0.5177708904163325 0.8214929878494643 0.04703864123370209 0.011011911069925873
