0 0.14811455396721346 0.6401622275802247 0.011194365177646404 0.03982777454580706
1 0.47376510152879536 0.3297497256233707 0.028202082712657627 0.07079073212215255
1 0.701460031841307 0.7234671300252156 0.009413541356328815 0.03501272878817261
1 0.5336774106678045 0.49652250850412755 0.02093323821317572 0.04840554909161447
1 0.44623953080784967 0.6076835359248728 0.01446491439185813 0.043207866061076315
1 0.45154130686269756 0.5544150147130453 0.01468323821317572 0.04789536606107632
1 0.399388109591566 0.6879132988017502 0.012538541356328902 0.03526782030344187
1 0.5404155239834241 0.741452371231224 0.007705492142117265 0.03176018303053816
1 0.21558453618453316 0.5180318781890478 0.01155823821317572 0.047640274545807236
1 0.20311446132975827 0.41739414940087516 0.022641287427387448 0.05165809484924897
1 0.6878983378799443 0.599391901237043 0.014828787427387446 0.051020366061076315
2 0.5684227458616615 0.6075396278991837 0.01133991439185813 0.04295277454580706
1 0.764503687341825 0.7068215060882317 0.01112159057054054 0.03826527454580706
1 0.6234034983428609 0.651719933658758 0.011267139784752444 0.04139027454580724
1 0.3860319309316842 0.6518004556194914 0.009559090570540541 0.038137728788172606
1 0.7505824284504848 0.6418661857847898 0.01602741439185813 0.04333541181871077
1 0.6981808664159915 0.5862222215404846 0.014246590570540719 0.03852036606107632
1 0.6204903600058508 0.5557537294163926 0.01722604135632899 0.0356504575763454
1 0.28367310256225264 0.409182778797871 0.0213698858558109 0.05778054909161447
1 0.7993452601296852 0.619385150029095 0.02071491439185813 0.043718049091614475
1 0.5394136803125116 0.4191627830499348 0.02769266046291676 0.059853232122152634
2 0.8746105099247974 0.23016289548716712 0.030419554176610575 0.08498077787978708
1 0.13720697911243857 0.5396520445496865 0.01624573821317572 0.04802291181871077
2 0.39025501219659986 0.7758916598618567 0.00912244292790545 0.02876272878817261
