1 0.5680387386219111 0.3463273630239013 0.009720445337363515 0.029960284639736122
1 0.31982795794877505 0.38677755212420634 0.013009077339272502 0.04411371285298147
1 0.16694731126673035 0.4956487837818063 0.016206802673454222 0.05045464106622681
1 0.6585364692870931 0.35990178120801686 0.009793170671545327 0.03621028463973612
1 0.4812830786123662 0.41413933715965384 0.019168170671545325 0.036483069279472244
0 0.020354669279138857 0.3999461757059629 0.013009077339272451 0.04411371285298147
1 0.4088455519573656 0.32606502414838784 0.00981135200509069 0.03777278463973612
1 0.5911847899427298 0.43921955667655277 0.009920440006363407 0.04714778463973594
1 0.2550729252466858 0.6459192199126104 0.013136346674090582 0.05505121285298138
1 0.4567188832750027 0.44312214350700235 0.011392033338636054 0.03938074874635866
1 0.43749562126036706 0.5504118062808414 0.013118165340545218 0.05348871285298138
1 0.20041379193191222 0.507563762074194 0.009956802673454224 0.050272784639736126
1 0.3095535292807297 0.3966382854311589 0.012918170671545237 0.03630121285298147
1 0.7154217212762755 0.44127145315305594 0.009884077339272324 0.04402278463973595
2 0.47919331993954817 0.4594063730530312 0.011519302673454135 0.050318248746358665
1 0.676875199912504 0.6644445287007343 0.019531797342454027 0.06773306927947224
1 0.3139666672501856 0.621842873910961 0.013136346674090582 0.05505121285298138
1 0.674251281269912 0.48696438638086637 0.013045440006363406 0.04723871285298138
1 0.5043745859325485 0.5117190308123054 0.017769302673454133 0.05050010517284953
1 0.6995956319223672 0.5924247761934518 0.019440890674726853 0.059920569279472244
2 0.892362745226005 0.816857789521287 0.02427384134309065 0.0725569615993404
2 0.31333360463081983 0.273268981591093 0.009702264003817972 0.028397784639736124
1 0.4537393339433663 0.43053121529375693 0.009793170671545327 0.03621028463973612
1 0.7140228532781844 0.4271634890464333 0.009847714672181596 0.040897784639736125
0 0.9921842159452752 0.4321311000252706 0.006740896005727137 0.04236935642649087
