1 0.3243601707733905 0.384375 0.009340283665263982 0.04375
1 0.27305064191745 0.346875 0.010902783665263982 0.04375
1 0.1677753540758348 0.41953125 0.012628974772256552 0.0484375
1 0.3314434952754946 0.31875 0.009176592558271413 0.0390625
1 0.401210358252186 0.303125 0.01079365626060227 0.040625
1 0.1773686088851582 0.42578125 0.02049603847458741 0.05
1 0.5150099634243291 0.31796875 0.01079365626060227 0.040625
1 0.6354415145127883 0.34375 0.015699411069925694 0.046875
1 0.7751290078893663 0.29453125 0.010739092558271324 0.0390625
1 0.42103178493120835 0.2890625 0.010902783665263982 0.04375
2 0.434752033750082 0.36875 0.010902783665263982 0.04375
1 0.7975769267638403 0.3109375 0.013973219962933037 0.0421875
1 0.647252033750082 0.36875 0.012574411069925694 0.046875
1 0.6990352777596321 0.4421875 0.0176438569862416 0.0578125
1 0.3343725770339928 0.425 0.014518856986241691 0.0578125
1 0.8815179063454203 0.365625 0.012574411069925873 0.046875
1 0.7127803192294444 0.45546875 0.019260920688572547 0.059375
0 0.2931250397405317 0.2953125 0.014027783665263981 0.04375
1 0.3247024219545169 0.3046875 0.014191474772256551 0.0484375
1 0.362911750084818 0.325 0.012574411069925694 0.046875
1 0.36295639010335146 0.30390625 0.011011911069925695 0.046875
1 0.3959772212288775 0.2875 0.010902783665263982 0.04375
