2 0.2484375 0.21359494699770853 0.00625 0.03764547036472221
1 0.4296875 0.23265733757465315 0.009375 0.031468205547083364
1 0.31015625 0.23378146684934054 0.0125 0.04872844072944442
1 0.609375 0.23605836056041718 0.009375 0.03459320554708336
1 0.74375 0.3719984734019451 0.015625 0.05661367591180557
1 0.4921875 0.27551829122187543 0.009375 0.04396820554708327
1 0.3625 0.27249978115388923 0.009375 0.047093205547083274
1 0.6546875 0.28711302070465333 0.009375 0.047093205547083364
1 0.603125 0.28200664019569494 0.009375 0.04396820554708327
1 0.4359375 0.29920905793937536 0.0125 0.05029094072944442
2 0.6265625 0.32864590406340327 0.009375 0.05021820554708327
1 0.5703125 0.3476491707809033 0.0109375 0.05025457313826394
1 0.271875 0.2766404608654169 0.009375 0.04553070554708336
1 0.3328125 0.36087129692145864 0.0125 0.05654094072944442
1 0.5921875 0.4762833170574311 0.0125 0.06279094072944442
1 0.778125 0.41264231040791727 0.0109375 0.061192073138263935
1 0.7953125 0.4380423539109034 0.015625 0.061301175911805575
1 0.15703125 0.5028736929136459 0.0140625 0.06907730832062509
1 0.578125 0.755643508736806 0.0203125 0.08484777868534721
1 0.671875 0.43985681420763945 0.015625 0.06286367591180557
1 0.46640625 0.2124182259673962 0.009375 0.03459320554708336
1 0.59375 0.2106946846486116 0.009375 0.03459320554708336
