0 0.704584093346748 0.3811325692686944 0.01246550790866543 0.03800942224974095
1 0.6222225795065834 0.4430460643062957 0.015526840912471052 0.036592471463952767
1 0.5910097301911554 0.5175173713783903 0.010839340912471051 0.03637414764263518
1 0.4744800992782469 0.3422369274170275 0.009085839923887918 0.031613873035529316
1 0.18682624897423578 0.4094606989237614 0.010775673916276585 0.03481164764263518
1 0.49134926429727505 0.350849948095192 0.01052100593149916 0.02856164764263518
1 0.2977000819780414 0.41619019602827734 0.009213173916276674 0.03473887303552932
1 0.578568080000875 0.4386646253073317 0.010839340912470874 0.03637414764263518
1 0.20452042635055348 0.35940719499482005 0.007396005931498984 0.028416098428423454
1 0.21467933494379093 0.39823425454811395 0.010775673916276674 0.03481164764263518
1 0.6190365711036264 0.4828170396991898 0.01715300790866543 0.03822774607105863
1 0.13562189323301715 0.5135274607105857 0.011348676882026166 0.04887414764263518
1 0.724432383841477 0.5855675121965997 0.011539677870609211 0.05356164764263518
1 0.29017674205415356 0.4471490975998539 0.01090300790866543 0.03793664764263518
2 0.5018782460084863 0.43822366955914466 0.010839340912471051 0.03637414764263518
1 0.46157689817593306 0.5052270789886041 0.014282675893442943 0.0443321968568469
1 0.4070405898867067 0.3837116439185815 0.012210839923887917 0.03175942224974104
1 0.1297485780237087 0.4271533130679506 0.014155341901054186 0.04120719685684691
1 0.4824624011416826 0.49211064888098016 0.017280341901054187 0.041352746071058634
2 0.8426120394689649 0.6435149069437509 0.019543178859192524 0.05861302067816432
1 0.552066588403832 0.39751093237942625 0.01402800790866543 0.038082196856846905
1 0.5909951427387256 0.5370850086819432 0.021331171939110227 0.025946069892376043
2 0.13863809977253855 0.3242466368892682 0.012274506920082206 0.033321922249741044
1 0.1406913952101835 0.5043707845319033 0.011285009885831743 0.04731164764263518
