1 0.27884866794997615 0.5011313145888892 0.02858002630835923 0.008467116641250171
1 0.4797664258424839 0.5081483000555906 0.04420502630835923 0.008830792553055567
1 0.317857960043351 0.5145223205728128 0.0284890210466874 0.006904616641249995
1 0.2797579915427949 0.5971159618153474 0.0284890210466874 0.006904616641249995
2 0.7662730732398829 0.48438937062840337 0.08216005261671847 0.01751611474138883
1 0.31263286277300895 0.411415504368403 0.03639252630835923 0.00864895459715278
1 0.29174205205202114 0.6153392849536112 0.02545502630835923 0.008394381458888845
1 0.3319134837914614 0.44775304787138914 0.03648353157003115 0.01021145459715278
1 0.3807612364928845 0.3755520459715281 0.0378640210466874 0.007122822188333355
1 0.3507222099021766 0.6635235182361113 0.03483002630835923 0.008612587005972294
0 0.3406088604245217 0.11481391451263918 0.038137036831702886 0.011810322188333356
1 0.2973425207643387 0.30963479882131967 0.03326752630835923 0.00857621941479172
1 0.4757978046122699 0.6945215579393753 0.04429603157003115 0.010393292553055567
2 0.38210944681858416 0.5862349728332642 0.03951752630835923 0.008721689779513753
1 0.37942552062316437 0.4597815756068059 0.03951752630835923 0.00872168977951393
1 0.40999079408892614 0.6898691191097919 0.041171031570031144 0.010320557370694417
0 0.4206831833114687 0.9538225163362505 0.0444780420933748 0.013518292553055745
1 0.4354465494211852 0.6179038533422225 0.04429603157003115 0.010393292553055567
1 0.3771797521367257 0.5283861052420835 0.03804603157003115 0.010247822188333445
1 0.3938197625188951 0.6801304431979863 0.03804603157003115 0.010247822188333445
1 0.4116262866905286 0.16873965472899338 0.04576752630835923 0.008867160144236141
1 0.7248752575395719 0.38980291603125056 0.06975105787839038 0.01878767401194459
1 0.5757831230845911 0.6430155689572921 0.05091005261671846 0.01678876291777769
2 0.26194813623877067 0.6396119331300001 0.03648353157003115 0.01021145459715278
1 0.2551234706372818 0.44206478590354187 0.03648353157003115 0.01021145459715278
