1 0.6895100111182898 0.6060808945735496 0.009611349336070062 0.04073408800127254
1 0.6852043061996337 0.6717604385741861 0.006504530054229285 0.043822725334181814
1 0.5976224929679171 0.658716093252731 0.012754530054229284 0.043895450668363624
1 0.6444020441975812 0.6417644032463676 0.008048849336070063 0.040715906667727175
1 0.7288543122497579 0.6540638612349137 0.009629530054229285 0.043859088001272716
2 0.026129288049261096 0.7309954613303637 0.011182939695149673 0.04231476933481808
1 0.27518441158582796 0.6999705386298654 0.009620439695149674 0.042296588001272714
1 0.714719089377121 0.6417274932368227 0.01278180113146803 0.04858295066836362
1 0.7472861496819713 0.5991581852323683 0.009665891490547907 0.050109088001272714
1 0.6560480713249441 0.6291280432447769 0.009647710772388508 0.04698408800127254
1 0.5274008965587134 0.6751592532622761 0.01272725897699054 0.03920795066836362
1 0.3938429871141847 0.5485796666136388 0.009720433645025483 0.05948408800127254
2 0.595823643631847 0.6181092745862764 0.01124657220870695 0.05325226933481808
1 0.2586327158405541 0.6751614426320925 0.008067030054229285 0.04384090666772735
1 0.5014060231203423 0.6387404952657759 0.009647710772388508 0.04698408800127254
1 0.6846679750139362 0.579572938574186 0.01437157220870695 0.05328863200190899
1 0.1832827370159888 0.6158778966422739 0.012790891490547773 0.05014545066836362
1 0.38287821603694583 0.5440194359484569 0.011282933645025483 0.05950226933481808
1 0.461403191836449 0.6118603692711847 0.009665891490547729 0.05010908800127254
0 0.7353452067653679 0.6953973859007319 0.012772710772388507 0.04702045066836362
1 0.5867213544042357 0.665093362587549 0.015861349336070064 0.04080681333545435
1 0.611121911585828 0.6960615519175948 0.01272725897699054 0.03920795066836362
1 0.6204787308676687 0.692827463916322 0.01269998789975162 0.03452045066836362
