1 0.8280857132982635 0.6146342915150708 0.013440738741233105 0.039891294191141215
0 0.8216075709486879 0.7279747411001523 0.014802979641934399 0.03688469336130425
1 0.6020169617571041 0.749017256447492 0.009815090992986341 0.03184199585081515
1 0.6304003824843101 0.6491123448297742 0.015303627390180985 0.04469719336130425
1 0.6589073118493892 0.7187862274031978 0.011778109191583752 0.038210395020978186
1 0.7951428053709841 0.6019324593565658 0.018628886489479513 0.048058991701630305
1 0.6916673519472116 0.5995868641258062 0.021753886489479513 0.04829579004195637
1 0.288855627703948 0.7111565232447241 0.0116779796419344 0.036647895020978184
1 0.1484704595976358 0.6722571987598889 0.011978368290882368 0.04133539502097818
1 0.5842868460871155 0.6581787688950466 0.012178627390180986 0.044460395020978184
1 0.29650624383536206 0.6285216219999686 0.011778109191583752 0.038210395020978186
1 0.4032952668143214 0.5424083684754837 0.01676599784053163 0.04325309253146727
1 0.1875515484311539 0.6014244805034755 0.012378886489479601 0.04758539502097818
1 0.6222665098744911 0.6045335506386331 0.012278756939830337 0.046022895020978186
1 0.7145529418604639 0.5487231037528439 0.01882914558877822 0.05118399170163031
2 0.572266509874491 0.6007447771934163 0.01550388648947969 0.04782219336130424
1 0.17573027375415162 0.4796319908764376 0.017266645588778263 0.05106559253146727
1 0.138534255094129 0.6558034045687477 0.01510336829088237 0.041572193361304244
1 0.708354204198965 0.6087017549975995 0.02019138648947951 0.04817739087179333
1 0.1637926758213349 0.555661694610704 0.01922966378737554 0.057433991701630306
1 0.45317415330380095 0.4990853435803745 0.016304922886674157 0.06032219336130425
2 0.0784883405315611 0.14725535352912936 0.036656995681063356 0.08674298340326048
1 0.32689704581026024 0.7423007020838812 0.012839961443337078 0.030516294191141213
2 0.5370847717515668 0.831236837981297 0.01127746144333699 0.030397895020978182
