0 0.7126816375835494 0.3811325692686944 0.011592064934808022 0.03800942224974095
1 0.6318486489476351 0.4430460643062957 0.01468979139585791 0.036592471463952767
1 0.6024008823085436 0.5175173713783903 0.010002291395857909 0.03637414764263518
1 0.4819225612846555 0.3422369274170275 0.008357970779006862 0.031613873035529316
1 0.19614297402871297 0.4094606989237614 0.009975017856907442 0.03481164764263518
1 0.4989736935899038 0.350849948095192 0.009865923701106106 0.02856164764263518
1 0.30705320048976265 0.41619019602827734 0.008412517856907442 0.03473887303552932
1 0.5881395592560607 0.4386646253073317 0.010002291395857909 0.03637414764263518
1 0.21265436404459903 0.35940719499482005 0.006740923701106105 0.028416098428423454
1 0.2237049123403157 0.39823425454811395 0.009975017856907442 0.03481164764263518
1 0.6295906737044014 0.4828170396991898 0.0162795649348082 0.03822774607105863
1 0.14741337338008983 0.5135274607105857 0.010220479707460539 0.04887414764263518
1 0.7372610775200051 0.5855675121965997 0.01030230032431163 0.05356164764263518
1 0.30025772971075587 0.4471490975998539 0.010029564934808199 0.03793664764263518
2 0.5115225121781599 0.43822366955914466 0.010002291395857909 0.03637414764263518
1 0.472822476464345 0.5052270789886041 0.013263659090609536 0.0443321968568469
1 0.41552026542457077 0.3837116439185815 0.011482970779006863 0.03175942224974104
1 0.13953841802235853 0.4271533130679506 0.013209112012708867 0.04120719685684691
1 0.493380438314898 0.49211064888098016 0.016334112012708957 0.041352746071058634
2 0.8566599139651687 0.6435149069437509 0.01819662094116268 0.05861302067816432
1 0.5607100344992942 0.39751093237942625 0.0131545649348082 0.038082196856846905
1 0.6028412130716644 0.5370850086819432 0.020748876623205348 0.025946069892376043
2 0.146025971593081 0.3242466368892682 0.011510244317957153 0.033321922249741044
1 0.1522645146137919 0.5043707845319033 0.010193206168510206 0.04731164764263518
