2 0.7686372947564959 0.6705730594366316 0.029796588001272717 0.009720445337363515
1 0.6042395347708134 0.7741145880808145 0.04385908800127254 0.009884077339272324
1 0.7051827747453601 0.5878145560948138 0.03132272533418181 0.006613626670908879
1 0.6905919213876339 0.40798160542645023 0.03760908800127272 0.00981135200509069
1 0.6531731900461342 0.3473980940881323 0.03920795066836362 0.012954533338636142
1 0.6441180054105419 0.5761679840865415 0.03760908800127272 0.00981135200509069
1 0.514377603437268 0.7715066614019515 0.04702045066836362 0.013045440006363406
1 0.7131839893777707 0.33559807542963194 0.031340906667727354 0.00817612667090888
1 0.6801811327179976 0.3859884267584049 0.03452045066836362 0.012899989337999785
1 0.7147203120623609 0.4676293254296319 0.03448408800127254 0.009774989337999784
1 0.6707510413749072 0.3140134294239049 0.037609088001272536 0.00981135200509069
1 0.6676464120782691 0.5842532040897231 0.037645450668363625 0.01293635200509069
1 0.7258134480824052 0.6153946634309045 0.03448408800127254 0.009774989337999784
1 0.6398817546944533 0.21210548408654145 0.04387726933481808 0.011446577339272502
2 0.6366311273869976 0.40266684941913244 0.04542158800127272 0.009902258672817865
1 0.5972771787078163 0.31003390674726905 0.04391363200190916 0.014571577339272501
1 0.5178185874044967 0.5301731367361332 0.059520450668363624 0.013190890674726851
1 0.5590088507717679 0.7806185794079965 0.05795795066836362 0.013172709341181487
1 0.6834725014321773 0.7359793360916321 0.04073408800127272 0.009847714672181596
1 0.6043475280871778 0.6491327694143599 0.04698408800127272 0.009920440006363407
1 0.5479215213637714 0.23056403540736023 0.05635908800127254 0.010029528007636035
1 0.4351429947485418 0.6081066853914519 0.06271817600254544 0.019477253341817758
