1 0.6727770290722705 0.6415126551702258 0.009584078258831142 0.036647895020978184
2 0.07012018256487096 0.767683484853153 0.012736349336070063 0.041572193361304244
1 0.5347593994855796 0.6973034817296534 0.00800339754067192 0.033404495850815154
1 0.44515199882164963 0.7447364340140272 0.011137487899751618 0.03520379419114121
1 0.5026099748175445 0.6794181647179954 0.012754530054229284 0.04469719336130425
1 0.37589293871319107 0.6624459975012004 0.011228391490547728 0.05082879419114121
1 0.5253838786047325 0.5635796771655499 0.015915891490547906 0.05118399170163031
1 0.26375655307637574 0.733470737752938 0.009629530054229285 0.044460395020978184
0 0.8814844085607658 0.6452376159534621 0.012790891490547907 0.050947193361304245
1 0.225493483794535 0.7394965174219321 0.009620439695149762 0.04289789502097818
2 0.48524975799503184 0.6510330555897885 0.011219301131468028 0.049266294191141216
1 0.2290770260472086 0.6837317694965245 0.009656801131468207 0.04914789502097818
1 0.4677582518467117 0.7344258960466634 0.01585225897699054 0.040246491701630305
1 0.5446702097904298 0.6543463871235937 0.01590680113146803 0.049621491701630306
1 0.15392703512239486 0.6636336796643497 0.011210210772388507 0.047703794191141215
1 0.06507361338122605 0.7063199323636421 0.012781801131468162 0.049384693361304244
1 0.42568386045435985 0.6227197240559835 0.019040891490547728 0.05142079004195636
1 0.6788452218906784 0.6097890584895737 0.01282725292686635 0.057197193361304244
1 0.2357128454272452 0.6152302232307909 0.012827252926866173 0.057197193361304244
1 0.7287634086589618 0.5919377850443569 0.01438975292686635 0.05731559253146727
1 0.302337264045156 0.6476982584988624 0.020576120413308897 0.04685168921211939
1 0.08582595403489328 0.5116935939813597 0.022256795081343927 0.06728258838228243
1 0.8035987404338343 0.2892612257063687 0.031686337235821684 0.07736798340326052
