1 0.8301984869227923 0.5940619335123412 0.03157738221398532 0.011012743102595124
1 0.8310814298438831 0.6416772399347763 0.04095238221398532 0.011504066033373662
1 0.7820585649682752 0.28740914178922716 0.04563988221398514 0.011749727498762751
1 0.6680903896400153 0.8647418464480685 0.05405258293962447 0.02934666327441171
1 0.8168651624206881 0.6588680619610436 0.04424107332097762 0.016355340343632997
1 0.8184499658714 0.5256018605815627 0.042460318511654195 0.010023453188503239
1 0.8187302188666248 0.48896499773669244 0.048764882213984964 0.011913501809022264
1 0.7762500529873757 0.43371093170331887 0.04407738221398514 0.011667840343633173
1 0.7756548306621898 0.5506527702379296 0.03492063702330839 0.017426517412854635
1 0.7406349568009072 0.30707318860072386 0.04887400961864685 0.015038501809022265
1 0.7781994773041452 0.5788596573930593 0.04596726442797028 0.021124727498762753
1 0.7879712921876024 0.5013897546340974 0.044186509618646855 0.014792840343632995
1 0.7120660789329094 0.8288353239468315 0.05668650961864685 0.015447937584671223
1 0.7028373787554241 0.6092221867917016 0.053506945916316086 0.013721663274411534
1 0.612886990550989 0.6684533446390463 0.06466270072563951 0.020544873360319828
1 0.6496677718540005 0.8731342005865116 0.060193455534962935 0.02654921189493038
1 0.6858507422802698 0.3907621138609231 0.056795637023308566 0.018572937584671045
1 0.5677033990890262 0.2231474886915809 0.06789682813030104 0.023833647670579338
2 0.7306002802067029 0.6449892684289074 0.05356150961864685 0.015284163274411533
1 0.6990353108767421 0.7236565010160528 0.05517857332097762 0.01692855042954129
1 0.33447430307219367 0.7349636567156909 0.09495040145127884 0.039288229307785014
2 0.8172148149682752 0.2892516027796466 0.04407738221398523 0.011667840343632996
