1 0.45315539636232155 0.8187650056787475 0.00955680718159222 0.03141364123370209
1 0.4054946011827818 0.8171519127407623 0.009611349336070062 0.04078864123370209
1 0.7576247277444107 0.7865833457740639 0.009638620413308985 0.0454761412337021
1 0.17246795686356364 0.6420080422066368 0.026871572208706996 0.05358865016215582
1 0.3874394927715254 0.8019945170428333 0.014317030054229286 0.04399546185055314
1 0.5210696042078439 0.8105764046230874 0.008057939695149762 0.042323867694751625
1 0.5577974445669235 0.8127798327884204 0.009656801131468207 0.04860114123370209
1 0.6106860952308535 0.7730821331127319 0.009629530054229285 0.043913641233702096
1 0.4934713241536146 0.7663491176914564 0.01582498789975162 0.03464773538950343
1 0.7355042880492612 0.7440140162287591 0.01278180113146803 0.04865568831160268
1 0.46535541451269424 0.7674206939903503 0.019013620413308986 0.04563978246740419
1 0.5435531373853312 0.7812843709378674 0.012754530054229463 0.04396818831160267
1 0.21101282727687254 0.68798874391092 0.014389752926866173 0.05649546185055314
1 0.4305349869177929 0.6902581761334428 0.01124657220870695 0.053315914772652385
1 0.36593615573209554 0.5969524610364789 0.017560204722264317 0.06436250892845372
1 0.16298387255460822 0.6230944009729347 0.023782933645025484 0.05978410308425523
1 0.6484491947633153 0.6846878348170152 0.01595225292686635 0.056522735389503434
1 0.8095134389095827 0.5750106460983755 0.020703385440423716 0.0675420560063543
2 0.3963145230221464 0.7162206582765354 0.012809072208707039 0.053343188311602674
1 0.3156457851223949 0.6804410710205928 0.01438066256778665 0.054932961850553144
1 0.2830498910977643 0.31428423701106123 0.034920421544777015 0.09435001785690744
2 0.7578292608237022 0.8217395957740639 0.009629530054229285 0.043913641233702096
