0 0.402119868274991 0.7450938153612728 0.03844719336130424 0.015341580083912554
1 0.4617065105966768 0.6703790805081199 0.037003092531467274 0.016785680913749525
1 0.5353565755337424 0.6479964402610265 0.036647895020978184 0.012098180913749524
1 0.35647179109086347 0.5117126302983384 0.031723596680652125 0.008617983403260431
1 0.4153918921211931 0.23343518756173412 0.03508539502097818 0.011979781743586493
1 0.3655866819626567 0.5294921261491534 0.028835395020978184 0.011506185062934549
1 0.4253607332027678 0.34449108673189716 0.034966995850815155 0.010417281743586493
1 0.45604758383211214 0.6264514817528753 0.036647895020978184 0.012098180913749524
1 0.3657946338228234 0.24521221453143588 0.028598596680652122 0.00838118506293437
1 0.404963877599046 0.25983174420043 0.03508539502097818 0.011979781743586493
1 0.5014318614265137 0.671835759347277 0.0386839917016303 0.018466580083912554
1 0.5180899170163024 0.19461133113281975 0.04914789502097818 0.013045374275053723
1 0.6073760533379254 0.788610707482466 0.053835395020978186 0.013400571785542858
1 0.45613713652211574 0.3406090701351577 0.038210395020978186 0.012216580083912553
2 0.453371024494124 0.5501257800932013 0.036647895020978184 0.012098180913749701
1 0.5192794444102115 0.5178353435803744 0.04457879419114121 0.014252676764564676
1 0.39603027594401646 0.4494620066479846 0.032078794191141215 0.013305483403260432
1 0.4314420219953242 0.17872437677385347 0.041572193361304244 0.015578378424238615
1 0.5067561336223306 0.5370822510489072 0.041808991701630306 0.018703378424238616
2 0.6688365394404784 0.9128895796829273 0.059114890871793335 0.021568269296031773
1 0.41407264876917765 0.5953073029137183 0.03844719336130424 0.015341580083912554
1 0.554947025118824 0.6502576798880643 0.026539189212119396 0.02220688672260849
2 0.3286722195058133 0.17559753154309388 0.033641294191141216 0.013423882573423506
1 0.5090701145267914 0.1985884361118416 0.04758539502097818 0.012926975104890737
