1 0.36562064041962783 0.36617704597152806 0.0376636412337021 0.010247822188333356
1 0.26622243262626455 0.5325449687492017 0.028288641233702096 0.010029616641249994
1 0.2695911201270884 0.4123597553183336 0.025109094155801336 0.006831881458888844
1 0.2550201055165918 0.42763926320211826 0.02823409415580134 0.006904616641249995
1 0.3453626874975285 0.3688292672861809 0.04078864123370209 0.010320557370694417
1 0.28598946184725776 0.5017677474345488 0.028261367694751717 0.008467116641249994
1 0.27304695129395096 0.699823387727153 0.029851141233702094 0.010065984232430658
1 0.30067134496328496 0.6270586881639932 0.03448409415580134 0.007050087005972117
1 0.4619167621715693 0.5589659176467713 0.043913641233702096 0.010393292553055744
1 0.3631634366834543 0.7175395242200351 0.04078864123370209 0.010320557370694417
1 0.35717471509366866 0.5534042890376739 0.036101141233702005 0.01021145459715278
0 0.34545160551329646 0.9107985617390975 0.036101141233702096 0.01021145459715278
1 0.4407368319743462 0.9114544848011115 0.04396818831160267 0.013518292553055745
0 0.36474038433384315 0.09204921494947947 0.04084318831160268 0.013445557370694482
1 0.45457404626382647 0.3619999986688198 0.043913641233702096 0.010393292553055567
1 0.34070600973593734 0.6389235617390975 0.037718188311602674 0.013372822188333444
2 0.3526587646072013 0.4736440538553127 0.03922614123370209 0.010284189779513753
1 0.4191916996723931 0.43770786027607667 0.04547614123370205 0.010429660144236052
1 0.6338115328711458 0.34040102165458386 0.058139782467404186 0.020095600873680654
1 0.6040163076246169 0.7809344494662505 0.06277273538950343 0.017079703647222288
2 0.23490247442915946 0.39359091831236126 0.02823409415580134 0.006904616641249995
1 0.30404003246410877 0.5068734747331252 0.03144091477265239 0.011664851823611145
1 0.32422802718910304 0.36599455480524334 0.03141364123370209 0.010102351823611144
1 0.24028326988220705 0.6123772859035419 0.025109094155801336 0.006831881458888844
