1 0.6778167889684287 0.5425412451254408 0.03841005261671846 0.0162795649348082
1 0.7386100758001316 0.5545287763750288 0.034921031570031145 0.009975017856907442
1 0.7452325311465081 0.46723332791715644 0.03005152104668731 0.006768197240056395
1 0.7286651993788329 0.6651799042160503 0.03786402104668731 0.006904564934808022
1 0.6633286257154271 0.6421866891190863 0.034921031570031145 0.009975017856907442
1 0.6500389414157379 0.7356094066516823 0.04613154735504672 0.014853432629560005
1 0.7090374259130711 0.435383310060249 0.041171031570031144 0.010084112012708956
1 0.6674113680346807 0.41748669804754013 0.039790542093374806 0.013181838473758489
1 0.6026802810759209 0.5388883652558244 0.04751203683170289 0.011755706168510117
1 0.7314639756871921 0.6730333145244758 0.041171031570031144 0.010084112012708956
1 0.6957547178652715 0.595925343745469 0.03648353157003115 0.010002291395857909
1 0.6001490023484873 0.3078292800284768 0.050546031570031145 0.010247753246410873
2 0.6673651363799451 0.49709237743068907 0.04429603157003115 0.010138659090609537
1 0.6338524992941282 0.7524968977232285 0.050637036831702883 0.011810253246410874
1 0.7056364940324565 0.7521889805149441 0.03969953683170289 0.011619338473758489
1 0.6617536312594476 0.34714692450858975 0.04429603157003115 0.010138659090609537
1 0.6997380206231644 0.4633173952875965 0.039790542093374806 0.013181838473758489
1 0.6718034654461971 0.3722969289728166 0.04108002630835923 0.00852161201270878
1 0.5674539545699175 0.7380701590873142 0.05688703683170289 0.01191934740221221
1 0.6295165258848362 0.4636525860348312 0.0444780420933748 0.013263659090609536
1 0.5163934415569124 0.584990023535655 0.05872255261671846 0.016634120941162678
2 0.20624156570031094 0.09725464975511869 0.08564907366340586 0.02334777110331836
2 0.7992198940606914 0.7241651663909149 0.038137036831702886 0.011592064934808199
