2 0.3826008124341905 0.7372825706472345 0.01110409997176518 0.03034306386197052
1 0.2674855046969745 0.5790326640944015 0.011923147326811812 0.04440556386197052
1 0.4609918519673165 0.6690463868549933 0.00807010523343692 0.0316870425746469
1 0.6399513098739418 0.6439814128338938 0.01155912628012441 0.03815556386197052
1 0.6979689362246534 0.603056128052917 0.014775131541796327 0.03993658514929379
1 0.4683801467621144 0.6073440623493612 0.01155912628012441 0.03815556386197052
1 0.2638152021508432 0.48907965345073984 0.015230157850155468 0.04774908514929379
1 0.7139726387990194 0.662338292903623 0.00963260523343692 0.03179630321830871
1 0.6612347756730748 0.6322955138226295 0.014502115756780754 0.03524908514929379
1 0.5819413887990195 0.6715708172930397 0.011377115756780753 0.03503056386197052
1 0.7326092467338795 0.6186757742141896 0.01155912628012441 0.038155563861970346
1 0.4619327256871921 0.6313278655676697 0.014684126280124232 0.03837408514929379
1 0.43483117036905056 0.6912709481190736 0.011377115756780753 0.03503056386197052
1 0.8324426467621144 0.5818863323761769 0.0134856473268119 0.044514824505632156
2 0.641499128346263 0.5897473809029086 0.01201415258848364 0.04596806386197052
1 0.7314569994353027 0.5450197529268662 0.0166106473268119 0.044733345792955605
1 0.5055854731975306 0.4784488840050017 0.01595819994353036 0.06024908514929379
1 0.2578151021084909 0.5342118369908793 0.015867194681858442 0.05868658514929379
1 0.3111892730422388 0.655988648002858 0.013303636803468067 0.04138982450563215
1 0.39257650995864635 0.5718543126014627 0.012105157850155469 0.04753056386197052
1 0.8075420863234755 0.49106459042194855 0.012651189420186882 0.05690556386197034
1 0.4218104416980866 0.4003727965099193 0.02239021046687384 0.06381112772394086
