1 0.566931474400147 0.23358325648952646 0.01207849784053181 0.042351141233702004
1 0.4818450755721663 0.21880196184725778 0.011177331893687636 0.028288641233702005
1 0.3741536890826867 0.263849634737585 0.009053627390180985 0.04385909415580134
1 0.4648077698966403 0.21615820291880405 0.011778109191583752 0.03766364123370207
1 0.556775224400147 0.23340597848634922 0.011878238741233105 0.03922614123370209
1 0.5729509369232184 0.22508496387585267 0.017427331893687815 0.02839773538950343
1 0.27414319710225116 0.2378581047058129 0.010616127390180984 0.04388636769475172
2 0.25883837214839367 0.2203842325468343 0.011778109191583752 0.03766364123370201
1 0.25233924583794687 0.28518707223840883 0.010616127390180984 0.04388636769475163
1 0.4814655413344401 0.27354400892515846 0.010616127390180984 0.04388636769475172
1 0.43550219926171946 0.2829093262955986 0.01227875693983016 0.0454761412337021
1 0.7973036875415271 0.4221856550268292 0.016304922886674334 0.05959318831160267
1 0.5552349059246946 0.34287643587267547 0.014141645588778218 0.05019091477265238
1 0.3372964343023247 0.3508041639585782 0.012779404688076923 0.0532886412337021
1 0.7357839990771493 0.3569776663909149 0.014542163787375629 0.05644091477265238
1 0.18176022825765842 0.48339670129724616 0.023155700184570093 0.06907728246740419
1 0.771461880786267 0.39827086809519824 0.016304922886674157 0.05959318831160267
2 0.6133873673680317 0.3141707832748877 0.014141645588778218 0.05019091477265238
1 0.5954012260981901 0.44838214204118565 0.019429922886674333 0.05964773538950343
1 0.23411355876707018 0.9700668354292186 0.025980311535622212 0.05986632914156296
1 0.6889905397932805 0.4281162808392557 0.019630181985972862 0.0627727353895033
1 0.6253147594130656 0.7382901217486462 0.027281995681063265 0.08475682954530477
1 0.5601202698966403 0.21782188879477477 0.008452850092285047 0.03448409415580134
