1 0.5349611566904331 0.7635331897707884 0.007396005931499161 0.028379667984777514
1 0.7692804654739509 0.6568679901885304 0.009467841901054186 0.040943334980972065
1 0.6177126482874762 0.7271274575652856 0.007523339923887917 0.03150466798477751
1 0.762249215473951 0.6565814887056556 0.01096667490485963 0.03944450197716627
1 0.5863406314815622 0.6462939516337866 0.009213173916276674 0.03469333498097207
1 0.7418849773369491 0.7119083172608369 0.007523339923887917 0.03150466798477751
1 0.29157727672892675 0.5328893903416297 0.012847509885831698 0.047320668973360826
1 0.558389386424478 0.6685536122041903 0.01090300790866543 0.03788200197716627
1 0.2139443666528146 0.560924207033813 0.011157675893442942 0.04413200197716627
1 0.706265812317921 0.718256476348366 0.009149506920082118 0.033130834980972065
1 0.7737929160447923 0.42306599315427984 0.016354511862998144 0.05682300296574958
1 0.4334066324701453 0.6447420860067362 0.01096667490485963 0.03944450197716627
2 0.046309903193211 0.3325870069200822 0.024421679847775657 0.06339133794672147
1 0.44955160281265016 0.5050084239534577 0.012974843878220454 0.05044566897336082
2 0.6679925380976333 0.6020438859301865 0.009595175893442942 0.04406833498097207
1 0.4040825939154016 0.46103824806001475 0.014537343878220454 0.05050933596955502
1 0.7492332678316782 0.5094199872227808 0.013356845855386901 0.05982066897336082
1 0.7294964293906652 0.48443723326844806 0.014664677870609388 0.053634335969555025
1 0.33270097832553225 0.6999150642579064 0.009340507908665429 0.03781833498097207
1 0.3378792737631772 0.5207369002274614 0.0131021778706093 0.053570668973360824
1 0.4285414244477492 0.448775669999125 0.014792011862997967 0.05675933596955503
1 0.8501233112921568 0.32478234345829105 0.021169345855386722 0.06013900395433271
2 0.7244374921656966 0.7813931463103099 0.009085839923887918 0.03156833498097189
0 0.10612654946633977 0.632966350304011 0.01565417490485981 0.03963550296574958
