1 0.3347827035806562 0.38021520492285343 0.011778109191583752 0.03804603157003115
1 0.5100911890826867 0.28770002318341314 0.011177331893687636 0.028671031570031147
1 0.38942823565891405 0.28616136803468073 0.007852072794389108 0.0253640210466874
1 0.4060044663805826 0.27222767065139925 0.008052331893687814 0.0284890210466874
1 0.3392093877260973 0.36008471544619713 0.011978368290882368 0.041171031570031144
1 0.4775395049372455 0.30619241794997615 0.009614831893687814 0.02858002630835923
1 0.6770283652085635 0.301343836182301 0.01127746144333699 0.03023353157003115
1 0.601738468540051 0.3259728388837241 0.008452850092285047 0.034739021046687316
1 0.5194499953765216 0.4842865968468191 0.012178627390180986 0.04429603157003115
1 0.6868959161037275 0.3920976387990195 0.011978368290882457 0.04117103157003106
1 0.523033675203026 0.3794170863234753 0.0116779796419344 0.03648353157003115
0 0.8819976650239931 0.3822885412463288 0.0116779796419344 0.03648353157003115
1 0.8743272624953846 0.47751003598465697 0.015303627390181162 0.0444780420933748
0 0.06031362970653283 0.3681500314994439 0.015103368290882347 0.0413530420933748
1 0.32282531925064484 0.46891368387616605 0.012178627390180986 0.04429603157003115
1 0.6101226650239933 0.36645362571542706 0.014903109191583752 0.038228042093374805
2 0.44354643430232465 0.37165081797821103 0.011878238741233105 0.03960853157003106
1 0.40174086366740386 0.4366541916980866 0.012278756939830337 0.04585853157003115
1 0.2855291710409729 0.6470995970585806 0.02245479333702489 0.058904563140062295
1 0.7293385302325566 0.6353085834808778 0.01806768198597286 0.06331904735504672
2 0.3736623357511991 0.2507398075254545 0.008052331893687814 0.0284890210466874
1 0.48107551511627833 0.32443418373499167 0.012940090992986342 0.03188703683170289
1 0.33821738664636314 0.3388544575536893 0.01137759099298643 0.03179603157003115
1 0.5923122062015498 0.26504304415951335 0.007852072794389108 0.0253640210466874
