1 0.4953125 0.25703125 0.00625 0.02890625
1 0.25625 0.3734375 0.0078125 0.03984375
1 0.4109375 0.296875 0.00703125 0.03125
1 0.26328125 0.3734375 0.009375 0.0390625
1 0.4390625 0.3765625 0.0078125 0.034375
1 0.2859375 0.3171875 0.00625 0.03046875
1 0.7296875 0.478125 0.0109375 0.046875
0 0.00546875 0.3953125 0.01015625 0.0390625
1 0.46796875 0.353125 0.01015625 0.0375
1 0.80859375 0.446875 0.01015625 0.04453125
1 0.321875 0.309375 0.0078125 0.0328125
1 0.2421875 0.6078125 0.0140625 0.05546875
1 0.5921875 0.371875 0.00859375 0.0390625
2 0.9671875 0.66875 0.02109375 0.06171875
1 0.5703125 0.5125 0.0109375 0.04921875
2 0.35546875 0.42421875 0.0078125 0.04296875
1 0.6140625 0.5546875 0.0125 0.05078125
1 0.2703125 0.5203125 0.0109375 0.059375
1 0.2890625 0.54453125 0.01171875 0.05390625
1 0.6953125 0.3125 0.0078125 0.0375
1 0.6828125 0.4921875 0.0109375 0.05390625
1 0.5890625 0.56796875 0.0125 0.05703125
1 0.16171875 0.709375 0.01953125 0.06015625
2 0.30625 0.246875 0.0078125 0.03125
0 0.91953125 0.3703125 0.0140625 0.0390625
