1 0.627020523423472 0.4047345926139879 0.010284282132453627 0.03190556386197048
1 0.7127534349436699 0.4177751780153833 0.01193771034569906 0.035139824505632154
1 0.41782136817148025 0.4378591770069772 0.01336381802583091 0.03056158514929379
1 0.4693049633151999 0.336558756960491 0.008539925705962936 0.025546303218308707
1 0.4047757988920081 0.4557350918576832 0.016761602665567032 0.04015510643661742
1 0.44751356518934404 0.6012004111675353 0.017079851411925872 0.051092606436617415
1 0.6709296477966513 0.4023251406365165 0.010329746239076343 0.03346806386197034
1 0.6509975810244617 0.4416390129125757 0.00867631802583091 0.030233803218308708
1 0.5148615042231421 0.38514907627034295 0.010193353919208193 0.028780563861970344
1 0.4135490568095669 0.36945338443233017 0.011801318025830908 0.030452324505632157
2 0.4637703656641977 0.4191527356731674 0.016716138558944316 0.03859260643661742
1 0.48782764278208646 0.34568238468443174 0.013318353919208192 0.02899908514929388
1 0.5474346603330638 0.5032870710745628 0.021767351411925873 0.0514203883676025
1 0.2584965292959668 0.5864173732844653 0.014045779625171128 0.05399908514929379
1 0.502804121932404 0.4766810124083726 0.012119566772189571 0.04138982450563198
1 0.7443096603330637 0.5170539121759414 0.013863923198680439 0.04774908514929379
1 0.7488811515575751 0.44065530314143403 0.013591138558944315 0.03837408514929379
1 0.7603893013992906 0.5025215186125589 0.013727530878812289 0.04306158514929379
1 0.3474179399582349 0.43606744804219905 0.010375210345699059 0.03503056386197034
2 0.08291620460621825 0.7017424524816744 0.02213106426490725 0.0639203883676025
1 0.2849346603330637 0.48493128293939136 0.009085494985435094 0.04429630321830871
1 0.6562366619824164 0.36920128419989917 0.008721782132453625 0.03179630321830871
2 0.7397083915284453 0.352335848313971 0.007159282132453626 0.0316870425746469
0 0.13775343494366993 0.3775672611478648 0.01359113855894436 0.03837408514929388
