1 0.40056519602827734 0.32304529502159757 0.04106164764263518 0.010320557370694417
1 0.3351585198495949 0.32620535619201413 0.04404109842842345 0.007268292553055567
1 0.3532963978475229 0.41403266451263915 0.0443321968568469 0.013518292553055745
1 0.3675194096343472 0.36753952422003505 0.04106164764263518 0.010320557370694417
1 0.35030833085063084 0.2828553996950003 0.04418664764263518 0.010393292553055567
2 0.3143069040482668 0.9843802256830557 0.042696922249741046 0.011919424961875081
1 0.33082435421488243 0.7358160923243059 0.04262414764263518 0.01035692496187508
1 0.3634633023145836 0.29720884042444473 0.048946922249741044 0.012064895326597203
1 0.4041225355653606 0.2653782653863198 0.050509422249741046 0.012101262917777866
1 0.37947360008105324 0.35611171494947946 0.04731164764263518 0.010466027735416716
1 0.3409462551672865 0.48398148860083356 0.039644696856846906 0.013409189779513931
1 0.47525709677128436 0.6197761310776393 0.05981164764263518 0.010756968464861138
2 0.3939941724546288 0.41654072188333374 0.05356164764263518 0.010611498100139016
1 0.35658848758949396 0.7528042237831947 0.044113873035529313 0.008830792553055567
1 0.37886578618453315 0.5106173769935767 0.04731164764263518 0.010466027735416716
1 0.42734601984959486 0.328351044071667 0.053779971463952594 0.015298998100138928
1 0.4202379187305751 0.829204376043646 0.05058219685684691 0.013663762917777688
1 0.4804540190210254 0.6308227338511809 0.0599571968568469 0.013881968464861139
1 0.4080652886657325 0.5510975598392365 0.05043664764263518 0.010538762917777866
0 0.3086109824222075 0.2756416585287155 0.047457196856846906 0.013591027735416716
1 0.3475558200972639 0.424824694147917 0.041352746071058634 0.016570557370694416
1 0.3151778136871231 0.3998785923243058 0.039644696856846906 0.013409189779513931
1 0.31786616604448803 0.39057632750666693 0.03495719685684691 0.013300087005972294
