1 0.49649265230613493 0.31721191768542567 0.0119231473268119 0.04424132293077854
0 0.7759981417827913 0.29942911691720014 0.01468412628012441 0.03815509724103805
1 0.5008161312594476 0.3107162562200364 0.011741136803468066 0.041116322930778534
2 0.12206950497932319 0.2929510606063066 0.012939615756780664 0.034948210085908295
1 0.14747829963294673 0.3793865275896199 0.011923147326811767 0.04424132293077854
1 0.414998999576477 0.42492259837269175 0.016519642065139985 0.042924484396167806
1 0.19051421004335095 0.49937812302163553 0.014213689420186571 0.05682321008590829
2 0.44503583909548555 0.375546718114967 0.0119231473268119 0.04424132293077854
1 0.5522568048946186 0.3597402544110141 0.019462631541796328 0.03996325870642723
1 0.3050331943995097 0.33978403776638516 0.009905621018452493 0.03634693577564878
1 0.6137781338196963 0.38002509893851866 0.0181731473268119 0.04456887155129756
1 0.17347935751133706 0.3952638331075438 0.015048147326811812 0.04440509724103796
1 0.26491642861449416 0.33718466022219384 0.010178636803468066 0.04103443577564878
1 0.30785435751133705 0.3882215377663852 0.011650131541796237 0.03955382293077854
1 0.5634827312312127 0.3372101571699761 0.014866136803468067 0.04128009724103805
1 0.599775817978211 0.43561335764494596 0.010542657850155557 0.04728443577564878
1 0.6870405995482421 0.44044362053524466 0.0119231473268119 0.04424132293077854
1 0.5006935758707188 0.4431569419956852 0.011741136803468066 0.041116322930778534
1 0.5133609048663837 0.39155682044438767 0.0150481473268119 0.04440509724103805
1 0.2177137468750539 0.5089235413844297 0.013849668373499213 0.050573210085908295
1 0.7920150678370368 0.5744291169172001 0.017702710466873838 0.06323698439616762
1 0.411418244244218 0.49798828414834057 0.014304694681858266 0.058385710085908295
2 0.9216185388272542 0.633462200929255 0.021555752560248463 0.07590075870642714
1 0.4403938417263215 0.37657362958035623 0.014957142065139983 0.04284259724103805
