2 0.687696994572933 0.18580984144397283 0.034866322930778536 0.011377115756780664
1 0.5682211397571215 0.6114175152203182 0.03807321008590829 0.01312162628012441
0 0.6130379155377191 0.787994696747997 0.03659259724103805 0.014593121018452494
1 0.5657512369981597 0.5987355046969745 0.03503009724103805 0.014502115756780754
1 0.6046189851891373 0.6495846441312786 0.042678822930778536 0.011832142065139805
1 0.6079453810506943 0.6309711520237863 0.03642882293077854 0.011468121018452493
2 0.5731609452750456 0.6367815362670056 0.042678822930778536 0.011832142065139984
1 0.5586137663968017 0.6751159941736308 0.041116322930778534 0.011741136803468066
1 0.5667360413844298 0.2210809415569123 0.04736632293077854 0.012105157850155469
1 0.5628209888071819 0.549979486281123 0.03807321008590829 0.01312162628012441
1 0.5180086985544059 0.7620853731551783 0.04424132293077854 0.0119231473268119
1 0.6184512703535306 0.35574363886960664 0.03807321008590829 0.01312162628012441
1 0.5228820635469826 0.48966434158514716 0.04440509724103805 0.0150481473268119
1 0.4684247783825894 0.781139210043351 0.04736632293077854 0.012105157850155378
2 0.3160899151990348 0.9925500629988878 0.06660764586155707 0.014899874002224322
1 0.5912093396662645 0.4419240625753648 0.041116322930778534 0.011741136803468066
1 0.47679720036342815 0.7110997258283664 0.050491322930778536 0.012287168373499214
1 0.4908331241532894 0.5928047521367258 0.04744821008590812 0.01366765785015538
1 0.559093959747224 0.2472794205102249 0.04744821008590829 0.013667657850155468
1 0.45508148914586616 0.3180175837632266 0.056986984396167804 0.017338689420186525
1 0.4516311832892579 0.5184271074407499 0.056741322930778534 0.012651189420186526
1 0.44341032677596576 0.34633229956235956 0.05386198439616781 0.01715667889684287
1 0.6002933333346865 0.612501873084591 0.04424132293077854 0.0119231473268119
