1 0.5465152311288746 0.6658750377814705 0.010466138558944493 0.03810077729789594
1 0.5571010416328581 0.7616881855297171 0.007159282132453626 0.03165051819859741
0 0.9857141234487425 0.6986989412329297 0.016897994985435004 0.04475129549649317
1 0.6676066326199426 0.7539536335548189 0.010375210345699059 0.03497577729789594
1 0.7076118555020539 0.6816571313953507 0.010647994985435005 0.04435077729789594
1 0.7420657603583343 0.5793727405869344 0.013818459092057723 0.04611353639719447
1 0.6076272612162641 0.40778073796604064 0.02342077962517113 0.054526813695090534
1 0.48524276200768685 0.7040573557954977 0.010557066772189571 0.041225777297895935
1 0.3669868555020539 0.6598288895717986 0.010693459092057721 0.04591327729789594
1 0.23669629875899406 0.5235933960502036 0.014136707838416562 0.057051036397194464
1 0.29548496239076305 0.34644870758582574 0.02075042069139794 0.06995155459579187
1 0.3344291051063425 0.5056828076781109 0.01712531551854841 0.05256379549649317
1 0.6328595595795468 0.7657632186877092 0.00881271034569906 0.034875647748246585
1 0.7162283375553653 0.6829890939184219 0.012210494985435005 0.044450906847545116
1 0.41112799742621053 0.5152766556109276 0.017079851411925872 0.05100129549649317
2 0.5891513605166189 0.6303974151716515 0.010647994985435005 0.04435077729789594
1 0.708434906439126 0.5491450200442985 0.012301423198680439 0.04757590684754511
1 0.27969745566033843 0.7150590052417873 0.010466138558944316 0.03810077729789594
1 0.22106998409837536 0.3081488687523077 0.019187920691397943 0.06985142504614253
1 0.1575998321450889 0.5387992890180883 0.02029577962517117 0.05432655459579187
1 0.4677263045649818 0.7988494216500566 0.010375210345699059 0.03497577729789594
2 0.6619082135778973 0.8261092358065725 0.008767246239076343 0.033313147748246764
1 0.6228574561225569 0.4220132186877092 0.017307171945039102 0.05881379549649317
