2 0.13317577516709872 0.686849010664518 0.009975017856907487 0.034921031570031145
1 0.5661167345820198 0.5648565584430877 0.011592064934808199 0.038137036831702886
0 0.7386132974882331 0.6086612243975125 0.01312729139585791 0.0366655420933748
1 0.5536712816599205 0.5624596005364625 0.013100017856907443 0.0351030420933748
1 0.6013860328777365 0.6010446874246351 0.010111385551659247 0.042733531570031145
1 0.582595122569311 0.6044805005646973 0.010002291395857909 0.03648353157003115
2 0.5910076404262185 0.5696504742563381 0.01011138555165907 0.042733531570031145
1 0.6302883287378211 0.5548753427145419 0.01008411201270878 0.041171031570031144
1 0.17743606412732454 0.5656418685993782 0.010193206168510206 0.04742103157003115
1 0.5053292390462467 0.5598120136482898 0.011592064934808199 0.038137036831702886
1 0.719978120133679 0.5137505427992466 0.010138659090609537 0.04429603157003115
1 0.3076633064166868 0.6165911766189428 0.011592064934808199 0.038137036831702886
1 0.448266761367381 0.5202104583301482 0.011701159090609536 0.044387036831702885
1 0.7426985998411395 0.4640389691358406 0.010193206168510115 0.04742103157003115
2 0.9685907183466702 0.3104002167167662 0.019895488635914303 0.0667170631400622
1 0.3955587727314668 0.5888386319653193 0.01008411201270878 0.041171031570031144
1 0.6723042792242885 0.47282170591107386 0.010247753246410873 0.050546031570031145
1 0.5534179115295368 0.4875506057981343 0.013318206168510116 0.047603042093374806
1 0.2041076582831259 0.5578447791509566 0.010193206168510206 0.04742103157003115
1 0.28241566477594765 0.45338552132903603 0.015044347402212211 0.05706904735504672
1 0.48229293385067107 0.44876809783503935 0.01035684740221221 0.056796031570031144
1 0.3114991927791249 0.4415456739881069 0.01498980032431163 0.05394404735504672
1 0.5647763770335378 0.5969333110739237 0.010138659090609537 0.04429603157003115
