1 0.4047171717000628 0.6728032583878153 0.010411710344286318 0.029742042154477667
1 0.654037614621154 0.6265878303019348 0.014027783665263981 0.04382272287263689
1 0.809555983040141 0.5141883451326577 0.01737103847458741 0.050090903590796286
1 0.31447411761637883 0.6613385175611974 0.010629965153609611 0.03599204215447784
1 0.49311003830495126 0.6029907281371942 0.020004965153609788 0.03604658430895533
0 0.9540202564537859 0.6064536340656815 0.014027783665263981 0.04382272287263689
1 0.5635465346767543 0.6893554750139362 0.010684528855940557 0.037554542154477843
1 0.38371768013758334 0.5804748578220812 0.011011911069925695 0.046929542154477664
1 0.7248685029104068 0.3660093994855796 0.014409729581580067 0.05476022287263689
1 0.5183654986492376 0.5734441287029283 0.012301592558271323 0.039126132513557364
1 0.5400991441100667 0.4657361678323439 0.014355165879249121 0.05319772287263689
1 0.776344178956457 0.5030554024124457 0.011121038474587407 0.05005454215447784
1 0.6645485286863045 0.6164906676359522 0.01375496515360961 0.03601022287263689
1 0.2594443664352525 0.5813146742752515 0.010902783665263982 0.04380454215447784
2 0.4962548856725462 0.5576873184962738 0.012683538474587409 0.05006363251355737
1 0.3032117577197303 0.3573050025340828 0.02109623920022674 0.06729658430895542
1 0.6653744518219478 0.3914497610200939 0.014409729581579888 0.054760222872636974
1 0.30170627750517814 0.5346760236113216 0.014136911069925696 0.04694772287263689
1 0.4722742378494644 0.5059748275714602 0.018933538474587407 0.05009999394987581
1 0.2787995455613455 0.4298339875069681 0.02082342068857255 0.05948408430895533
2 0.09112596388766532 0.20994769262201593 0.025947430307219355 0.07201135538619426
2 0.6578942462021669 0.7399145320973328 0.01035714664195524 0.028179542154477665
1 0.5210539890305907 0.5859623094210875 0.010629965153609788 0.03599204215447767
1 0.2605157931142748 0.5953862646343312 0.01079365626060227 0.040679542154477846
