2 0.24964651775758914 0.20492166796627426 0.006468168617910841 0.03757272533418179
1 0.43098287616884556 0.2176563832750027 0.00955680718159222 0.03135908800127272
1 0.31147435206654456 0.2229535052912292 0.012781801131468118 0.04858295066836353
1 0.6106658309893057 0.2147842799172765 0.009574987899751619 0.03448408800127269
1 0.7458135115110732 0.34603318523236826 0.01595225292686635 0.05643181333545444
1 0.4937237706844554 0.25833537993318484 0.009629530054229285 0.043859088001272716
1 0.36403627068445543 0.2598444306174568 0.009647710772388508 0.04698408800127272
1 0.6562692224798534 0.26425702124445866 0.009647710772388508 0.04698408800127272
1 0.6046839965821544 0.26095075525145833 0.009629530054229462 0.043859088001272716
1 0.4376192164297293 0.2839899079408209 0.01279089149054773 0.05014545066836362
2 0.6283896621750031 0.30677178524827664 0.009665891490547729 0.050109088001272714
1 0.5722578368430382 0.32773881325591264 0.011228391490547728 0.05012726933481808
1 0.27344763212077383 0.26714894796309263 0.009638620413308896 0.04542158800127272
1 0.33486692115199357 0.3492523759548202 0.012827252926866173 0.05639545066836362
1 0.5948782462875668 0.4556092745862765 0.012863614363184794 0.06264545066836362
1 0.7804203156676035 0.3854769458943685 0.011292024004105094 0.06106476933481808
1 0.7977532614128774 0.4102769512253686 0.015979524004105093 0.06111931333545453
1 0.15993561972593787 0.49739152597868286 0.014462475799503193 0.06891363200190917
1 0.5824429205628184 0.7354604065881855 0.02080337939029935 0.08461135733609063
1 0.6743430324901162 0.41640077657545876 0.015988614363184793 0.06268181333545435
1 0.4675789063212707 0.19613537193668473 0.009574987899751619 0.03448408800127263
1 0.5948953852440318 0.18996609325273098 0.009574987899751619 0.03448408800127267
