1 0.4125 0.3953125 0.01171875 0.03671875
1 0.6921875 0.34921875 0.01171875 0.021875
1 0.5125 0.33515625 0.00859375 0.03203125
1 0.6890625 0.3875 0.0078125 0.034375
1 0.540625 0.3328125 0.01015625 0.03046875
1 0.4109375 0.4203125 0.01015625 0.04375
0 0.30625 0.34921875 0.0078125 0.03359375
1 0.821875 0.371875 0.00625 0.0328125
1 0.48125 0.3625 0.00703125 0.03515625
1 0.67578125 0.41953125 0.009375 0.0375
1 0.46796875 0.39375 0.00625 0.0359375
1 0.7140625 0.3484375 0.00625 0.0296875
1 0.596875 0.36328125 0.00859375 0.0328125
2 0.1578125 0.615625 0.015625 0.06015625
1 0.540625 0.47578125 0.00859375 0.046875
1 0.8078125 0.409375 0.009375 0.0375
1 0.2734375 0.5578125 0.01484375 0.04921875
1 0.515625 0.4640625 0.00859375 0.040625
1 0.8265625 0.50625 0.01171875 0.04921875
1 0.3984375 0.4859375 0.01171875 0.04453125
2 0.55078125 0.425 0.0125 0.0421875
1 0.3734375 0.48125 0.009375 0.0484375
1 0.828125 0.48984375 0.0109375 0.0484375
2 0.84453125 0.31640625 0.00859375 0.03203125
