1 0.6747078656641978 0.3979105835991993 0.010557066772189571 0.04078864123370209
1 0.6719298581423503 0.3322037629823482 0.007522994985435005 0.04385909415580134
1 0.5840206811827462 0.3447389448011292 0.013772994985435005 0.04396818831160267
1 0.6304183080632081 0.3619634009696394 0.01055706677218975 0.040788641233702
1 0.7151797529695008 0.35015492207295773 0.010647994985435005 0.043913641233702005
2 0.014055173660898845 0.2691318295453048 0.01216503087881239 0.04237841477265238
1 0.2624555697416906 0.301606959007884 0.010602530878812378 0.042351141233702004
1 0.7007535401165195 0.3624094602224047 0.012346887305303155 0.04862841477265238
1 0.7323385092377069 0.40516970454036183 0.012392351411925873 0.05019091477265238
1 0.6417733452102266 0.374667952511767 0.01073892319868044 0.04703864123370209
1 0.514162822248973 0.3278866355483639 0.013636602665567033 0.039280688311602675
1 0.3776222655059132 0.45369338473758497 0.011102636051661906 0.059538641233702096
2 0.5812761144105565 0.38533667126217885 0.010920779625171306 0.0532886412337021
1 0.2453218940357277 0.3263205868489054 0.009085494985435006 0.04388636769475172
1 0.48731316574334 0.3641553721556833 0.01073892319868044 0.04703864123370209
1 0.6692474758516122 0.4243912629823482 0.01560827962517113 0.05337046185055314
1 0.16857152593075447 0.3851677069792891 0.013954851411925784 0.05021818831160267
1 0.36654837318604516 0.4581899699649326 0.014227636051661819 0.05959318831160267
1 0.4466737938774431 0.39080364691244956 0.010829851411925873 0.050163641233702094
0 0.7226345517950019 0.3088577662287591 0.013863923198680439 0.047093188311602675
1 0.573265037609237 0.33829803002847686 0.01680706677218957 0.040897735389503434
1 0.5983930697416906 0.30747076988220706 0.013636602665567033 0.039280688311602675
1 0.6076771415284453 0.31075941111590916 0.01350021034569906 0.03459318831160267
