2 0.12222466181821032 0.3123030054270669 0.011979781743586538 0.034866322930778536
1 0.5461339132681029 0.4317788602428784 0.013779080083912553 0.03807321008590829
0 0.7236561846387272 0.38696208446228086 0.015223180913749523 0.03659259724103796
1 0.5333971149277767 0.4342487630018404 0.015104781743586492 0.03503009724103805
1 0.5849721929370969 0.39538101481086274 0.012571777594401645 0.042678822930778536
1 0.5663997916923414 0.39205461894930566 0.012098180913749524 0.03642882293077854
2 0.571607509948755 0.4268390547249544 0.012571777594401645 0.042678822930778536
1 0.6097228165874508 0.4413862336031983 0.012453378424238614 0.041116322930778534
1 0.1554138248858205 0.4332639586155702 0.012926975104890737 0.04736632293077854
1 0.48454521783220617 0.4371790111928181 0.013779080083912553 0.03807321008590829
1 0.6960621356737012 0.4819913014455941 0.012690176764564676 0.04424132293077854
1 0.2911037937669339 0.38154872964646935 0.013779080083912553 0.03807321008590829
1 0.423476740652723 0.4771179364530173 0.015815176764564676 0.04440509724103805
1 0.7142667613986474 0.5315752216174106 0.012926975104890737 0.04736632293077854
2 0.9270483360839753 0.6839100848009652 0.023722765146846923 0.06660764586155707
1 0.37688700579957 0.40879066033373546 0.012453378424238614 0.041116322930778534
1 0.6443094589091365 0.5232027996365718 0.013163773445216798 0.050491322930778536
1 0.5261514547599516 0.5091668758467106 0.01448947510489056 0.04744821008590812
1 0.18150272820516838 0.44090604025277597 0.014489475104890737 0.04744821008590829
1 0.25048768131473487 0.5449185108541339 0.01832487012586892 0.056986984396167804
1 0.4510204775804684 0.5483688167107421 0.013637370125868742 0.056741322930778534
1 0.2786243367086752 0.5565896732240343 0.018088071785542857 0.05386198439616781
1 0.5477798462564448 0.39970666666531357 0.012690176764564676 0.04424132293077854
