1 0.528125 0.36796875 0.01015625 0.0375
1 0.5359375 0.27265625 0.00625 0.03046875
0 0.9671875 0.36328125 0.015625 0.04375
1 0.646875 0.2875 0.009375 0.034375
1 0.6890625 0.3625 0.009375 0.04296875
1 0.7265625 0.4671875 0.0109375 0.0453125
1 0.596875 0.63046875 0.021875 0.05234375
1 0.465625 0.32578125 0.00859375 0.040625
1 0.3484375 0.3625 0.009375 0.0453125
1 0.221875 0.490625 0.01328125 0.05546875
1 0.2859375 0.671875 0.01796875 0.06796875
1 0.3203125 0.51484375 0.0140625 0.0515625
1 0.61171875 0.2734375 0.0078125 0.034375
1 0.69765625 0.36171875 0.0109375 0.04296875
1 0.396875 0.51015625 0.01484375 0.05
2 0.571875 0.40625 0.009375 0.04453125
1 0.69375 0.4953125 0.0109375 0.04765625
1 0.259375 0.3015625 0.00859375 0.0375
1 0.2125 0.70546875 0.0171875 0.06875
1 0.1421875 0.4703125 0.01875 0.053125
1 0.4453125 0.2296875 0.00859375 0.034375
2 0.6390625 0.21484375 0.00859375 0.0328125
1 0.61171875 0.6171875 0.01640625 0.0578125
