0 0.7067384557345145 0.8145621428618505 0.028415940729444422 0.012990923701106282
1 0.7368908958952781 0.43106780438809195 0.0298329703647223 0.006768197240056395
1 0.6612700340036808 0.2713848871798076 0.0313954703647223 0.006795470779006774
1 0.6784276985163199 0.6055962459461055 0.03771820554708327 0.010029564934808199
1 0.7071280478713892 0.2940314545502477 0.0282704703647223 0.006740923701106105
1 0.6346529826169099 0.2695047873419633 0.039280705547083274 0.01005683847375849
1 0.6853647634864586 0.43353033117345313 0.0360829703647223 0.00687729139585791
0 0.605014808320625 0.004672291601024009 0.04244207313826394 0.009344583202048017
1 0.7396574456665284 0.6842473514659926 0.031468205547083274 0.009920470779006863
1 0.6340270011373617 0.779879225653566 0.03459320554708327 0.009975017856907442
1 0.6031179207809032 0.5600167390462467 0.039280705547083274 0.01005683847375849
1 0.6395496493137507 0.7485201314977646 0.04396820554708327 0.010138659090609537
1 0.4504955349536113 0.2484906781686283 0.0534159407294446 0.013427300324311543
1 0.688962542171806 0.45378828409555244 0.03459320554708327 0.009975017856907442
1 0.32580400626826406 0.23034642451518028 0.05810344072944442 0.0135091209411625
2 0.6133066191097919 0.35975764042621844 0.04240570554708327 0.010111385551659158
1 0.40186519851632 0.6104236623403156 0.06141027868534721 0.02137616801906326
1 0.6072073151575699 0.6349758287378211 0.04095230832062491 0.014771612012708778
1 0.5684642849536113 0.24643152597787762 0.05018183795590279 0.008685253246410873
1 0.5074189886008336 0.31002246753589124 0.0502909407294446 0.013372753246410874
1 0.49557752450437553 0.540009976464345 0.0534159407294446 0.013427300324311631
1 0.7061837969214586 0.3206212280891981 0.031431837955902785 0.008357970779006862
2 0.7643047682361115 0.2992859703785603 0.0282704703647223 0.006740923701106105
