1 0.2331840144363892 0.4265526094333124 0.04240570554708327 0.010848219962933036
1 0.22190298195131986 0.5120263179635002 0.02834320554708336 0.01035714664195524
1 0.2712146105604172 0.6183507290334258 0.04389547036472221 0.007777783665263982
1 0.219959275454306 0.5291319724100039 0.03771820554708336 0.010684528855940557
1 0.23342040377906287 0.4367088594333124 0.039280705547083364 0.010739092558271324
1 0.22446297786725727 0.42078375907049265 0.028488675911805574 0.01660714664195524
1 0.24935975398715335 0.7190674916472976 0.04393183795590279 0.009340283665263982
2 0.2325541136945492 0.7348735409216581 0.03771820554708336 0.010684528855940557
1 0.2974524150813201 0.7394816845683886 0.04393183795590279 0.009340283665263982
1 0.27651774676895874 0.51081104754508 0.04393183795590279 0.009340283665263982
1 0.2877286569131949 0.5564782116102306 0.04553070554708336 0.010957347367594749
1 0.4119220378034029 0.19080362630835337 0.05966594072944442 0.014573420688572546
1 0.34266811720993096 0.4350595685964723 0.05025457313826394 0.012683538474587409
1 0.3594419623840283 0.6526562963639537 0.05334320554708336 0.011230165879249122
1 0.3493869766329863 0.25419151451278826 0.05650457313826394 0.012901793283910834
1 0.49801676595500066 0.8042510566155727 0.06918641109416672 0.021150802902557685
1 0.3891209706490627 0.21732892077339053 0.05966594072944442 0.014573420688572546
2 0.3116713839274309 0.37777285825218604 0.05025457313826394 0.012683538474587409
1 0.4462645894745142 0.3918403366526396 0.059738675911805574 0.017698420688572546
1 0.9756426383442885 0.7376811817427997 0.04871472331142286 0.02411211179556503
1 0.42224390159486136 0.29888894482000766 0.06286367591180557 0.01780754809323426
1 0.734199694147917 0.35349712158384794 0.08488414627652788 0.024821439925866252
1 0.217740852392292 0.43381947241000385 0.0345204703647223 0.007450401451278843
