1 0.66875 0.3078125 0.009375 0.0359375
2 0.065625 0.22734375 0.01171875 0.03984375
1 0.53046875 0.2625 0.0078125 0.0328125
1 0.440625 0.221875 0.0109375 0.03359375
1 0.4984375 0.2828125 0.01171875 0.04453125
1 0.371875 0.309375 0.01015625 0.04921875
1 0.521875 0.396875 0.01640625 0.05
1 0.259375 0.246875 0.009375 0.04453125
0 0.87734375 0.28828125 0.01171875 0.05078125
1 0.22109375 0.24375 0.009375 0.0421875
2 0.48125 0.3125 0.0109375 0.0484375
1 0.225 0.29921875 0.009375 0.0484375
1 0.46328125 0.23046875 0.01640625 0.0390625
1 0.540625 0.3046875 0.01484375 0.0484375
1 0.15 0.325 0.0109375 0.04765625
1 0.0609375 0.2890625 0.01171875 0.0484375
1 0.421875 0.3453125 0.01796875 0.04921875
1 0.675 0.3390625 0.0125 0.05703125
1 0.23203125 0.3671875 0.01328125 0.05703125
1 0.725 0.353125 0.0140625 0.05546875
1 0.2984375 0.3296875 0.01953125 0.0453125
1 0.0828125 0.48203125 0.021875 0.065625
1 0.8015625 0.65 0.03046875 0.07421875
