1 0.3354413820443491 0.6260452578714844 0.010684528855940557 0.03788200197716627
1 0.500617459541678 0.7215129722824901 0.010357146641955417 0.02850700197716627
1 0.38049593249983604 0.7209465809894582 0.007123019237293704 0.02525466798477751
1 0.3956025773276929 0.7351536610275143 0.007232146641955417 0.028379667984777514
1 0.33785705391404797 0.6462304238790957 0.01079365626060227 0.041007001977166266
1 0.4700767876719792 0.7024738122063778 0.008794646641955417 0.028443334980972068
1 0.6679413687975051 0.7107943536896902 0.010411710344286363 0.03006950197716627
1 0.5955132972906261 0.6848804525108265 0.007450401451278843 0.03462966798477751
1 0.5293129223330351 0.5253091343357686 0.010902783665263982 0.04413200197716627
1 0.6867037816815295 0.6203139337277463 0.01079365626060227 0.041007001977166266
1 0.5225321542768677 0.6301239683281574 0.010629965153609788 0.03631950197716627
0 0.8797171717000628 0.6335129761996416 0.010629965153609788 0.03631950197716627
1 0.881483057542245 0.5382641431958362 0.014027783665263981 0.044259335969555204
0 0.06135904130017624 0.6333125657036001 0.015481156260602268 0.04119800296574958
1 0.3323015130772079 0.5372374258562619 0.010902783665263982 0.04413200197716627
1 0.6078421717000628 0.6445910335374658 0.013809528855940556 0.038009335969555205
2 0.442735526872206 0.6364959851340715 0.010739092558271324 0.03944450197716627
1 0.40758176607243274 0.5708364930427366 0.010957347367594749 0.04569450197716627
1 0.3127950888452563 0.35860043129346936 0.0207688569862416 0.05857650395433271
1 0.7528918099893158 0.3781145048685538 0.01780754809323426 0.06313666996194396
2 0.36132678104855726 0.7560537514456938 0.007232146641955417 0.028379667984777514
1 0.475391770248784 0.6843140612177947 0.01202877404661713 0.031695668973360826
1 0.33477669393258147 0.6674196743733871 0.01046627404661713 0.03163200197716627
1 0.5801313447508881 0.7455778719784789 0.007123019237293704 0.02525466798477751
