1 0.337729626005905 0.4482944910575849 0.03810077729789594 0.011778109191583752
1 0.2429177737541516 0.4465898935861935 0.03165051819859723 0.008252590992986341
0 0.36117852945736423 0.009532379706532838 0.04475129549649317 0.018428627390180995
1 0.2648707217792534 0.3347011628645249 0.03497577729789594 0.011577850092285047
1 0.34257421961978507 0.2877074444813575 0.04435077729789594 0.012178627390180986
1 0.4496648288113688 0.24349876465485298 0.04601340684754529 0.013841256939830338
1 0.6046353261904752 0.3627227267164989 0.05452681369509058 0.025279404688076924
1 0.29153694401993213 0.5134979888981166 0.041225777297895935 0.01197836829088228
1 0.3207459777962331 0.6283324444813575 0.04591327729789594 0.012278756939830337
1 0.44076048427463804 0.7466843214101132 0.057051036397194464 0.016104663787375628
1 0.6261157958102602 0.6710067936507919 0.06995155459579187 0.023155700184570093
1 0.4712873959025453 0.6466948133905487 0.05246366594684382 0.01736677513842757
1 0.2485553069121437 0.3707585788113688 0.034875647748246585 0.010015350092285047
1 0.3423436821428564 0.27916375925618214 0.04445090684754529 0.013741127390180985
1 0.47150624383536205 0.5704327020394967 0.05100129549649317 0.01882914558877822
2 0.378814503396086 0.4020913170911765 0.04435077729789594 0.012178627390180986
1 0.4756871082687331 0.27450893276116517 0.04757590684754511 0.01394138648947969
1 0.2541010934662218 0.721299996917681 0.03810077729789594 0.011778109191583752
1 0.6550034569767422 0.7422915083333315 0.06985142504614253 0.021593200184570095
1 0.4153413772425226 0.8276735055555543 0.05432655459579187 0.022154404688076924
1 0.19414150987449103 0.5399684562015498 0.03497577729789594 0.011577850092285047
2 0.19171382403100684 0.34716968692321837 0.033413277297895935 0.011477720542635694
1 0.5923053069121437 0.3487300778885182 0.05881379549649317 0.019329793337024892
