2 0.657545898540598 0.21209952711167518 0.009893197240056394 0.030069501977166357
1 0.7601236534118619 0.3734270048685538 0.010138659090609537 0.04413200197716636
1 0.5744237069825844 0.27794204441188075 0.006795470779006862 0.03150466798477751
1 0.3945180186709817 0.2977637489742358 0.010029564934808199 0.03788200197716636
1 0.33372084050564865 0.3369336783277198 0.013181838473758489 0.0395718359695552
1 0.5624225389635211 0.33932521338524146 0.010029564934808199 0.03788200197716636
1 0.7569929249222174 0.46333442186474816 0.013318206168510116 0.047384335969555026
1 0.3222708717552368 0.277286764297275 0.008357970779006773 0.03156833498097198
1 0.37246574066780447 0.30881133692095725 0.013100017856907443 0.03488433596955511
1 0.45430212175523677 0.2719069031188489 0.009975017856907442 0.03475700197716636
1 0.3004407362035776 0.32033376874589925 0.010029564934808199 0.03788200197716636
1 0.5706441420477762 0.3155693784042696 0.013154564934808021 0.038009335969555115
1 0.6021220129889387 0.2565153719784789 0.009975017856907442 0.03475700197716636
1 0.1983600389635211 0.3541596234985347 0.011701159090609536 0.04419566897336082
2 0.38888958157719494 0.35186099996281894 0.010165932629559827 0.04569450197716636
1 0.2960338798729116 0.39389860273828803 0.014826159090609536 0.044323002965749494
1 0.5156957690780187 0.46692097277678163 0.01353639448011279 0.05988433596955502
1 0.7663639707823021 0.418453003385679 0.013509120941162679 0.0583218359695552
1 0.7224521038983293 0.2953311797734136 0.010084112012708956 0.041007001977166266
1 0.6351509269508122 0.37695786456410507 0.010193206168510115 0.04725700197716627
1 0.2162821501654511 0.4455512860461049 0.01035684740221221 0.056632001977166266
1 0.5931428847441756 0.5472995394689649 0.019840941558013726 0.06326400395433271
