1 0.58125 0.2234375 0.009375 0.0421875
1 0.4953125 0.21015625 0.01015625 0.028125
1 0.390625 0.25703125 0.00625 0.04375
1 0.478125 0.2078125 0.00859375 0.0375
1 0.57109375 0.2234375 0.00859375 0.0390625
1 0.58671875 0.21484375 0.01484375 0.028125
1 0.2890625 0.2328125 0.0078125 0.04453125
2 0.27265625 0.215625 0.009375 0.0375
1 0.2703125 0.28046875 0.0078125 0.04453125
1 0.4984375 0.26484375 0.0078125 0.04296875
1 0.453125 0.275 0.00859375 0.0453125
1 0.8234375 0.4078125 0.0125 0.059375
1 0.5765625 0.3328125 0.0109375 0.05
1 0.359375 0.34453125 0.01015625 0.053125
1 0.7578125 0.34375 0.0109375 0.05703125
1 0.2125 0.4796875 0.01796875 0.06796875
1 0.79609375 0.384375 0.0125 0.05859375
2 0.6328125 0.303125 0.0109375 0.05
1 0.6234375 0.4375 0.01640625 0.06015625
1 0.29609375 0.9671875 0.021875 0.0640625
1 0.715625 0.415625 0.01484375 0.0625
1 0.671875 0.7265625 0.02265625 0.084375
1 0.5734375 0.2078125 0.00703125 0.034375
