2 0.23709443725926277 0.3563963230349427 0.029742042154477667 0.011624584233097401
1 0.403333036497137 0.2634778850722232 0.04380454215447767 0.012690176764564676
1 0.2991171934075828 0.4431635398414636 0.031286361436318445 0.008617983403260431
1 0.31057180211342683 0.6237982332027678 0.03755454215447766 0.012216580083912553
1 0.34694057328886146 0.6867368637015989 0.03913522287263689 0.015459979254075763
1 0.3599910608940255 0.45871860747782156 0.03755454215447766 0.012216580083912553
1 0.4931676961380573 0.2718483373565971 0.04694772287263689 0.016051975104890738
1 0.28671160041622457 0.6946784956503225 0.031295451795398145 0.01018048340326061
1 0.3206007870863122 0.6464428278088274 0.034447722872636886 0.015104781743586492
1 0.2874797357584523 0.5626472456503224 0.03442954215447767 0.01197978174358667
1 0.3287763805686497 0.7189690232447241 0.03755454215447766 0.012216580083912732
1 0.33659901268942355 0.4491301199253762 0.03757272287263689 0.015341580083912554
1 0.2789637746914761 0.41428060062934435 0.03442954215447767 0.011979781743586493
1 0.35787300722847454 0.8227811074778216 0.04381363251355737 0.014252676764564853
2 0.364450781036188 0.6325705045733921 0.04536704215447766 0.012808575934727706
1 0.4021956998504905 0.7276587842423863 0.04383181323171659 0.017377676764564677
1 0.4855132356602564 0.512780990675945 0.05944772287263689 0.01699916846619498
1 0.4486864431129952 0.2598802110069509 0.057885222872636886 0.01688076929603195
1 0.3234182775201465 0.296502027393909 0.040679542154477666 0.012453378424238614
1 0.4010433077707676 0.38835948590206015 0.046929542154477664 0.012926975104890737
1 0.4501741367169698 0.8102354085174401 0.056304542154477666 0.013637370125869097
1 0.569566048793777 0.44020909627966687 0.06260908430895533 0.023485966806520864
