1 0.5658887995897259 0.15693764262983728 0.011742983403260432 0.03179603157003106
1 0.6136042491748074 0.1549432321488459 0.012453378424238614 0.04117103157003106
1 0.2640428796736385 0.21218366865584787 0.012808575934727706 0.04585853157003106
1 0.8586002083076586 0.3125227007905763 0.030588071785543035 0.05467208944842143
1 0.6326977912913561 0.1687404216396196 0.017377676764564677 0.04456904735504663
1 0.49863044461070405 0.17027137151256272 0.011009277594401646 0.04264252630835923
1 0.46179329544054104 0.17084749516185116 0.013045374275053766 0.0489835315700311
1 0.41174667386477964 0.21456667405869406 0.012690176764564676 0.044296031570031126
1 0.5292893713752687 0.21242877943330535 0.018229781743586672 0.03528505261671848
1 0.28911465726804014 0.25309709499244193 0.016170374275053766 0.0491655420933748
1 0.5572959722051057 0.20922818472321209 0.022183575934727705 0.04640456314006221
1 0.47822377884380146 0.2012784478068045 0.015815176764564676 0.0444780420933748
1 0.8168853823729307 0.26943982970153657 0.0167623701258691 0.0569780420933748
1 0.5974725315430939 0.2837885689664314 0.014963071785542858 0.053762036831702886
1 0.6685205825827122 0.3722448532378856 0.022041865976683894 0.06506355787839038
1 0.8693959983496148 0.3307266692205452 0.027936668466194803 0.06074007892507769
1 0.380214176564072 0.30585880296965434 0.01988737012586892 0.05716005261671846
1 0.22702016681580975 0.4277778475526907 0.025403664317010043 0.06837056840173403
2 0.6298347456503224 0.2552239532096507 0.016525571785542682 0.053853042093374805
1 0.7129082773939089 0.28491218223355047 0.01820647095570571 0.055506547355046634
1 0.7710824332120566 0.6487625796309494 0.04147895020978147 0.09575211575678075
2 0.2613788983449704 0.17702741865584787 0.012690176764564676 0.04429603157003106
