1 0.3833099758516122 0.430911975597782 0.037863712852981554 0.014246590570540719
1 0.32907815076615227 0.7084526246881591 0.022238712852981467 0.013518844499482086
1 0.3202440230277606 0.5281101532242064 0.03152278463973612 0.010830492142117088
1 0.36745032897939767 0.7071106025622527 0.034602320533113406 0.009413541356328992
1 0.3170819191085523 0.5561259913135477 0.03152278463973612 0.010830492142117088
1 0.40835543995823487 0.4305138693114756 0.04402278463973612 0.011412688998963994
0 0.34030778510195453 0.3225151246881591 0.034602320533113406 0.009413541356328815
1 0.3479608799164697 0.839195356491194 0.03299435642649069 0.007778266749222951
1 0.34849705516021423 0.49813370884855884 0.03455685642649069 0.007851041356328992
1 0.3998680238856904 0.6953212320079227 0.03777278463973612 0.01112159057054054
1 0.380133500066507 0.48630795099067614 0.03611935642649069 0.007923815963434677
1 0.32766040327343476 0.7302912373846062 0.02986935642649069 0.007632717535011224
1 0.34591396127013585 0.6137950961521119 0.033085284639736125 0.010903266749222951
2 0.6110331252311092 0.1864856951997078 0.05982964106622681 0.01839043507002258
1 0.4600506691085523 0.5627848678637336 0.04714778463973612 0.01155823821317572
1 0.3858700568760739 0.8268794470617348 0.03777278463973612 0.011121590570540718
1 0.5498562813410308 0.29941803473679107 0.05045464106622681 0.017953787427387447
1 0.44905934481451515 0.5372390583104396 0.040897784639735944 0.011267139784752444
1 0.48219948759660164 0.8501414727022979 0.05036371285298138 0.014828787427387625
1 0.4743441528112163 0.4210704028099217 0.04411371285298138 0.014537688998964172
2 0.4089739024155049 0.5705759431327933 0.04255121285298138 0.01446491439185813
1 0.4703840785171792 0.3958520789886041 0.048710284639736125 0.011631012820281584
1 0.465747773489979 0.8509398393276862 0.04875574874635884 0.013193512820281583
2 0.29183290037044085 0.8592681079389362 0.03152278463973612 0.010830492142117265
