1 0.38930551434315225 0.33422072477740417 0.010739092558271412 0.03971806386197034
0 0.13706096806401655 0.33616101114786484 0.010739092558271412 0.03971806386197043
1 0.38997016933781015 0.5394545279957128 0.02076885698624169 0.059123627723940864
1 0.7912301128918735 0.3967849708421318 0.010629965153609788 0.036593063861970344
1 0.2220311903892024 0.4595763678365838 0.011121038474587407 0.05065556386197052
1 0.6754612691524757 0.3479654225675016 0.008958337748947897 0.03335880321830871
1 0.800195885124392 0.40915928470410223 0.009231156260602447 0.04117130321830866
1 0.6873486555428121 0.45608927900411905 0.015590283665263983 0.044733345792955605
1 0.32165422287334 0.3428037670999496 0.009176592558271413 0.03960880321830871
1 0.7573362294119439 0.649724300543544 0.016190484390903315 0.061920845792955606
2 0.4795981537287135 0.48463562404077 0.020277783665263983 0.045061127723940865
1 0.634121962621721 0.5001399277632818 0.012847229581580067 0.05545232450563216
1 0.6389781321291672 0.3610774277632818 0.010684528855940557 0.03815556386197043
1 0.42278266933781017 0.5417490015126093 0.012683538474587409 0.05076482450563198
1 0.3834523292266095 0.4121272034900807 0.01095734736759484 0.045968063861970346
1 0.27404012369164665 0.42797108875559003 0.011066474772256552 0.04909306386197052
1 0.32395081053746994 0.6358653522492435 0.016299611795565116 0.06504584579295561
1 0.46724199746811124 0.5244957995351378 0.01737103847458741 0.051092606436617415
1 0.800927516705405 0.5227683166350874 0.017480165879249297 0.05421760643661742
1 0.2807191657096131 0.6179623042267149 0.03154266587924912 0.05520095222957302
1 0.2060688844914198 0.4905696417217973 0.014464293283910811 0.05712408514929379
2 0.8976610959320144 0.9148461920132398 0.031180567330527965 0.08946669158591121
2 0.4201686231434925 0.23535153604148454 0.01046627404661713 0.03190556386197043
1 0.38647314710529157 0.5274626263865585 0.023621038474587408 0.05152964901126431
