2 0.7045415558549493 0.23253182444499929 0.01246550790866543 0.03800942224974104
1 0.6294115632693231 0.27125403019318634 0.011030341901054185 0.04106164764263518
1 0.34299390220462783 0.3112070579006641 0.011348676882026166 0.04887414764263518
1 0.5541860701894054 0.3076324859413734 0.012847509885831698 0.04738442224974104
1 0.37169456376361476 0.2856055903656528 0.014282675893442943 0.0443321968568469
2 0.04245000452298638 0.8112821023573649 0.022570019771663487 0.09462329528527036
1 0.5169089046760857 0.3148478265119139 0.014537343878220454 0.05058219685684691
2 0.44464658551244457 0.38552850765299507 0.013229511862998145 0.056759422249741044
1 0.18504472832553226 0.6801861519858614 0.019572353764052242 0.09760274607105864
1 0.317305494105682 0.3531056135250166 0.016099843878220544 0.05065497146395277
1 0.33025116307904273 0.3634609166681697 0.016354511862998057 0.05690497146395277
1 0.27714075053147263 0.3855028906133218 0.01817167984777566 0.06322774607105863
1 0.3926622742574688 0.49283589350880597 0.016481845855386902 0.06002997146395259
1 0.40749409539827636 0.4342228728306415 0.018299013840164413 0.06635274607105864
1 0.763352823155155 0.3119795758927414 0.01466467787060921 0.053707196856846905
1 0.4635875865010277 0.3893427123677248 0.01986151384016459 0.0664255206781645
1 0.23399026980884452 0.4790923788264975 0.018553681824942013 0.07260274607105863
1 0.5404378824701453 0.6041457669586199 0.02088018577927464 0.09142552067816431
1 0.9335392836490091 0.512259904057285 0.023495849809719617 0.07907106989237604
1 0.23483116410480695 0.7686643010762385 0.03251802273741298 0.10912244292790554
1 0.6763236443331435 0.6541735380510693 0.025504018783080264 0.09008134449948209
1 0.6842621838392894 0.4455969046764577 0.01849001482874755 0.07104024607105863
1 0.724140425930624 0.4061683775881525 0.014983012851581278 0.061519696856846905
