1 0.3582308730140039 0.689914254757511 0.011741136803468066 0.04106164764263518
1 0.3697753177664495 0.6729258079006641 0.019644642065139894 0.0429880206781645
2 0.3941837835655825 0.6616051641869704 0.010633663111827295 0.04880137303552932
1 0.33347379671976213 0.6683496238640988 0.016610647326811813 0.04440497146395259
1 0.2674546835938173 0.637739632755439 0.018537168373499214 0.050727746071058635
1 0.4122967467338796 0.6497943689017001 0.013849668373499213 0.050509422249741046
1 0.4577226387990194 0.689980567206289 0.0150481473268119 0.0443321968568469
1 0.31790970990217665 0.6432233453280516 0.015412168373499213 0.05058219685684691
1 0.6947074283321455 0.6162732777119869 0.01246917889684287 0.05356164764263518
1 0.3746301467621144 0.6217806848651348 0.018537168373499214 0.050727746071058635
1 0.5785433730140039 0.6796530351555851 0.010178636803468066 0.04098887303552932
1 0.5462622230563563 0.6365045026905964 0.012196163111827297 0.04887414764263518
1 0.25317237571542706 0.6211707169158387 0.018355157850155467 0.04760274607105863
1 0.4287114310335687 0.555025524402218 0.01908319994353036 0.06010274607105863
1 0.7946850415286775 0.5708815409465533 0.02064569994353018 0.06017552067816449
1 0.5869062787274337 0.2045417191921503 0.031006347270342082 0.10428939371369372
1 0.7780288915710297 0.527005262410506 0.017702710466874015 0.06315497146395259
1 0.7405443021226084 0.5021165783739407 0.025515210466874015 0.06351884449948209
1 0.6239057497882385 0.19420137862160974 0.02962585779368574 0.10734161910658786
1 0.40653405219319544 0.4432532704732767 0.030839747298576903 0.0746746683207995
1 0.2652712863375927 0.5195525589341214 0.022390210466874016 0.06337329528527036
1 0.20892955205202113 0.6012970186112498 0.020281678896842868 0.05392552067816432
2 0.7446989940324565 0.70794920140947 0.013121626280124232 0.03800942224974087
1 0.43568801507914384 0.7286085736164297 0.011741136803468066 0.04106164764263518
