1 0.31495025892515843 0.5216437373519527 0.04555796185055305 0.017496075934727705
1 0.4331512394466932 0.2309972717948316 0.05964773538950343 0.02012416846619498
2 0.22939103977100475 0.26861198050347546 0.04396818831160267 0.015815176764564676
1 0.3808074894466932 0.22703089959437026 0.05027273538950343 0.019413773445216796
1 0.3354400369283357 0.533339176564072 0.047093188311602675 0.016051975104890738
1 0.25926154626382647 0.37074316556640985 0.03774546185055305 0.016904080083912552
1 0.2605781789728166 0.6696659176410023 0.04703864123370209 0.012926975104890737
1 0.24465534983454895 0.47262497427969813 0.040870461850553055 0.017140878424238615
1 0.2998707297041653 0.5517097456503224 0.053315914772652385 0.014963071785542681
1 0.2632258920411856 0.6425589659813283 0.0454761412337021 0.012808575934727706
2 0.34697182629559864 0.4788176199253762 0.05337046185055314 0.018088071785542857
1 0.3011023985373027 0.26468334233097457 0.05337046185055305 0.018088071785542857
1 0.31074222564697546 0.3699628381817897 0.054905688311602675 0.01664397095570589
1 0.34226496103647885 0.38795582158505015 0.047120461850553054 0.017614475104890736
1 0.2818764805149441 0.6829830564382031 0.05021818831160267 0.016288773445216797
1 0.33145946915085844 0.7522784307132568 0.05962046185055305 0.018561668466194982
1 0.32335527394269215 0.3326879811281754 0.05496023538950343 0.01976897095570589
1 0.34323099187902983 0.6220940232447241 0.05337046185055305 0.01808807178554268
1 0.3510320348997408 0.4432353174358653 0.05657728246740401 0.02301237012586892
1 0.45128104544975234 0.7332701668158098 0.06913182954530477 0.027084563487172985
1 0.5289001160698985 0.26321962117477604 0.07220228246740419 0.024196361827499048
1 0.30610136444504554 0.4616767415011376 0.05339773538950343 0.01965057178554286
