2 0.659375 0.25234375 0.01015625 0.046875
1 0.5515625 0.265625 0.0125 0.0421875
1 0.1578125 0.3515625 0.009375 0.059375
1 0.1890625 0.3234375 0.009375 0.053125
1 0.2984375 0.3015625 0.01015625 0.04765625
1 0.1609375 0.3140625 0.0140625 0.05
1 0.484375 0.30625 0.009375 0.05078125
1 0.5265625 0.2828125 0.01171875 0.04453125
1 0.696875 0.2859375 0.0078125 0.05
1 0.109375 0.57578125 0.01875 0.09296875
1 0.625 0.340625 0.01484375 0.05859375
1 0.15 0.3984375 0.01171875 0.06640625
1 0.2671875 0.38203125 0.01640625 0.0640625
1 0.4265625 0.3171875 0.01015625 0.05234375
1 0.175 0.353125 0.01328125 0.06875
0 0.9546875 0.353125 0.015625 0.0609375
1 0.3421875 0.3953125 0.0140625 0.05546875
1 0.609375 0.37421875 0.01328125 0.0609375
2 0.325 0.359375 0.0140625 0.0578125
1 0.621875 0.40625 0.01328125 0.0671875
1 0.9078125 0.41796875 0.021875 0.06796875
2 0.0171875 0.94453125 0.0296875 0.109375
1 0.815625 0.684375 0.03125 0.1046875
1 0.18203125 0.73828125 0.025 0.1140625
