1 0.44609375 0.3453125 0.0125 0.04140625
1 0.815625 0.34375 0.009375 0.0390625
1 0.33828125 0.28515625 0.015625 0.03203125
1 0.7859375 0.31875 0.01015625 0.0453125
1 0.34375 0.3125 0.009375 0.04296875
1 0.815625 0.3828125 0.0109375 0.0578125
1 0.4640625 0.265625 0.00859375 0.0359375
1 0.4453125 0.3640625 0.0125 0.0609375
1 0.4890625 0.3 0.00859375 0.04765625
1 0.4734375 0.28046875 0.009375 0.040625
1 0.73046875 0.2953125 0.0078125 0.0390625
1 0.8046875 0.365625 0.0125 0.0609375
0 0.0953125 0.34453125 0.0109375 0.05234375
1 0.503125 0.3078125 0.0078125 0.0484375
2 0.60859375 0.34921875 0.01015625 0.05234375
1 0.6265625 0.3828125 0.0109375 0.05
1 0.8625 0.5359375 0.015625 0.07578125
1 0.1265625 0.41875 0.0125 0.0609375
1 0.7109375 0.3671875 0.01171875 0.05546875
2 0.928125 0.8828125 0.028125 0.1296875
1 0.353125 0.6 0.02421875 0.1109375
1 0.8453125 0.76328125 0.02421875 0.1125
2 0.36484375 0.2578125 0.009375 0.0390625
