1 0.30852674029653515 0.33004464380798587 0.013918656260602269 0.04091594072944442
1 0.5678124602594682 0.28185649126319395 0.010684528855940557 0.03771820554708336
1 0.33482385626845146 0.38173377716673584 0.015917665879249122 0.053452308320624996
1 0.33450888693849057 0.3013377623490969 0.0121924651536097 0.03619207313826393
1 0.2934275299522489 0.36005945212861085 0.01904266587924912 0.05352504350298615
1 0.16997018258465407 0.40820862424069426 0.017698420688572504 0.059738675911805574
1 0.5090723773198438 0.3097645921368746 0.015590283665263983 0.044077308320624994
1 0.4569369584453697 0.3273709726458329 0.009449411069925695 0.047056837955902785
2 0.4098238562684514 0.3799881327900691 0.011230165879248943 0.05334320554708336
1 0.17836303594269864 0.4361154186936109 0.014464293283910834 0.05654094072944442
1 0.138844178956457 0.49480074088194426 0.02389385698624169 0.058321646276527875
1 0.3225842618960815 0.46398323271381914 0.014573420688572546 0.05966594072944442
1 0.3800049254130779 0.25031946979604136 0.009012901451278843 0.03455683795590279
1 0.66835560808255 0.33103691404086744 0.012683538474587409 0.05025457313826394
1 0.4646353526402544 0.4645800319163885 0.018025802902557685 0.06911367591180557
1 0.5157613430216076 0.4758799014074301 0.01937004809323426 0.06290004350298624
0 0.014613049189542574 0.3415692509499305 0.020496038474587384 0.05043641109416672
1 0.8130802871238251 0.5009649414919437 0.021150802902557685 0.06918641109416654
1 0.44084069937487697 0.542414744397326 0.01684524881887377 0.08001480832062491
1 0.20561501670540494 0.46046080205236095 0.011557548093234237 0.06271820554708327
1 0.5484597372164922 0.6125070792190968 0.021696439925866073 0.08481141109416654
2 0.687227148371236 0.2377044881290619 0.010684528855940557 0.03771820554708327
