1 0.3212872519449076 0.7176119002274615 0.009611349336070062 0.041007001977166266
1 0.3336918031745716 0.7017149861970167 0.017432939695149675 0.04288783695813834
2 0.3586327158405541 0.6925774081361269 0.008094301131468118 0.048755834980972065
1 0.2977179417382531 0.6940006452845455 0.014317030054229286 0.04432300296574958
1 0.23345999901804135 0.6577965484405756 0.01591589149054773 0.05063666996194396
1 0.3773190833269967 0.6824039120904596 0.011228391490547728 0.05044566897336082
1 0.4205332730221464 0.7263422544858054 0.012754530054229463 0.04425933596955502
1 0.2835054508134395 0.6676463923187961 0.01279089149054773 0.0505093359695552
1 0.6607946586589618 0.6736469718997415 0.009684072208706951 0.05350700197716627
1 0.341208866504484 0.6512520711779886 0.01591589149054773 0.050636669961943784
1 0.5415997519449076 0.7265889466908707 0.008048849336070063 0.040943334980972065
1 0.5116531767111384 0.6808480237631772 0.009656801131468029 0.048819501977166266
1 0.2200787550681656 0.6400678789729233 0.015897710772388506 0.04751166996194396
1 0.3986486617822197 0.5895452500371811 0.015970433645025393 0.06001166996194396
1 0.7629020593228917 0.6371921601504742 0.017532933645025395 0.06007533695813834
1 0.5747828731437835 0.25461578760334164 0.02559996369925486 0.10414367193911023
1 0.7485804840891225 0.5920879071847247 0.014426114363184795 0.06307300296574958
1 0.7124884479847691 0.5640610662722537 0.022238614363184795 0.06339133794672165
1 0.6122328761688456 0.24755004551200707 0.024055644417413903 0.10720500494291585
1 0.3823691559284872 0.47640858007523706 0.026989746876741983 0.0745198389353046
1 0.23746117690753024 0.5400187994291588 0.019113614363184706 0.06326400395433271
1 0.1769827400410509 0.6164420365775775 0.01749657220870704 0.053825336958138334
2 0.7058713302037388 0.7692114812912818 0.011155668617910841 0.037945668973360824
1 0.3965326916400572 0.7628554160447922 0.009611349336070062 0.041007001977166266
