1 0.44714553063336526 0.2794114610069509 0.009756808004454243 0.03352289502097818
1 0.3935478159611836 0.3160108892214081 0.008267033338636143 0.03965449585081515
1 0.6489983846276381 0.3369316535430625 0.012972714672181595 0.041572193361304244
1 0.35092396395609293 0.35031411162700643 0.009956802673454312 0.05071039502097818
1 0.5978716892902748 0.36277118051276425 0.013045440006363406 0.04782219336130424
1 0.5086273759548202 0.3716474278134719 0.009938621339908771 0.04914789502097818
2 0.4708182932845476 0.39536834772955926 0.013118165340545218 0.05407219336130416
1 0.22936604260822996 0.4482286255244536 0.02249316534054513 0.05478258838228225
1 0.4798649345958214 0.5586971419207005 0.014717028007635946 0.05731559253146727
1 0.3270228399506841 0.3883818740745611 0.01944089067472694 0.060795790041956274
1 0.6998143552673667 0.5393947253286052 0.01798747867599957 0.07005239087179334
1 0.419700688613957 0.420426624699261 0.014789753341817757 0.06356559253146728
1 0.9069632365929579 0.6121730649602876 0.027435204010181024 0.07701278589277152
1 0.7100069679344576 0.5370393199346649 0.014898841343090474 0.07294059253146727
1 0.5297274799093223 0.7086980645360802 0.019913605346908447 0.10142079004195637
1 0.41502173193827563 0.48653687677385343 0.024055665340545217 0.054900987552445456
0 0.04772623862191115 0.3335946726153798 0.017769302673454234 0.051302390871793245
1 0.39467341661363886 0.4208759879766526 0.01631589067472685 0.0605589917016303
1 0.8115796532861385 0.40946061682509854 0.01626134667409076 0.05587149170163026
1 0.24400015993000324 0.5345688672260838 0.025781797342454116 0.06908188672260848
1 0.2695359619271397 0.5576162035337738 0.021257929344363102 0.08278918921211939
2 0.7666858713001379 0.3028428413052893 0.011410214672181595 0.041453794191141216
