1 0.2949574747692124 0.6922930454563428 0.011194365177646404 0.03922614123370209
1 0.5878170628585536 0.6848355069031541 0.011194365177646404 0.03922614123370209
2 0.9109804652586998 0.3711319224898807 0.025586504962398494 0.08006932954530477
1 0.5575495200544827 0.706474727682161 0.01112159057054054 0.0376636412337021
1 0.6540028349844601 0.6453678579588142 0.011631012820281584 0.04860114123370209
1 0.4272583984666955 0.6454162711066136 0.01133991439185813 0.042351141233702094
1 0.8835640564484126 0.6554347845025895 0.014683238213175543 0.047093188311602675
2 0.5177356951997079 0.6070883823085437 0.011703787427387447 0.050163641233702094
1 0.46010728577024834 0.6456247767886565 0.01312073821317572 0.04706591477265239
1 0.337025042594674 0.521107792209932 0.013994033498446079 0.06581591477265239
1 0.5881209698068137 0.6074235730557783 0.018099336641599174 0.05339773538950343
1 0.5030117615774273 0.4924082735422456 0.015629308105551944 0.06740568831160268
1 0.64626095553879 0.6134457021146157 0.014974336641599173 0.053343188311602674
1 0.766909441685051 0.467472908690163 0.01889985731976367 0.07058523538950343
1 0.6514128742738744 0.4890360373419633 0.024349336641599172 0.053506829545304765
1 0.4353126852749103 0.44902251217815986 0.02812930810555194 0.06762387662320535
1 0.20843346980681368 0.6140510430207109 0.014974336641599173 0.053343188311602674
1 0.7485768186495219 0.45997405438809197 0.01599318114108108 0.07521818831160268
1 0.6158199766312393 0.48027469196834593 0.015702082712657627 0.06896818831160267
1 0.46085849482820435 0.4603048855549545 0.015556533498445902 0.06584318831160267
1 0.71508157609312 0.5801871428618505 0.0166823858558109 0.05649546185055314
1 0.5792810090962279 0.4512008465947286 0.02358735731976367 0.0706670560063543
1 0.17205070595307478 0.4708192402607674 0.02849318114108117 0.07543637662320535
2 0.24859405107172936 0.7376697751638034 0.009340766749222951 0.032948867694751624
