1 0.5720033112836752 0.3356440304421045 0.014629066033373661 0.04084318831160268
1 0.20239017412854537 0.34053172240385987 0.01142217887824375 0.03922614123370209
1 0.6766631558111798 0.273605906254531 0.017262743102595124 0.03152273538950343
1 0.23076747964646938 0.31501352516380343 0.011749727498762751 0.0454761412337021
1 0.6726274310259504 0.30104511364085723 0.011667840343633173 0.043913641233702096
1 0.2044373530067892 0.37959422240385987 0.013967324739800802 0.05800341477265238
1 0.5498583163720578 0.25627017614003333 0.011258404567984215 0.036101141233702096
1 0.5737672071452322 0.35438039367262936 0.015693599050060313 0.061155688311602674
1 0.5266598337849123 0.29108155276323877 0.011831614653892686 0.04703864123370209
1 0.5412612443457905 0.27127756737373543 0.011504066033373662 0.04078864123370209
1 0.2850079223195231 0.2906078145310663 0.009859678878243728 0.03919886769475171
1 0.21447409430036193 0.3622158076312075 0.015693599050060313 0.061155688311602674
0 0.9227436177061105 0.32873987094775314 0.013721663274411355 0.053315914772652385
1 0.5130067695605611 0.2991395146137919 0.010351001809022264 0.048573867694751714
2 0.4097080291714995 0.3423867284929399 0.012159163274411532 0.0532886412337021
1 0.3934998530067892 0.3762941241908687 0.013557888964152021 0.05019091477265238
1 0.16558729420950488 0.5335374285723701 0.019555583446228077 0.07527273538950344
1 0.8953832575747734 0.40350409172675994 0.015693599050060313 0.061155688311602716
1 0.3083059814554917 0.36214189529418717 0.015447937584671046 0.05646818831160268
2 0.1181412426483098 0.8815579172082844 0.03492163387576941 0.13017842370110627
1 0.6783196675698248 0.5887087548745592 0.030813988014212514 0.11137387662320535
1 0.1946893752808838 0.7605811696439163 0.030895875169342134 0.11293637662320535
2 0.6486676305964091 0.2467258064166868 0.011422178878243728 0.03922614123370201
