1 0.4721948802449563 0.7506842385871226 0.012106516091543363 0.039117042154477664
1 0.3339357735562374 0.6623898739293503 0.02068384059717552 0.05009999394987581
1 0.39335433222242766 0.7073751210024841 0.013996798022528623 0.04381363251355737
1 0.6982603535097512 0.7087275009819587 0.013996798022528623 0.04381363251355737
1 0.7276093639013114 0.636652513082207 0.01599634059717552 0.050072722872636886
2 0.4858589064759583 0.6443115187395477 0.017777361884498966 0.05320681323171641
1 0.5945508454639794 0.6897916695016736 0.014433840597175517 0.05006363251355737
1 0.3084223213266644 0.6328387293155446 0.019558383171822413 0.056340903590796285
1 0.3455070580851126 0.6490359010567135 0.019558383171822413 0.056340903590796285
1 0.4688352974414509 0.6467552626894235 0.014652361884498966 0.05318863251355736
1 0.5557779225675017 0.6829831332991242 0.02046531930985207 0.04697499394987581
1 0.443360050039341 0.6289274132551577 0.019558383171822413 0.05634090359079611
1 0.3725069646379455 0.5433671631569619 0.033402361884498966 0.0532977168225127
1 0.28019949631682917 0.4751262232654204 0.01886996832111638 0.06883181323171658
1 0.23950879433935776 0.5191307533196496 0.022104228964778105 0.07041249394987581
1 0.7100669487985037 0.5757922811343839 0.01843292574646931 0.06258181323171659
1 0.5079749350527488 0.4464461904807166 0.028135707677454568 0.06732385538619426
1 0.8247792948435609 0.6626605011783504 0.019449122528160955 0.05477840359079629
1 0.20154461859288836 0.45682619603986147 0.02533848960843983 0.07199317466803504
1 0.5865098444555732 0.39596894662903664 0.02933757475773362 0.08451135538619425
1 0.9002770495351378 0.47933439589035204 0.023994510895763453 0.07510908430895533
2 0.7751941941069267 0.7583002541052166 0.01366901609154354 0.039126132513557364
