1 0.44375 0.28515625 0.0125 0.03125
1 0.453125 0.3 0.009375 0.03359375
1 0.29609375 0.3109375 0.009375 0.03828125
0 0.0421875 0.3453125 0.0109375 0.0359375
1 0.26875 0.36875 0.0109375 0.03984375
1 0.30234375 0.35 0.0109375 0.04375
1 0.2796875 0.32578125 0.009375 0.04296875
2 0.41015625 0.3296875 0.0078125 0.04140625
1 0.39375 0.34453125 0.0125 0.04453125
1 0.53515625 0.359375 0.009375 0.046875
1 0.56875 0.31328125 0.0140625 0.0359375
1 0.671875 0.365625 0.01015625 0.05078125
1 0.1921875 0.3875 0.009375 0.04765625
1 0.2359375 0.35078125 0.009375 0.0484375
1 0.3734375 0.375 0.01015625 0.04921875
1 0.721875 0.4015625 0.0140625 0.05703125
1 0.634375 0.4375 0.0125 0.05703125
1 0.6984375 0.44765625 0.0109375 0.05703125
1 0.2109375 0.45625 0.0140625 0.0578125
1 0.4359375 0.4125 0.0125 0.053125
1 0.35625 0.50546875 0.01796875 0.0609375
1 0.63515625 0.75703125 0.021875 0.10078125
1 0.6640625 0.765625 0.021875 0.103125
2 0.7 0.278125 0.009375 0.040625
1 0.3046875 0.321875 0.0109375 0.03828125
