1 0.296875 0.37562084233097454 0.04375 0.012690176764564676
2 0.2578125 0.732817113076899 0.034375 0.015104781743586492
1 0.2578125 0.37734836307689895 0.040625 0.010890878424238614
1 0.32265625 0.47757442863866445 0.053125 0.013400571785542858
1 0.496875 0.24858843611184164 0.0734375 0.014939760997662078
1 0.334375 0.4737749224148871 0.05 0.01160127344521662
1 0.2796875 0.5743184514591813 0.04375 0.012690176764564676
1 0.33984375 0.3320018195104577 0.053125 0.013400571785542858
1 0.3625 0.39699985747782157 0.053125 0.014963071785542858
1 0.371875 0.4188040024987997 0.059375 0.016999168466194804
1 0.3625 0.3587186074778216 0.0625 0.01567346680652095
1 0.496875 0.8642134361118415 0.065625 0.03309776514684728
2 0.4046875 0.4439466350722232 0.0609375 0.01711756763635801
1 0.4421875 0.27725696515613574 0.0671875 0.019153664317009954
1 0.4546875 0.6032041585174399 0.071875 0.017946361827499046
1 0.346875 0.7169096157761914 0.05625 0.01676237012586874
1 0.45625 0.40801005768760296 0.0640625 0.01891686597668394
1 0.5078125 0.2572297303029828 0.075 0.019745660167825106
1 0.4296875 0.2278722717948316 0.0703125 0.020952962657336018
1 0.43828125 0.5316484672307282 0.071875 0.019508861827499047
1 0.540625 0.4972161128764063 0.0859375 0.022136954358966322
1 0.72578125 0.7612464145407246 0.1078125 0.033169542741248746
