1 0.646875 0.296875 0.0078125 0.04375
2 0.28671875 0.2578125 0.0109375 0.03515625
1 0.6421875 0.2578125 0.0078125 0.040625
1 0.546875 0.32265625 0.009375 0.053125
1 0.7890625 0.496875 0.01015625 0.0734375
1 0.5515625 0.334375 0.0078125 0.05
1 0.446875 0.2796875 0.01015625 0.04453125
1 0.69375 0.33984375 0.009375 0.05390625
1 0.63046875 0.3625 0.0109375 0.053125
1 0.609375 0.371875 0.01171875 0.05859375
1 0.66875 0.3625 0.0109375 0.0625
1 0.1734375 0.496875 0.02890625 0.065625
2 0.58671875 0.4046875 0.0125 0.0609375
1 0.75625 0.4421875 0.0140625 0.0671875
1 0.43125 0.4546875 0.0125 0.071875
1 0.309375 0.346875 0.01328125 0.05546875
1 0.6265625 0.45625 0.0140625 0.0640625
1 0.78125 0.5078125 0.0140625 0.075
1 0.8046875 0.4296875 0.015625 0.0703125
1 0.5015625 0.43828125 0.0140625 0.071875
1 0.54375 0.540625 0.015625 0.0859375
1 0.29375 0.72578125 0.025 0.1078125
