2 0.69375 0.26484375 0.0109375 0.0375
1 0.6171875 0.3 0.009375 0.03984375
1 0.3296875 0.3265625 0.01015625 0.0484375
1 0.540625 0.3328125 0.0109375 0.04765625
1 0.359375 0.30234375 0.0125 0.04296875
2 0.009375 0.81171875 0.01796875 0.09296875
1 0.503125 0.33828125 0.0125 0.05078125
2 0.428125 0.40546875 0.0109375 0.05546875
1 0.15703125 0.6875 0.015625 0.096875
1 0.30234375 0.3671875 0.0140625 0.05
1 0.31484375 0.378125 0.0140625 0.05703125
1 0.2609375 0.39765625 0.015625 0.0625
1 0.371875 0.51015625 0.0140625 0.059375
1 0.3890625 0.45234375 0.01640625 0.065625
1 0.74921875 0.346875 0.01328125 0.053125
1 0.446875 0.41015625 0.0171875 0.06484375
1 0.2140625 0.4890625 0.015625 0.07265625
1 0.51484375 0.628125 0.0171875 0.08984375
1 0.9109375 0.5546875 0.0203125 0.07890625
1 0.203125 0.778125 0.02734375 0.1078125
1 0.6484375 0.684375 0.02265625 0.0890625
1 0.66484375 0.4765625 0.01640625 0.0703125
1 0.70625 0.4390625 0.01328125 0.0609375
