1 0.461156163817699 0.6966680052645573 0.01670165258848364 0.04539431323171641
1 0.7683455794897751 0.5749758542078439 0.01908319994353036 0.05946590359079611
2 0.7032988902107629 0.7793542819991369 0.0150481473268119 0.04382272287263689
1 0.7652969032237682 0.6273196042078439 0.018537168373499214 0.05009090359079611
1 0.4521829822194331 0.6762964179305397 0.01523015785015538 0.04694772287263689
1 0.6049369849208561 0.7506474990180413 0.01624662628012441 0.03758181323171641
1 0.3054907217666765 0.7528129452542945 0.012105157850155469 0.046929542154477845
1 0.5008564296733018 0.7664537853187866 0.017991136803468068 0.040715903590796285
1 0.42899611120098047 0.712111198082965 0.01403167889684287 0.05318863251355736
1 0.33301648229002023 0.7498470265381879 0.01201415258848364 0.045367042154477843
2 0.5083797743128079 0.6641191256778661 0.01715667889684287 0.05320681323171641
1 0.7168601322476679 0.7075338241536147 0.01715667889684287 0.05320681323171659
1 0.6126276585560271 0.6991122700952802 0.015685184158514786 0.05476022287263689
1 0.5988227637894642 0.667771366504484 0.01679265785015538 0.04695681323171659
1 0.2950005427992465 0.7316510175611974 0.015412168373499213 0.050072722872636886
1 0.2321967059110738 0.6828317224798535 0.017520699943530272 0.05945681323171659
1 0.6516824532802379 0.6860537338927308 0.018810184158514785 0.05477840359079629
1 0.36426575326612043 0.6695328126425414 0.01715667889684287 0.05320681323171641
1 0.5445902900978234 0.6596407039366975 0.022026189420186526 0.05635908430895533
1 0.2673291110598062 0.5626828489432866 0.025879231513561328 0.06887726502711473
1 0.7488969004517578 0.4795179084625699 0.022936242036904985 0.07198408430895534
1 0.5200761375093398 0.7048259389095828 0.01871917889684287 0.05321590359079629
