2 0.6854837315653145 0.7822126294647553 0.011011911069925695 0.04736632293077854
1 0.5772074400955022 0.7632811657608024 0.013973219962933214 0.04284259724103805
1 0.1804564364673052 0.656708102668105 0.011448420688572547 0.05986632293077854
1 0.2126885831092606 0.6864708457706999 0.011230165879249122 0.05361632293077854
1 0.32282747494189257 0.7140779466297826 0.012574411069925694 0.04744821008590829
1 0.1848909653232457 0.6943718769783644 0.015808538474587408 0.050736984396167806
1 0.5086012838349 0.7191350180902231 0.011121038474587407 0.050491322930778536
1 0.5516072393698629 0.7447834712787265 0.014027783665263981 0.04440509724103805
1 0.7218106119652011 0.7505841711878694 0.009558538474587408 0.050409435775648784
1 0.12418904518282736 0.4299508508590826 0.022023822139851344 0.09473264586155702
1 0.6480258823836211 0.6921298620519007 0.017698420688572546 0.06019387155129756
1 0.1710070253973795 0.6094236668924562 0.014791675497895973 0.06628009724103805
1 0.28876744427185347 0.6319714535271876 0.017862111795565117 0.06488137155129756
1 0.45040683791858405 0.7051676933504223 0.011230165879249122 0.05361632293077854
1 0.1975893727649743 0.6560463613745322 0.014900802902557641 0.06940509724103805
0 0.9772768727649744 0.6969080517842784 0.017752984390903493 0.06175637155129756
1 0.3633036528020412 0.6226207869734157 0.016026793283910833 0.05698698439616763
1 0.6312277627835078 0.6577172405006032 0.014627984390903492 0.06159259724103805
2 0.3473711179556509 0.6576575282669884 0.01608135698624169 0.058549484396167806
1 0.6426092068857252 0.6263410877416412 0.01484623920022674 0.06784259724103806
1 0.9281374791182438 0.6296076871303858 0.024275802902557687 0.06989642017181659
2 0.01912451143274538 0.056369508706427277 0.033506959163159905 0.11093085594746528
1 0.8266468678708329 0.3583700949777305 0.034905768056167116 0.10632524310259503
1 0.19117067014041836 0.27125860357261605 0.02898315027015248 0.1153726944820761
