1 0.6625253854460353 0.6846939701072914 0.03949914764263518 0.012334979254075585
1 0.6738268742783836 0.39190281886253586 0.03949914764263518 0.012334979254075585
2 0.38173368941324876 0.07772745538465156 0.080706344499482 0.02791335767831422
1 0.6934651321362664 0.42155443006533505 0.03793664764263518 0.012216580083912732
1 0.6387113196874884 0.32683484853152994 0.04887414764263518 0.013045374275053766
1 0.6242527516571391 0.5536933464569376 0.04262414764263518 0.012571777594401645
1 0.6634352996284965 0.09686300600006272 0.047457196856846906 0.016051975104890714
2 0.5918277034763847 0.46428822695576855 0.05043664764263518 0.013163773445216798
1 0.6265622684063621 0.5208216468718561 0.04738442224974104 0.014489475104890737
1 0.49454167287342277 0.6475994796550608 0.06613442224974105 0.015910265146846923
1 0.5966650607961481 0.39385732778560556 0.05385274607105863 0.01965057178554286
1 0.4765473058337495 0.4823655659627509 0.0677696968568469 0.017591164317009956
1 0.6063889712590649 0.3355120315198719 0.053707196856846905 0.01652557178554286
1 0.46857010173819236 0.21906100517487012 0.07104024607105863 0.020952962657336104
1 0.482679643508806 0.3339872655478323 0.054143844499482084 0.025900571785542857
1 0.42895952233530343 0.5513649423123971 0.06835189371369377 0.030091164317009957
1 0.5789808312694248 0.7735448277856055 0.053707196856846905 0.01652557178554286
1 0.459920693756475 0.23762175102568522 0.0755821968568469 0.01818316016782511
1 0.47166721484892415 0.36985391056881045 0.06933219685684691 0.017709563487173074
1 0.44184266604899725 0.5254769485361743 0.06620719685684691 0.017472765146846925
1 0.5776325785788285 0.26762671450821396 0.05690497146395277 0.01832487012586892
1 0.4403422861890423 0.40725974480190796 0.07125856989237604 0.02564046265733606
1 0.43384811373441357 0.8141250514406038 0.07616439371369363 0.03068316016782511
2 0.7048006226257537 0.7297570937576452 0.03317637303552932 0.010298882573423462
