2 0.17681713252103232 0.7842305074012557 0.011831614653892552 0.04747577729789594
1 0.29991379579544386 0.7388154827242535 0.020879066033373483 0.041826554595791876
1 0.27010346506274924 0.7392567712809163 0.014792840343632995 0.04455103639719447
1 0.42073090683129183 0.7967257171465498 0.01471095318850324 0.042988536397194466
1 0.5603666169172001 0.7946997470653393 0.011749727498762751 0.04591327729789576
1 0.32266189902937575 0.7833863055186425 0.017672178878243728 0.04006379549649317
1 0.5069893113992762 0.766195212827613 0.016601001809022263 0.049338665946843815
1 0.5838041169172001 0.796201690310079 0.016355340343633173 0.04465116594684382
1 0.738168469585305 0.6477513032022907 0.02202548620519007 0.06370155459579188
1 0.31775971506274925 0.7423107225452206 0.015038501809022265 0.049238536397194464
1 0.6350257801916117 0.7461807063492081 0.012322937584671045 0.05685077729789576
1 0.5424354884684977 0.7778731924695474 0.013557888964152021 0.050700906847545114
2 0.3846915875185579 0.7066223488556673 0.017010437584671044 0.057151165946843815
1 0.29221748247560375 0.7061834554263575 0.01824538896415202 0.05100129549649317
1 0.4828491265281386 0.7481868900332239 0.0166828889641522 0.05090116594684382
1 0.1470554686807939 0.634171148209672 0.024822937584671044 0.05765181369509058
1 0.4197283288121307 0.7261128284976017 0.018409163274411534 0.05412629549649317
1 0.40155153889803896 0.7139737739018098 0.016846663274411665 0.05402616594684382
1 0.24502930122251082 0.5894978007382805 0.028603034825709094 0.07035207279438929
1 0.22241067277380835 0.5723708574935407 0.02539614767057934 0.06858931369509058
1 0.28239874717492486 0.7439640576781109 0.017754066033373574 0.041626295496493174
1 0.2912005370890166 0.7555023349760068 0.014629066033373573 0.041426036397194464
