1 0.5307405007914229 0.3046875 0.010647994985435005 0.04375
1 0.609836967405328 0.284375 0.008949102665567032 0.0390625
1 0.5802942199126104 0.2625 0.008903638558944493 0.0375
1 0.4589109648980455 0.30625 0.01073892319868044 0.046875
1 0.32192779044572384 0.2703125 0.010420674452321688 0.0359375
1 0.5207122829238765 0.3359375 0.010784387305303155 0.0484375
1 0.6978658163099712 0.35625 0.015608279625171306 0.053125
2 0.5756043714036785 0.34296875 0.010829851411925873 0.05
1 0.7710425550272002 0.4546875 0.017170779625171127 0.053125
1 0.650980107613625 0.46328125 0.015426423198680438 0.046875
1 0.6676554790838105 0.33828125 0.017079851411925872 0.05
1 0.3246472766556703 0.390625 0.014227636051661907 0.059375
0 0.9486099623907631 0.328125 0.015517351411925872 0.05
1 0.809025939825221 0.525 0.020477636051661818 0.059375
1 0.46914508590601256 0.496875 0.014454956584775403 0.0671875
1 0.5938890216411054 0.434375 0.02351170783841656 0.05625
1 0.40534334718878373 0.3984375 0.022040136051661864 0.059375
1 0.7428386501709199 0.559375 0.019187920691397943 0.06875
1 0.23214988809672593 0.353125 0.014045779625171128 0.053125
1 0.18191787054574868 0.50625 0.020795884798020657 0.0703125
2 0.9741916017411303 0.6703125 0.03397784639736088 0.09375
1 0.5068677094212621 0.665625 0.039909597651002215 0.0828125
2 0.2757060083132702 0.2390625 0.01055706677218975 0.040625
1 0.6340928213245363 0.3125 0.013772994985435005 0.04375
