2 0.7432287620941775 0.69375 0.03762726933481808 0.0109375
1 0.7071816267504507 0.6171875 0.04073408800127254 0.009375
1 0.6772737613780888 0.3296875 0.04854658800127272 0.009375
1 0.673478241406724 0.540625 0.04700226933481808 0.0109375
1 0.7018379567154523 0.359375 0.043895450668363624 0.0125
2 0.18839033800127267 0.009375 0.09396817600254534 0.01875
1 0.6675731394016332 0.503125 0.05014545066836362 0.0125
2 0.5995129353914519 0.428125 0.056377269334818084 0.0109375
1 0.3143272240213172 0.15703125 0.09705681333545443 0.015625
1 0.6363305880410436 0.30234375 0.050163632001908987 0.0140625
1 0.6255385387094071 0.31484375 0.056413632001908985 0.0140625
1 0.6053800327020893 0.2609375 0.06268181333545435 0.015625
1 0.4941709073838158 0.371875 0.05953863200190916 0.0140625
1 0.5521834020528157 0.3890625 0.06580681333545435 0.015625
1 0.6618429494350409 0.74921875 0.053270450668363625 0.0125
1 0.5950436113939972 0.446875 0.0658249946689999 0.0171875
1 0.5134283426957259 0.2140625 0.07205681333545436 0.015625
1 0.3778657494032241 0.51484375 0.09082499466899989 0.0171875
1 0.4559122174569943 0.9109375 0.0783613573360908 0.0203125
1 0.2242385733609078 0.203125 0.108139764003818 0.028125
1 0.3231702534213596 0.6484375 0.08931703866963625 0.021875
1 0.5311736574235868 0.66484375 0.07049431333545453 0.015625
1 0.5691554627625411 0.70625 0.061082950668363625 0.0125
