2 0.23511672245201454 0.7728397053628168 0.010466027735416716 0.04698408800127254
1 0.3541927243518756 0.721114668045816 0.019695557370694505 0.04084317600254543
1 0.3245597757386464 0.7231129727084527 0.013518292553055566 0.043895450668363624
1 0.47879398726965344 0.7725509933959062 0.01348192496187508 0.04233295066836362
1 0.6176019141313895 0.7632316320814508 0.010429660144236052 0.045421588001272536
1 0.3801928331093409 0.7643743193825432 0.01653418977951393 0.03924431333545453
1 0.5623325326725006 0.7375952854073603 0.01518989532659738 0.048601132001909166
1 0.6410394141313895 0.7635043520846325 0.015080792553055566 0.04391363200190899
1 0.7834600374221533 0.6073918067711316 0.020204703647222287 0.06271817600254526
1 0.3722160257386465 0.7236675033815887 0.013627395326597203 0.04858295066836362
1 0.6882404160312505 0.7109429734245413 0.010684233282499988 0.05635908800127272
1 0.598488238219584 0.7473884560789055 0.012101262917777689 0.05012726933481808
2 0.4361324021635422 0.6845782787237247 0.015371733282499989 0.056413632001908985
1 0.3440721887326742 0.6889743300445434 0.016788762917777866 0.05018181333545453
1 0.5369506729651048 0.7208981340706331 0.015226262917777867 0.050163632001908987
1 0.19417998508545192 0.6247471033577261 0.023184233282500032 0.05650453866963616
1 0.47246994566652845 0.70218394939527 0.016861498100139018 0.05330681333545435
1 0.4534653725282645 0.6910282733927245 0.015298998100139016 0.05328863200190899
1 0.2883105383720838 0.5750749147039983 0.026600174011944498 0.06904090133672706
1 0.26450936246027823 0.5591771947008166 0.023438806420763923 0.06744203866963616
1 0.3371506947165978 0.7271646733768161 0.016570557370694506 0.04080681333545435
1 0.3467802678548617 0.7382112613780889 0.013445557370694416 0.04077045066836362
