1 0.4350001512531051 0.41440966334736035 0.009629530054229285 0.04407738221398514
1 0.43952454567051913 0.3080232540915332 0.012736349336070063 0.04106150961864685
1 0.3588648981298472 0.3436457847615723 0.009638620413308985 0.04563988221398514
1 0.46626430767257165 0.2766269211519087 0.009593168617910841 0.03782738221398514
0 0.12622966013189968 0.3213070264088698 0.012754530054229284 0.044186509618646855
1 0.4601728680756178 0.38384914411006665 0.01595225292686635 0.056795637023308566
1 0.3506069705349459 0.42048110327322663 0.01593407220870695 0.053670637023308564
1 0.3493444523845733 0.36897316697555743 0.012827252926866262 0.05668650961864685
2 0.5227001391528567 0.3769790960168324 0.012772710772388507 0.04731150961864685
1 0.73716261495236 0.3007538687975052 0.012763620413308984 0.04574900961864685
1 0.560336494539051 0.3522320671608919 0.01124657220870695 0.053506945916315996
1 0.43164789227611466 0.4535812907520221 0.01438066256778665 0.05517857332097762
1 0.5931399041799714 0.3526487294119439 0.019040891490547728 0.050654764427970275
1 0.3396103832009284 0.4310192991895425 0.011282933645025483 0.059756945916316084
1 0.31642286807561787 0.3888690047245054 0.017514752926866262 0.05685020072563942
1 0.5254615247896719 0.43936996861217076 0.01595225292686635 0.056795637023308566
1 0.4344456393492484 0.5097221633473603 0.015997704722264316 0.06460813702330856
1 0.5392740399149826 0.48184764529119306 0.01282725292686635 0.05668650961864685
2 0.11671271780447139 0.6145485949205242 0.022347698672140127 0.082013891832632
1 0.757066048793777 0.37035704066720404 0.01593407220870695 0.053670637023308564
1 0.6304484857584522 0.518499418704838 0.01759656615858276 0.07091270072563952
1 0.6711552989901689 0.5030182624442358 0.026944295081343838 0.06655258293962447
1 0.823589952580965 0.48207330146697724 0.022265885440423717 0.06795139183263199
2 0.742250090751863 0.23184017769051263 0.00955680718159222 0.031577382213985136
