2 0.7458507356568477 0.263432024383395 0.037881945916316086 0.01312162628012441
1 0.7133681070710597 0.34204214277101164 0.04095238221398514 0.011741136803468066
1 0.6968453282999372 0.631089232219433 0.04876488221398514 0.012196163111827297
1 0.6832292284852717 0.4205157532661204 0.04725694591631609 0.01366765785015538
1 0.7200273679556509 0.5999911506635194 0.044186509618646855 0.0150481473268119
2 0.22287463727776258 0.9796588659685422 0.09440476442797027 0.024210315700310757
1 0.6790700073412121 0.45833427168197194 0.05043650961864685 0.015412168373499213
2 0.6145015650530933 0.5372474979338614 0.05663194591631608 0.014213689420186526
1 0.3419371174074967 0.8247676976656301 0.09742063702330857 0.02126732622365495
1 0.6571751930907272 0.6607991190229011 0.05049107332097762 0.016974668373499213
1 0.6458011834720804 0.6489361558546041 0.05674107332097762 0.017338689420186525
1 0.6281523812024947 0.7039799716255022 0.06304563702330857 0.019265210466874017
1 0.511778358337004 0.5995948504658752 0.05992063702330856 0.01908319994353036
1 0.5689906576113646 0.5790401557840169 0.06617063702330857 0.019447220990217673
1 0.6618824742241023 0.2127410506211671 0.05356150961864685 0.01559417889684287
1 0.609159300625123 0.518770513718877 0.0662252007256395 0.021009720990217674
1 0.5383830422724205 0.7561787794333054 0.07242063702330856 0.019811242036904986
1 0.3888170295737307 0.4634969977220999 0.09122520072563951 0.02246580517696728
1 0.44842263103285873 0.06312600042352302 0.07883432813030104 0.024862763083592455
1 0.24970248818873647 0.7839522528425975 0.10879464664195541 0.034404363055357656
1 0.32790183302444253 0.33317943714228654 0.089826391832632 0.027062299915295362
1 0.5351414141499686 0.30466948733993054 0.07085813702330857 0.019720236775233248
1 0.571195476038201 0.2610791110598062 0.06137400961864685 0.0160492052052021
