1 0.45681917448596165 0.3046875 0.012434298022528623 0.04375
1 0.37855206285356424 0.284375 0.010544016091543363 0.0390625
1 0.40898796186482844 0.2625 0.010434755447881727 0.0375
1 0.5285849138422999 0.30625 0.01265281930985207 0.046875
1 0.6670354086465198 0.2703125 0.011887994804219915 0.0359375
1 0.465571461612727 0.3359375 0.012762079953513705 0.0484375
1 0.2875885732451244 0.35625 0.017777361884498966 0.053125
2 0.41039228871624917 0.34296875 0.012871340597175518 0.05
1 0.21039265269443508 0.4546875 0.019339861884498967 0.053125
1 0.33010421915429555 0.46328125 0.01734031930985207 0.046875
1 0.31853257064723434 0.33828125 0.019121340597175518 0.05
1 0.6594035890845662 0.390625 0.01665190445914604 0.059375
0 0.03799276483103564 0.328125 0.017558840597175517 0.05
1 0.16953842372965702 0.525 0.02290190445914595 0.059375
1 0.5105676153155683 0.496875 0.017198207677454568 0.0671875
1 0.38837554106203764 0.434375 0.025808383171822415 0.05625
1 0.5783885358662575 0.3984375 0.02446440445914604 0.059375
1 0.23432218956909887 0.559375 0.02199496832111638 0.06875
1 0.753432094532448 0.353125 0.014652361884499143 0.053125
1 0.797412051453598 0.50625 0.023666728964778016 0.0703125
2 0.008671251589483864 0.6703125 0.017342503178967728 0.09375
1 0.4659549658001009 0.665625 0.043290814114071985 0.0828125
2 0.7145331215197546 0.2390625 0.012215776735204997 0.040625
1 0.353147871267653 0.3125 0.015559298022528622 0.04375
