1 0.3030054054375079 0.779947004060485 0.04380454215447767 0.010138659090609537
2 0.26003963797450635 0.3783123660731939 0.037545451795398144 0.0084670649348082
1 0.3389565409761273 0.7816634626646273 0.04536704215447766 0.010165932629559827
0 0.3563414244716433 0.14379526988879765 0.048501132513557366 0.011782979707460539
1 0.29275214402463057 0.36055212175523677 0.03600113251355737 0.01156479139585782
1 0.3199656464605175 0.7405844951320313 0.040679542154477666 0.01008411201270878
1 0.31409185460062733 0.5367600657488824 0.04380454215447767 0.010138659090609537
1 0.32790839402463057 0.35993846712885413 0.046929542154477664 0.010193206168510206
1 0.33605775819142353 0.5520032362035776 0.04694772287263689 0.013318206168510116
1 0.27871743598271653 0.49987372037526506 0.037545451795398053 0.008467064934808022
1 0.2983259540348933 0.5128140511383859 0.04224204215447767 0.01011138555165907
1 0.417062839377121 0.6427861489476351 0.05317954215447766 0.01030230032431163
1 0.4158735649802324 0.8412645592560605 0.05944772287263693 0.01353639448011279
1 0.38300652282575476 0.8324623035740177 0.05944772287263689 0.01353639448011279
2 0.37235432737506846 0.6130946948077198 0.05006363251355737 0.011810253246410874
1 0.3876212999531178 0.8198804829571668 0.0594659035907962 0.01666139448011279
1 0.3821793001495095 0.6902748035740178 0.056322722872636885 0.01348184740221221
1 0.4382817708808471 0.12673840909390482 0.06568863251355736 0.012082988635914305
1 0.36190211982413373 0.4281020860414218 0.05318863251355736 0.011864800324311631
1 0.5675587848278073 0.8597127759778775 0.07984203610435348 0.02795345048646709
1 0.4105305173648057 0.4600691063339612 0.05943863251355732 0.01197389448011279
1 0.8224962697024967 0.8982359391289723 0.11575226502711473 0.023893241882325354
2 0.8775110226293631 0.9535313652657103 0.1282886264634328 0.030361430193927674
1 0.6069328186926656 0.37538264042621844 0.08761817466803504 0.02183981818121907
