1 0.5041289739739894 0.28646322342149416 0.011923147326811722 0.04407738221398514
1 0.5849995423757235 0.2633679746026205 0.010087631541796326 0.03933531851165428
1 0.5573673660391293 0.24250240309574136 0.009996626280124233 0.03777281851165428
1 0.4321629687123176 0.2905356537287135 0.012105157850155378 0.047202382213985136
1 0.2983185897307701 0.25934519583149795 0.011468121018452493 0.03626488221398514
1 0.4913713687405524 0.3180951693378101 0.012196163111827474 0.04876488221398514
1 0.6667508003388184 0.33224197097442343 0.01715667889684287 0.05361607332097771
2 0.5456493450630291 0.3232166897562302 0.012287168373499214 0.05032738221398514
1 0.731329968853492 0.42822410436953495 0.01871917889684287 0.053670637023308564
1 0.6105169399142968 0.4410192594490109 0.01679265785015538 0.04736607332097762
1 0.6381098608480447 0.31530993131870966 0.018537168373499214 0.05054563702330857
1 0.2905299345820377 0.3796849776826634 0.015958199943530184 0.059811509618646855
0 0.9199513950489117 0.2953322148991556 0.016974668373499213 0.05049107332097771
1 0.7631722320782588 0.4972816392159253 0.02220819994353036 0.06002976442797028
1 0.42574782678835205 0.4809969626217209 0.01641322625188941 0.06762400961864685
1 0.5559505372552259 0.41407730273292165 0.025151189420186525 0.05701389183263199
1 0.37054365827367847 0.38468744701262436 0.02377069994353027 0.06008432813030105
1 0.6939826163214781 0.534002878416152 0.02119173151356133 0.06935020072563951
1 0.20130781086216212 0.3453769542690185 0.01559417889684287 0.05356150961864685
1 0.1377017952183209 0.5004116838505984 0.022845236775233247 0.07096726442797027
2 0.915646242742777 0.6369740778758471 0.03671031570031076 0.09484127404661713
1 0.4487317585277923 0.648601124872773 0.04232327886860805 0.08412202885594056
2 0.2548261949642071 0.2296775431990928 0.011741136803468066 0.04095238221398514
1 0.6067989476656301 0.2906745190676577 0.015048147326811723 0.044186509618646855
