1 0.35050327072722454 0.4501118247135433 0.04077045066836362 0.012972714672181595
1 0.3532406561107222 0.8196248933799979 0.03917158800127272 0.009829533338636055
1 0.2890925087125888 0.3415993433720437 0.03143181333545444 0.01598862667090888
1 0.32789521077335876 0.7896464920432708 0.04542158800127272 0.009902258672817865
1 0.31649989337999784 0.34738626670908895 0.043859088001272716 0.0098840773392725
1 0.3923031561107222 0.8200794267186339 0.05793976933481808 0.011610209341181132
1 0.2710248560629971 0.4671533267027256 0.036046588001272716 0.009793170671545327
1 0.36924418006045173 0.44954875071608863 0.061082950668363625 0.013209072008272394
1 0.30569075739972423 0.49255331604072533 0.04698408800127272 0.009920440006363407
1 0.2859776940642698 0.47670104937140734 0.04073408800127272 0.009847714672181596
1 0.3038122734324954 0.7339050220400891 0.039153406667727174 0.008267033338636053
1 0.37498838677590407 0.808941932049634 0.061082950668363535 0.013209072008272215
0 0.34564031134627216 0.09932148404677058 0.05325226933481808 0.01155566534054513
1 0.31366688940163323 0.5067067227084526 0.048528406667727175 0.008376121339908772
2 0.3563003794159507 0.6126572780474069 0.05323408800127272 0.009993165340545219
1 0.3901032147517234 0.6310169267186339 0.05012726933481808 0.011519302673454135
1 0.5459735961170855 0.8687361974060875 0.07518181333545434 0.01649770401018138
1 0.42022268801718105 0.1314350973901792 0.06108295066836358 0.013209072008272349
1 0.37546000676317737 0.7152101133831795 0.05639545066836362 0.013154528007635946
2 0.8936122121259942 0.9383974534531763 0.13001476400381798 0.029634050684271784
1 0.6041089813812706 0.3601066320814508 0.11122840133672725 0.026290874681726528
1 0.7731173514480856 0.8541940814369496 0.11279090133672724 0.026309056015271892
2 0.2620578413828613 0.3678436700349984 0.03917158800127272 0.009829533338636143
