1 0.5371607323543532 0.410937268406362 0.044460395020978184 0.011412688998963994
1 0.6431147344289456 0.4098948451231637 0.041572193361304244 0.014392139784752445
1 0.6163997916923415 0.33095436187238675 0.046022895020978186 0.011485463606069857
1 0.6715706985361743 0.43503824028459953 0.038210395020978186 0.01112159057054054
0 0.664510018046632 0.09672275703382253 0.04469719336130425 0.014537688998963993
1 0.5649538456317449 0.43455455087135075 0.057433991701630306 0.0182448858558109
1 0.5404292875431566 0.32670781762057377 0.0543089917016303 0.018099336641599174
1 0.5921101867133196 0.3227437555860805 0.057197193361304244 0.0151198858558109
2 0.5649053788252238 0.49683622705003316 0.04782219336130424 0.01468323821317572
1 0.6174346925128896 0.7076966443373754 0.04625969336130424 0.014610463606069856
1 0.5855012987413113 0.5332446079434453 0.05395379419114121 0.013411836641598996
1 0.4983350306946793 0.40963163358400845 0.05575309253146728 0.016609611248705036
1 0.5814524161678879 0.5661298825505512 0.05142079004195636 0.02107878742738727
1 0.5311018317342977 0.31624335256676184 0.06020379419114121 0.013702935070022538
1 0.5758465692867432 0.2908045508713507 0.057552390871793334 0.019807385855810898
1 0.5021685804848979 0.5028722113342675 0.057433991701630306 0.0182448858558109
1 0.4418482323543532 0.41537651943981935 0.0652464917016303 0.018608758891340216
1 0.4581342379534307 0.5189360130296785 0.057197193361304244 0.0151198858558109
2 0.37213326389744716 0.10255549586617078 0.08290758838228234 0.02565927956950461
1 0.5455830033007704 0.7312840016571391 0.0543089917016303 0.018099336641598997
1 0.4113641364988938 0.6121980155108779 0.07161489087179329 0.020462357319763667
1 0.4223482580746552 0.6521680440469252 0.06763778589277147 0.02961903349844608
1 0.42642933898376034 0.8037840479758666 0.06884508838228225 0.02500430810555194
2 0.6858294950024006 0.7091820616247178 0.03196039502097818 0.010830492142117265
