1 0.21484375 0.2984375 0.01015625 0.04296875
2 0.6171875 0.2578125 0.0078125 0.0375
1 0.2125 0.334375 0.01015625 0.0453125
0 0.85 0.35546875 0.0109375 0.0484375
1 0.634375 0.290625 0.0109375 0.0359375
1 0.25390625 0.315625 0.01015625 0.04140625
1 0.4578125 0.3109375 0.009375 0.04375
1 0.634375 0.32578125 0.00859375 0.046875
1 0.4421875 0.3328125 0.0125 0.04765625
1 0.4953125 0.27578125 0.0078125 0.0375
1 0.48203125 0.2953125 0.01015625 0.0421875
1 0.35 0.41328125 0.009375 0.053125
1 0.1515625 0.4109375 0.0125 0.05859375
1 0.1609375 0.378125 0.0125 0.059375
2 0.38046875 0.36875 0.0109375 0.05078125
1 0.1734375 0.3828125 0.01484375 0.06015625
1 0.303125 0.378125 0.0125 0.05546875
1 0.865625 0.4375 0.0109375 0.065625
1 0.565625 0.359375 0.0109375 0.05234375
1 0.13046875 0.5625 0.0265625 0.0796875
1 0.5328125 0.4078125 0.0109375 0.059375
1 0.0875 0.8171875 0.021875 0.11484375
2 0.03125 0.871875 0.02734375 0.12890625
1 0.6140625 0.6046875 0.0203125 0.08828125
