1 0.30969698383034083 0.2339684939830203 0.04424132293077854 0.012178627390180986
2 0.29015792627625203 0.6337088756921381 0.03790943577564878 0.010215609191583753
1 0.3455116530976462 0.2339277236249547 0.04580382293077854 0.012278756939830337
0 0.400015362390585 0.8727794725452206 0.04901071008590829 0.014041516039129221
1 0.32387118498267925 0.6529990962347737 0.03642882293077854 0.0116779796419344
1 0.32893166270858465 0.27413241902916285 0.041116322930778534 0.011978368290882368
1 0.33493043645301734 0.4777382803802149 0.04424132293077854 0.012178627390180986
1 0.35902743498267925 0.6552520111018835 0.04728443577564878 0.01081638648947969
1 0.35598656490171976 0.46351509407530533 0.04753009724103805 0.015503886489479512
1 0.30173947817613134 0.5129853655131053 0.03782754862051903 0.008653109191583751
1 0.3205746873575285 0.5009557348837217 0.042678822930778536 0.012078497840531633
1 0.4316239727490644 0.37648426588224543 0.05361632293077854 0.012779404688076923
1 0.4188805540475859 0.17789657155777144 0.06003009724103805 0.0163049228866742
1 0.38655937697836446 0.18516885101513572 0.06003009724103805 0.0163049228866742
2 0.3886895222740946 0.4040993237172398 0.050573210085908295 0.014141645588778262
1 0.3919019742194024 0.1979692396640837 0.060193871551297476 0.0194299228866742
1 0.3940111080951718 0.3273563510151357 0.05690509724103805 0.016104663787375628
1 0.48286548394188256 0.8936612739018098 0.06619821008590829 0.015142941085271389
1 0.38901815015697017 0.5886547964193438 0.05369821008590829 0.014341904688076923
1 0.5693375774533342 0.1665153878737556 0.08107958163720586 0.03166910703211538
1 0.43573601989924543 0.5589463124584728 0.059948210085908116 0.014742422886674333
1 0.821773180687266 0.13986775446659494 0.11677142017181633 0.029284586674049783
2 0.8735127431025951 0.08712228870432118 0.12959896879233526 0.03633562307124431
1 0.6368691519659925 0.6528126357142873 0.08856453301668683 0.02591975478036197
