1 0.3613066000954501 0.7010705788480064 0.0098840773392725 0.04380454215447767
2 0.7219173834340863 0.7380377510801546 0.012899989337999785 0.034447722872636886
1 0.3664486334340863 0.7401058077707676 0.008285214672181596 0.040670451795397966
1 0.4610066080919504 0.6747075458669108 0.009993165340545219 0.05317954215447766
1 0.21679188940163324 0.5018978015242517 0.010229522676635927 0.07349204215447766
1 0.4561827480903595 0.6630160669441498 0.008394302673454136 0.05004545179539797
1 0.5615065947644501 0.7170945128858153 0.009884077339272324 0.04380454215447767
1 0.31393161342295045 0.6583745396203949 0.009993165340545129 0.05317954215447766
1 0.37694923408654146 0.6353501300776705 0.01155566534054513 0.05318863251355736
1 0.39793389608526886 0.6258524102300955 0.013190890674726851 0.05944772287263689
1 0.3386679840865415 0.635572843875121 0.011664753341817758 0.06256363251355737
1 0.8324168894016332 0.49831620004688215 0.028888616008908484 0.06578862646343317
2 0.4202083380808144 0.5929081000234412 0.013209072008272215 0.06101022287263689
1 0.25024073607572384 0.5563944039835796 0.014844297342454205 0.06726931323171659
1 0.5750952854073603 0.5420036092950191 0.013336341343090297 0.07194772287263689
1 0.698224797421996 0.649107061286809 0.013154528007635946 0.056322722872636885
1 0.3797646040738148 0.5415774041799714 0.01480793467536321 0.06414431323171658
1 0.2244771200668151 0.4909148497288536 0.01493520401018138 0.07508181323171641
1 0.20194868674408734 0.5691762051150479 0.016443160009545023 0.07040340359079629
1 0.5049736894095874 0.558818925453602 0.014898841343090474 0.07195681323171658
1 0.4615953120623607 0.4567206151487516 0.01662497334499946 0.08602840359079629
1 0.7094408240372255 0.27010990769601284 0.026254512014635623 0.10795794574527395
