1 0.18216795140947 0.6890492765201207 0.012975188998963993 0.044387036831702885
2 0.5826195616247178 0.7062404216396196 0.009559090570540718 0.03795502630835923
1 0.18149801737290475 0.6532482844126285 0.013047963606069857 0.045949536831702886
0 0.8199804745688338 0.5950243876505141 0.013193512820281583 0.04907453683170289
1 0.6013353283739408 0.6724268637612292 0.011048815963434678 0.03648353157003115
1 0.22203097208763448 0.6695866449783245 0.012829639784752267 0.04126203683170289
1 0.42571889826631687 0.6623979583301483 0.011412688998963994 0.04429603157003115
1 0.6029727570338225 0.6372706137612293 0.00999573821317572 0.04733002630835923
1 0.4111127427657989 0.6414330109468668 0.01468323821317572 0.047603042093374806
1 0.46158146960643515 0.6953700820500238 0.007996590570540718 0.03786402104668731
1 0.44920990219525836 0.6766123767742346 0.01133991439185813 0.042733531570031145
1 0.32267313503175055 0.5663335713855059 0.011849336641599173 0.05367103157003115
1 0.12412647312109175 0.5802349896178306 0.015265435070022582 0.0601030420933748
1 0.13197320637186877 0.6125014580477995 0.015265435070022582 0.0601030420933748
2 0.3510678087292336 0.6090902187829048 0.013266287427387446 0.050637036831702883
1 0.1446915301931863 0.6070859159544247 0.01839043507002258 0.06028505261671846
1 0.27416070637186873 0.6042199792356613 0.0151198858558109 0.05697804209337463
1 0.8394261414418913 0.5120830850337956 0.013994033498445902 0.06626203683170288
1 0.5357874110865984 0.6076810952747906 0.013411836641599173 0.053762036831702886
1 0.11009186001035993 0.4299010606504006 0.030274004962398716 0.08123458944842135
1 0.5052309239068801 0.5611547057698995 0.013702935070022626 0.060012036831702885
1 0.07898537096861469 0.17771620534637647 0.027260320925833435 0.11689907366340586
2 0.025282482217319692 0.12630489476656304 0.0340925177826803 0.12976309471009326
1 0.5956505244022181 0.35954743216296337 0.024387877997927986 0.08868306840173404
