1 0.6762350515517953 0.5136719512939509 0.04580357332097762 0.014853432629560005
1 0.542321320704271 0.8115173417168741 0.05992063702330856 0.01666139448011279
2 0.74886398658352 0.7619651753193686 0.044186509618646855 0.013263659090609536
1 0.594665070704271 0.8124310052717105 0.05054563702330857 0.01649775324641105
1 0.6562772156169459 0.5031611452875966 0.04731150961864685 0.013318206168510116
1 0.7242310635326948 0.6614742516182626 0.03799107332097762 0.0147170649348082
1 0.7385862625290537 0.36232368546563837 0.047202382213985136 0.010193206168510206
1 0.7442385178865314 0.558635623777241 0.04111607332097762 0.014771612012708957
1 0.6929513255984124 0.48269468668345433 0.053506945916316086 0.011864800324311631
1 0.7345063977382638 0.38961288838773767 0.04563988221398514 0.010165932629559827
2 0.6418402041842004 0.5584117069759937 0.05361607332097762 0.01498980032431163
1 0.6766616043695348 0.770085592527653 0.05361607332097762 0.01498980032431163
1 0.6725048724257022 0.6652617248329012 0.05512400961864685 0.013454573863261921
1 0.6418005094490109 0.6490912540538945 0.04736607332097762 0.014880706168510116
1 0.7179017402965352 0.35023674268980876 0.05043650961864685 0.013372753246410874
1 0.6717559157944312 0.2837662629823482 0.05986607332097762 0.015098894480112968
1 0.6578868117185963 0.7033111497518234 0.055233137023308565 0.016579573863261744
1 0.6531100647986392 0.41477080113179515 0.05361607332097762 0.01498980032431163
1 0.6358977390305908 0.5942673863591428 0.05690476442797028 0.01973184740221221
1 0.5504612691524757 0.3097912004831721 0.06951389183263182 0.023075035713814883
1 0.44788183994156466 0.7848536558409034 0.07252976442797028 0.02000458279171564
1 0.6819741308632228 0.5731833189887027 0.053670637023308564 0.016552300324311632
