1 0.7443121159745305 0.40179691626061087 0.04132590684754511 0.013540868290882413
2 0.7045592011074208 0.36904377545219463 0.04767603639719446 0.01550388648947969
1 0.7195462461424886 0.21119170265780549 0.03986353639719446 0.015003238741233016
1 0.7596682032668891 0.32315148211516975 0.033613536397194645 0.014602720542635695
1 0.7612468969730543 0.519164888962715 0.041225777297895935 0.011978368290882457
1 0.6945042782207466 0.31006929365079194 0.041225777297895935 0.011978368290882368
1 0.7779943059800678 0.48671333436692316 0.03497577729789594 0.011577850092285047
1 0.7186636690291628 0.27086709130675346 0.041225777297895935 0.011978368290882368
1 0.7343840083241062 0.5161795913067534 0.03840116594684382 0.01646560919158375
1 0.7601664558877828 0.45333962986341636 0.03830103639719447 0.014903109191583752
1 0.7510522717423416 0.433527777611663 0.041225777297895935 0.011978368290882457
1 0.7045430074012555 0.17293023905500007 0.049438795496493174 0.018729016039128955
0 0.7547103069029185 0.8333670913067536 0.04445090684754529 0.013741127390181162
2 0.1715943977482466 0.003907447563676477 0.09943879549649322 0.007814895127352953
1 0.6985340368586199 0.14036806292912335 0.050801036397194466 0.01570414558877826
1 0.7543727405869343 0.6812038140088575 0.04445090684754529 0.013741127390180985
1 0.652139898209672 0.13863438464377836 0.050801036397194466 0.015704145588778307
1 0.677714901291991 0.43979636644518105 0.05372577729789594 0.012779404688076923
1 0.6968606292358823 0.6895961073458825 0.050801036397194466 0.015704145588778216
1 0.6495713124584729 0.36786080968992085 0.05871366594684382 0.01776729333702489
1 0.6247727691214479 0.3114000586101867 0.05100129549649317 0.01882914558877822
1 0.591012344998156 0.6414670928479129 0.06652616594684382 0.01826794108527139
2 0.8047651619324491 0.5861929002214821 0.03810077729789576 0.011778109191583752
1 0.7523167782207466 0.30636450031376705 0.04132590684754529 0.013540868290882368
