1 0.25164109352404174 0.6347782707230656 0.04429630321830871 0.009595175893442942
2 0.23776317188807164 0.2762136956279254 0.035139824505632154 0.012338173916276673
1 0.21290637545502689 0.6316824456279254 0.04117130321830868 0.009467841901054186
1 0.28441502471839275 0.5337277652858582 0.05378056386197043 0.011539677870609211
1 0.44169837495082387 0.7688163952101835 0.07409306386197052 0.012367348821136303
1 0.29580599278740755 0.5379377628144002 0.050546303218308705 0.009849843878220455
1 0.2484389559127438 0.43547860768120394 0.044405563861970435 0.011157675893442942
1 0.29133202421418963 0.6799024283277199 0.05378056386197043 0.011539677870609211
1 0.3184133302824899 0.6156980068829012 0.05388982450563216 0.013102177870609388
1 0.32926334897192333 0.5942222549057348 0.06024908514929388 0.0149193458553869
1 0.3157364445127774 0.6539792568829011 0.06326482450563216 0.013484179847775658
1 0.48474706855354743 0.1531913952101835 0.0675916915859112 0.030799013840164414
2 0.3636601283050185 0.5702289979856526 0.06181158514929388 0.014983012851581278
1 0.38930534846772025 0.7382322400769873 0.0681708457929556 0.016800180836358793
1 0.4245315623493611 0.41272290410743206 0.07274908514929397 0.015428681824942104
1 0.32524139255497647 0.2952409268448451 0.05712408514929388 0.014792011862998056
1 0.4124364818916443 0.6079717371112376 0.06504584579295561 0.016672846843970034
1 0.4531821781691325 0.7605582262368228 0.0759833457929556 0.01711851581733086
1 0.37341826851420645 0.7871790760465422 0.07140510643661742 0.01849001482874755
1 0.4032085833845831 0.4837039075674731 0.07285834579295561 0.016991181824942102
1 0.5026022960057162 0.5217212193167405 0.08703010643661742 0.019126684790691507
1 0.7052402489915938 0.26417668026770513 0.10956067029858776 0.029393022737412976
