1 0.6901834253506843 0.6073479224488703 0.041426036397194464 0.01581618969849785
1 0.6680652868586199 0.23794421820650485 0.03966327729789594 0.0125636439408634
1 0.7572486142764875 0.7200709341178 0.03225129549649317 0.01817591515269079
1 0.694967748301957 0.2696724503286574 0.04591327729789594 0.013073826971401558
1 0.7295544108527149 0.7123701333591955 0.04435077729789594 0.01294628121376693
1 0.6290027868586199 0.23475557426564145 0.05851340684754529 0.015656693032477874
1 0.7687194355297171 0.5958840060882317 0.03653827729789594 0.01230855242559432
1 0.671483490125509 0.6065986233572559 0.06173853639719447 0.017474284547746778
1 0.732742362735328 0.5680779994202718 0.04747577729789594 0.01320137272903601
1 0.7532749082318212 0.5852973213907035 0.04122577729789576 0.012691189698497852
1 0.7219598473145079 0.32705438669317544 0.03956314774824658 0.0110011439408634
1 0.6468911937061652 0.24709607759962132 0.06173853639719447 0.017474284547746865
0 0.7134437592469569 0.9581929453276876 0.05382590684754529 0.015274055759574167
1 0.7240286967884841 0.5533777706320991 0.048938147748246584 0.011766418486670639
2 0.675863702187155 0.44452905805478393 0.05372577729789594 0.013711555759574168
1 0.6411184623661879 0.42381807426564144 0.050700906847545114 0.01501896424430509
1 0.4728739003691403 0.175381090017457 0.07600129549649318 0.02174719636645772
1 0.6372224182539705 0.9208845218400471 0.06173853639719447 0.017474284547746778
1 0.6513364666851243 0.34071853184198686 0.057051036397194464 0.017091647274843247
2 0.12179345928386878 0.08144093182259016 0.13148983189368776 0.03871129788366643
1 0.4414536335548189 0.6795267139544411 0.11253957279438911 0.034055748792052046
1 0.2466315754152828 0.1740106822816321 0.11410207279438911 0.034183294549686535
2 0.7828901619324491 0.6957404848764043 0.03966327729789576 0.0125636439408634
