1 0.6457131331984008 0.2701112518508778 0.04128009724103805 0.015578378424238615
1 0.6743892526019918 0.5247269742564762 0.03799132293077854 0.012216580083912553
1 0.5918954144060653 0.3022026240513392 0.05386198439616781 0.018088071785542857
1 0.6725279387163249 0.29298006678794336 0.036510710085908296 0.013660680913749524
1 0.6167626175945686 0.25829833608397534 0.05402575870642714 0.02121307178554286
1 0.5778373156946893 0.13985691201870298 0.06019387155129756 0.020124168466194893
1 0.6508565773417926 0.4689272601492476 0.04448698439616781 0.017377676764564677
1 0.6371526034610744 0.41860795143595936 0.0472844357756486 0.011364475104890737
2 0.5879648309598372 0.3772026240513392 0.05361632293077854 0.013400571785542858
1 0.5492209927639108 0.15136309708163742 0.05690509724103805 0.016762370125868876
1 0.49337378448702485 0.1182438663776693 0.05895892017181659 0.02625576929603186
1 0.5103554873368438 0.29904358048489793 0.06003009724103805 0.01699916846619498
1 0.7202350983726917 0.33294129334272665 0.034784435775648784 0.010417281743586493
1 0.617463143940993 0.6309778968718559 0.050573210085908295 0.01472627344521662
1 0.4989975062200364 0.4415270784103054 0.06956887155129757 0.020834563487172986
1 0.48379523010075454 0.49403677177160965 0.06340075870642714 0.021923466806520863
1 0.436123533470972 0.7949014547599516 0.06973264586155707 0.023959563487172986
1 0.42275923281428807 0.42629408733337515 0.08042448439616781 0.0201008576783142
1 0.5227470239715752 0.1813824838042458 0.06299132293077854 0.014110966806520953
1 0.3443299383776406 0.5419558987459558 0.08535764586155707 0.02514355518880329
2 0.7096130223896956 0.639558146247156 0.03799132293077854 0.012216580083912553
