1 0.6990625666375013 0.21484375 0.043859088001272716 0.009375
2 0.7350058732495492 0.6171875 0.03759090666772735 0.0078125
1 0.6631523386378195 0.2125 0.045421588001272536 0.009375
0 0.634640604551278 0.85 0.048564769334818084 0.0109375
1 0.7019933785805494 0.634375 0.03606476933481808 0.0109375
1 0.6814205332988652 0.25390625 0.04073408800127272 0.009375
1 0.6837353692711847 0.4578125 0.04385908800127254 0.009375
1 0.6668371285805493 0.634375 0.04698408800127254 0.009375
1 0.662042182606639 0.4421875 0.04702045066836362 0.0125
1 0.718455267266094 0.4953125 0.03759090666772735 0.0078125
1 0.6990785586012302 0.48203125 0.04229658800127254 0.009375
1 0.5826461312858203 0.35 0.053234088001272536 0.009375
1 0.5872989106460919 0.1515625 0.059520450668363624 0.0125
1 0.6200023226448191 0.1609375 0.059520450668363624 0.0125
2 0.6268228452816842 0.38046875 0.05012726933481808 0.0109375
1 0.6151693719764556 0.1734375 0.059556813335454525 0.015625
1 0.6183478212921838 0.303125 0.05639545066836362 0.0125
1 0.5524275412158236 0.865625 0.06575226933481808 0.0109375
1 0.634043357256549 0.565625 0.05325226933481808 0.0109375
1 0.43598185864895533 0.13046875 0.07999658267027261 0.0265625
1 0.5859876652610033 0.5328125 0.05950226933481808 0.0109375
1 0.18179434532145508 0.0875 0.11587953866963625 0.021875
2 0.1277613733290911 0.03125 0.128452264003818 0.028125
1 0.38816723591664015 0.6140625 0.0877363573360908 0.0203125
