1 0.45 0.2453125 0.009375 0.0328125
1 0.396875 0.2859375 0.0078125 0.0390625
1 0.65234375 0.2875 0.01328125 0.03984375
1 0.3546875 0.3234375 0.009375 0.04921875
1 0.6015625 0.3171875 0.0125 0.04765625
1 0.5125 0.3328125 0.0109375 0.0484375
2 0.475 0.359375 0.01171875 0.053125
1 0.234375 0.43046875 0.02109375 0.05390625
1 0.4859375 0.521875 0.0140625 0.05546875
1 0.33125 0.36328125 0.01796875 0.05859375
1 0.70546875 0.4859375 0.0171875 0.06953125
1 0.42421875 0.38828125 0.0140625 0.0625
1 0.91328125 0.54296875 0.0265625 0.075
1 0.715625 0.4828125 0.0140625 0.07265625
1 0.5375 0.66796875 0.01953125 0.09921875
1 0.4203125 0.4546875 0.0234375 0.05234375
0 0.0515625 0.3296875 0.0171875 0.05078125
1 0.39921875 0.390625 0.01640625 0.05859375
1 0.815625 0.34765625 0.015625 0.0546875
1 0.25 0.515625 0.02421875 0.0671875
1 0.27578125 0.53671875 0.0203125 0.08046875
2 0.76953125 0.24453125 0.0109375 0.040625
