1 0.6954190719702154 0.5520911607210749 0.03168650961864685 0.01268180718159222
1 0.6809027041842005 0.5428025191323312 0.03470238221398514 0.009574987899751619
1 0.6644815520999494 0.6998974016458887 0.03782738221398514 0.009593168617910663
0 0.6212399504711854 0.95400363954564 0.036319445916316084 0.011146578258831141
1 0.6057141873091595 0.7275774949318344 0.04100694591631608 0.011173849336070064
1 0.6256373069092728 0.693874660622879 0.044131945916316084 0.011192030054229285
1 0.6490648832254754 0.716390010057145 0.04407738221398496 0.009629530054229285
2 0.649714702370102 0.585943985954844 0.040897818511654194 0.008048849336070063
1 0.634298033495628 0.6024365943661004 0.044186509618646855 0.012754530054229284
1 0.6243922985565704 0.4611167027773567 0.047202382213985136 0.009647710772388508
1 0.6716591681566838 0.427254787184508 0.03642857332097762 0.01427157825883114
1 0.6229166225105203 0.3244343142136752 0.05032738221398514 0.009665891490547729
1 0.5842905658949475 0.8042490792407898 0.047202382213985136 0.009647710772388508
1 0.6225370995602115 0.7602854558024188 0.04876488221398514 0.009656801131468207
1 0.6031199553653268 0.622926356368153 0.05032738221398514 0.009665891490547907
1 0.5887251609851077 0.2746433924725064 0.05674107332097762 0.014389752926866261
1 0.5497320936545798 0.36235247073133764 0.05668650961864685 0.012827252926866173
1 0.5418129554501447 0.29834905806535517 0.05663194591631608 0.011264752926866173
1 0.5161953303229178 0.7858990550402931 0.05830357332097762 0.014398843285945873
1 0.5678025034585611 0.5606445249860638 0.05356150961864685 0.01280907220870695
1 0.4720510046396874 0.6408729013513009 0.06159226442797028 0.019104524004105096
1 0.23022812550574515 0.36343019916311947 0.10076389183263199 0.022456782981095456
1 0.222643803998866 0.33457394613805735 0.10388889183263199 0.02247496369925477
2 0.7113987691524757 0.2958002541052166 0.04095238221398514 0.009611349336070062
1 0.6538441524627692 0.6913672841594459 0.037881945916316086 0.011155668617910841
