1 0.28015502076433874 0.32455268728260195 0.011650131541796237 0.039827774545807236
1 0.5732602786568466 0.3508112668390773 0.011650131541796328 0.039827774545807236
2 0.9286883152062007 0.6861736504881369 0.026516268345264393 0.08147314060688338
1 0.5407817076242766 0.3271666016863866 0.01155912628012441 0.038265274545807235
1 0.6434586575678068 0.3946407572961796 0.012196163111827297 0.04920277454580724
1 0.41712367072198636 0.38005287243917196 0.011832142065139805 0.04295277454580724
1 0.8715458602127601 0.399263710789639 0.015230157850155735 0.04789536606107623
2 0.5114497943712749 0.42429682213960956 0.012287168373499214 0.05076527454580724
1 0.44989066809115047 0.3819500833494972 0.01366765785015538 0.04776782030344169
1 0.3400745942865703 0.49894665152690704 0.016322220990217674 0.06664536606107632
1 0.5816712891096031 0.42847388123316366 0.01871917889684287 0.054400457576345394
1 0.5087636811041557 0.5383752975938023 0.01641322625188941 0.06820786606107632
1 0.6390742654320797 0.4261618242656414 0.01559417889684287 0.05414536606107632
1 0.7747904995058897 0.5803068035128561 0.019720236775233248 0.0715879575763454
1 0.6572466837349917 0.5512733945690832 0.02496917889684287 0.054910640606883554
1 0.4457323310618035 0.5775496257731518 0.028913226251889412 0.06922823212215264
1 0.20198378910960302 0.3974802621279715 0.01559417889684287 0.05414536606107632
1 0.757276775814249 0.5866525273000589 0.01686825256024882 0.07602036606107632
1 0.6226364653050227 0.5577786150223062 0.016504231513561507 0.06977036606107631
1 0.4700497915992646 0.5678716078953044 0.016322220990217674 0.06664536606107632
1 0.7112523732963526 0.46393263335919555 0.018901189420186527 0.0575254575763454
1 0.5892093152767879 0.5845963354755291 0.024407736775233245 0.07197059484924892
1 0.18066877318341312 0.5388068927329155 0.02936825256024873 0.07704073212215264
2 0.22912387080669103 0.27606751879593133 0.009723610495108836 0.0334502287881727
