1 0.5965113585581087 0.5790943989172787 0.04418664764263518 0.010647994985435005
1 0.7025794220403441 0.578279708167621 0.04120719685684691 0.01368206677218975
1 0.6735148143062957 0.6577937119285446 0.04574914764263518 0.010693459092057721
1 0.7318110037195444 0.5526037582467632 0.03793664764263518 0.010466138558944316
0 0.7148269807650685 0.8914927620076869 0.0443321968568469 0.013772994985435005
1 0.625034464844415 0.5549582169431095 0.056977746071058634 0.017261707838416386
1 0.5973161873418249 0.6633784707040332 0.05385274607105863 0.017170779625171127
1 0.6489514619489307 0.6664412862225817 0.05683219685684691 0.014136707838416562
2 0.6268109805601807 0.49259460926297755 0.047457196856846906 0.013863923198680439
1 0.6855908593866782 0.2805325299543756 0.045894696856846905 0.013818459092057723
1 0.6485018899896401 0.45577657086231776 0.053707196856846905 0.014045779625171307
1 0.5575944077723204 0.5810827962517116 0.05534247146395277 0.015653743731793845
1 0.645411123240417 0.42291860675569504 0.05087329528527036 0.02020485141192587
1 0.587669359591566 0.6740204540109858 0.05988442224974104 0.012665136051661818
1 0.6317297286981539 0.6987082169431096 0.05705052067816432 0.018824207838416384
1 0.564165431345969 0.4876510449980703 0.056977746071058634 0.017261707838416386
1 0.5011988585581086 0.5763210884132951 0.06479024607105863 0.01748902837152997
1 0.5205417098820162 0.47233828206594664 0.05683219685684691 0.014136707838416385
2 0.4222221038005977 0.8907807420159342 0.08226884449948191 0.0242391335443795
1 0.6143322894943021 0.25817414515635495 0.05385274607105863 0.017170779625171127
1 0.4764406453663236 0.37977269734706826 0.07111302067816432 0.01923338479802066
1 0.48861100558157133 0.33955687430667236 0.0668621683207995 0.028471992478152686
1 0.4971404813887501 0.18766776537289917 0.06820634449948208 0.023829956584775314
2 0.7541225355653606 0.27784545064577354 0.03168664764263518 0.010284282132453627
