1 0.36089043701545936 0.4380565123490969 0.04106150961864685 0.013445557370694416
1 0.3722322526167067 0.8076241299402774 0.039389882213985136 0.010284189779513753
1 0.2969692915546303 0.3316441646095484 0.031795637023308565 0.016352351823611146
1 0.34619554227242044 0.7785185113991664 0.04563988221398514 0.010429660144236052
1 0.3245040145127883 0.33647648176388867 0.04407738221398514 0.010393292553055567
1 0.4112947526167067 0.8067149401607636 0.05819444591631608 0.012283100873680296
1 0.2818304195922642 0.45788000949930535 0.03626488221398514 0.01021145459715278
1 0.37961315516429395 0.4368388512549302 0.06137400961864685 0.013918336056041624
1 0.3170784388295579 0.4820799224933331 0.047202382213985136 0.010466027735416716
1 0.2970015518062493 0.46690951738309006 0.04095238221398514 0.010320557370694417
1 0.3208210308396751 0.7235952752668748 0.03933531851165428 0.008721689779513753
1 0.39372530670039074 0.7961774836637497 0.06137400961864685 0.013918336056041624
0 0.3478596358421822 0.08729344614468722 0.053506945916315996 0.012173998100138927
1 0.3253820121505356 0.49596058453743036 0.048710318511654284 0.008939895326597381
2 0.3704713120578683 0.6004655933711456 0.05345238221398514 0.010611498100139016
1 0.4046925446346732 0.6176524401607636 0.05038194591631591 0.012101262917777866
1 0.5660566636866324 0.850025916225069 0.07554563702330856 0.01737064437666689
1 0.4231696598887993 0.11681598556361075 0.06137400961864685 0.013918336056041713
1 0.39201398456053943 0.7023911160725691 0.05668650961864685 0.01380923328249999
2 0.9152233391845283 0.9075773109829853 0.13066964664195524 0.031143510067986213
1 0.6123313967267734 0.3391598449866661 0.11181051923729371 0.02758209897381949
1 0.7928002129609929 0.827546931708298 0.1133730192372937 0.02761846656499998
2 0.27055312449425484 0.3588430974552081 0.039389882213985136 0.01028418977951393
