2 0.21050427632646587 0.2296875 0.01073892319868044 0.046875
1 0.3292709967012947 0.2828125 0.019932066772189748 0.040625
1 0.2996516928612287 0.28046875 0.013772994985435005 0.04375
1 0.4541633481132205 0.2328125 0.013727530878812289 0.0421875
1 0.5929075993668618 0.24375 0.010693459092057721 0.0453125
1 0.3555212596334184 0.23984375 0.016761602665567032 0.0390625
1 0.5374926736608988 0.26875 0.015471887305303156 0.0484375
1 0.6163450993668617 0.24375 0.015335494985435006 0.04375
1 0.7578469745979709 0.4015625 0.020568564264907253 0.0625
1 0.34730794286122874 0.28046875 0.013909387305303157 0.0484375
1 0.6632368197416906 0.296875 0.011011707838416384 0.05625
1 0.5737029583006349 0.259375 0.010829851411925873 0.05
2 0.41099235814235036 0.3203125 0.015699207838416385 0.05625
1 0.31896398251552976 0.31484375 0.017079851411925785 0.05
1 0.5120153005413608 0.28515625 0.015517351411925872 0.05
1 0.1687079182506225 0.37734375 0.023511707838416517 0.05625
1 0.44742996331519985 0.303125 0.017170779625171127 0.053125
1 0.4283617145688411 0.3140625 0.01560827962517113 0.053125
1 0.26254283478538537 0.428125 0.027000420691397943 0.06875
1 0.23865069371915854 0.44375 0.025392456584775226 0.0671875
1 0.3122653531277854 0.2765625 0.01680706677218975 0.040625
1 0.32195860187414416 0.265625 0.01368206677218975 0.040625
