1 0.41076784723109566 0.7726649820079228 0.009829533338636055 0.03949914764263518
1 0.279772933243186 0.6774530277074777 0.017769302673454224 0.05080052067816432
1 0.33549567457036805 0.7253854135632887 0.011446577339272502 0.044259422249740867
1 0.6401468119032772 0.7427014619489307 0.011446577339272502 0.044259422249740867
1 0.6753581532463677 0.6724275033052597 0.013081802673454134 0.05058219685684691
2 0.43309792791218593 0.6673974392038519 0.014680665340545218 0.053779971463952594
1 0.5380303285725953 0.7184034751834971 0.011519302673454135 0.050509422249741046
1 0.25668087858054944 0.6466739086008899 0.016279528007635945 0.056977746071058634
1 0.29242747457832224 0.6647539745643247 0.016279528007635945 0.056977746071058634
1 0.41588315591186775 0.6689406685256873 0.011555665340545218 0.05363442224974104
1 0.4998308945735497 0.7095892473094036 0.017732940006363405 0.047675520678164315
1 0.3918734912476403 0.6498439121155466 0.016279528007636036 0.056977746071058634
1 0.32802971459263974 0.5608862659206535 0.03030566534054513 0.05450771753501123
1 0.24132969326863934 0.4880608879227255 0.014862478675999569 0.0694049714639526
1 0.19707061592936687 0.5297731989237615 0.01800566000954502 0.07111302067816432
1 0.6627859752546399 0.6108714191448599 0.014789753341817757 0.06315497146395259
1 0.47133536660568465 0.4714150051672865 0.024219297342454028 0.06827911910658777
1 0.7703615705760951 0.7034292543387171 0.01626134667409058 0.05541524607105863
1 0.16420411927118467 0.46570854487098556 0.021148841343090474 0.07282106989237605
1 0.5539484192791388 0.42523567204034407 0.02441929201145392 0.08546661910658782
1 0.8607700366009121 0.5247285196401978 0.01962270401018138 0.07587329528527036
2 0.7130025092298229 0.7961218684829061 0.011392033338636054 0.03957192224974086
