1 0.3236332124568434 0.3496705466263655 0.044460395020978184 0.0098840773392725
2 0.31186172117942046 0.7102813299650016 0.035322193361304245 0.012899989337999785
1 0.28492590996733247 0.3548125799650016 0.041216995850815154 0.008285214672181596
1 0.356992009347277 0.44937055462286574 0.053835395020978186 0.009993165340545219
1 0.5128588879720082 0.20515583593254857 0.07414789502097818 0.010229522676635839
1 0.36835556183678786 0.4445466946212749 0.050591995850815155 0.008394302673454136
1 0.3216008062377105 0.5498705412953654 0.044460395020978184 0.0098840773392725
1 0.3630499873519527 0.30229555995386576 0.053835395020978186 0.009993165340545129
1 0.39050140374355513 0.3653131806174568 0.05395379419114112 0.01155566534054513
1 0.401474792540756 0.38629784261618416 0.0603221933613042 0.013190890674726941
1 0.38760062407456103 0.32703193061745683 0.06332879419114121 0.011664753341817758
1 0.5595081610162398 0.8207808359325487 0.06775618506293454 0.028888616008908484
2 0.4360040805081198 0.4085722846117298 0.06188469336130424 0.013209072008272215
1 0.46065777054543167 0.2386046826066391 0.06825309253146727 0.014844297342454117
1 0.4977847979393408 0.5634592319382755 0.07282219336130424 0.013336341343090474
1 0.3992074332120566 0.6865887439529113 0.057197193361304154 0.013154528007635946
1 0.4845474016689627 0.36812855060473015 0.06512809253146727 0.01480793467536321
1 0.5243883838228234 0.21284106659773042 0.07606559253146727 0.01493520401018138
1 0.4444873962703779 0.1903126332750027 0.0714964917016303 0.016443160009545023
1 0.4760505852820046 0.49333763594050273 0.07294059253146727 0.014898841343090474
1 0.575197557687603 0.44995925859327607 0.0871214917016303 0.01662497334499946
1 0.7792976749136867 0.6978047705681408 0.10970688672260849 0.026254512014635623
