1 0.6695698344123183 0.7810746787732517 0.04413200197716627 0.009629530054229285
2 0.726589085932374 0.37849457943718157 0.03781833498097189 0.008030668617910842
1 0.6335368339180267 0.7836275070320828 0.04569450197716627 0.009638620413308985
0 0.6384192183653384 0.14625022687965766 0.04888316897336083 0.011219301131468119
1 0.6944769228905123 0.3614979769778536 0.03631950197716627 0.00958407825883123
1 0.6539740093171781 0.7421121727231275 0.041007001977166266 0.009611349336070062
1 0.6669700523205462 0.5381786516458886 0.04413200197716627 0.009629530054229462
1 0.6593206728905123 0.361702510057145 0.04719333498097207 0.008085210772388506
1 0.6444583823586022 0.5539309166730032 0.047384335969555026 0.012772710772388507
1 0.7036543102292117 0.5004741185665972 0.037754667984777515 0.006468168617910841
1 0.6835818907615592 0.5138689980550923 0.04256950197716627 0.009620439695149585
1 0.5602332795831332 0.6465865701656035 0.05350700197716627 0.009684072208706951
1 0.5544913210664454 0.8450104346269841 0.05988433596955502 0.012845433645025394
1 0.5876858230436117 0.8354445370863122 0.059884335969555204 0.012845433645025394
2 0.6060060360089239 0.6158587449318345 0.05044566897336082 0.011228391490547907
1 0.5835076590131669 0.8229718081635511 0.06001166996194396 0.015970433645025393
1 0.5934795196973013 0.6932570370863121 0.05675933596955503 0.01282725292686635
1 0.5570246383272824 0.1311024707313376 0.06607066897336082 0.011319295081343928
1 0.6229255750579592 0.43064795277735674 0.053570668973360824 0.01124657220870695
1 0.40206931661782114 0.8669859494577071 0.08076983893530461 0.027026108313060605
1 0.5731510681378769 0.46374225390882484 0.05982066897336082 0.011282933645025394
1 0.14563097422247537 0.9114364279876848 0.11651633794672148 0.022547686571891747
2 0.08865146235947728 0.9680045905554714 0.12927100593149904 0.028870409444528632
1 0.3795867519399853 0.38363763915285676 0.0883276709505271 0.02082156010845857
