1 0.7083783107097252 0.27614412698599605 0.04073408800127254 0.011741136803468066
1 0.6921175113780889 0.2895996822335505 0.04236931333545435 0.018082142065139896
2 0.6822521627148159 0.3151912164344175 0.048528406667727356 0.010633663111827295
1 0.6854493407065436 0.2540262032802379 0.04391363200190899 0.016610647326811723
1 0.6511101560311804 0.19192031640618262 0.05018181333545435 0.018537168373499214
1 0.6715328387173614 0.33457825326612045 0.05010908800127254 0.012287168373499214
1 0.7142203253898611 0.3750898612009805 0.043895450668363624 0.015048147326811723
1 0.6595044587046346 0.24146529009782336 0.05014545066836362 0.015412168373499213
1 0.6545202507558596 0.6193550716678545 0.053234088001272536 0.01246917889684287
1 0.641427168045816 0.30036985323788556 0.05018181333545435 0.018537168373499214
1 0.710941878739633 0.4964566269859961 0.040715906667727175 0.010178636803468066
1 0.6660651834022696 0.46936277694364376 0.04854658800127254 0.012196163111827297
1 0.6337681146960441 0.17964012428457296 0.04705681333545453 0.018355157850155467
1 0.5780373773869976 0.3619135689664314 0.05955681333545435 0.019083199943530183
1 0.6150861281030862 0.7240649584713225 0.05957499466899989 0.02064569994353036
1 0.23792254941117824 0.5599687212725664 0.1034159013367271 0.031006347270342082
1 0.5703912461011772 0.7125961084289703 0.06266363200190898 0.017702710466874015
1 0.5434105754296319 0.6782056978773917 0.06275453866963616 0.025515210466874015
1 0.2297651514162689 0.5979692502117615 0.1065227200031817 0.02962585779368574
1 0.4653555640515431 0.35284094780680453 0.07372840133672706 0.029277247298576902
1 0.5331959500318166 0.20347871366240727 0.06271817600254544 0.022390210466873995
1 0.6113931280235444 0.13794544794797886 0.05332499466899989 0.020281678896842868
2 0.7487884187619047 0.6584260059675435 0.03762726933481808 0.01312162628012441
1 0.7514385147199066 0.34868698492085615 0.04073408800127254 0.011741136803468066
