1 0.515826322992748 0.2887350515517953 0.016172963606069856 0.04580357332097771
1 0.8215755169541108 0.40169632070427097 0.01839043507002245 0.05992063702330856
2 0.7589170434232434 0.19886398658352006 0.014537688998964172 0.044186509618646855
1 0.8191375676160646 0.34935257070427095 0.017953787427387624 0.05054563702330857
1 0.5066161428851241 0.30940221561694586 0.01468323821317572 0.04731150961864685
1 0.660226986351149 0.23048106353269482 0.015809090570540717 0.03799107332097771
1 0.36082629983338427 0.23702376252905372 0.01155823821317572 0.047202382213985136
1 0.5563378529765374 0.2176760178865313 0.015954639784752266 0.041116073320977706
1 0.4838485769216895 0.2742013255984124 0.013411836641599173 0.053506945916315996
1 0.388315599047596 0.23919389773826377 0.011485463606069857 0.04563988221398514
2 0.5626670897419711 0.31996520418420044 0.016536836641599172 0.05361607332097771
1 0.7716396753501129 0.27041160436953493 0.016536836641598995 0.05361607332097771
1 0.6673160483856422 0.2818798724257022 0.015047111248705036 0.05512400961864685
1 0.6531465405277593 0.3136755094490108 0.01624573821317572 0.04736607332097771
1 0.3500900070293133 0.2585267402965351 0.014828787427387446 0.05043650961864685
1 0.28672101984959497 0.3092559157944311 0.016827935070022625 0.05986607332097771
1 0.7062158825460421 0.2938243117185963 0.018172111248705037 0.055233137023308565
1 0.4186259913135476 0.3187350647986392 0.016536836641599172 0.05361607332097771
1 0.5988229135632887 0.32339773903059077 0.021369885855810723 0.05690476442797028
1 0.32044966459674595 0.42858626915247566 0.025077082712657718 0.06951389183263199
1 0.8010147679875681 0.49788183994156465 0.022097631926869355 0.07252976442797028
1 0.5748374499572189 0.27884913086322277 0.018099336641598997 0.053670637023308564
