2 0.24083431656295656 0.6608430929913582 0.04703864123370209 0.009647710772388508
1 0.25599744075053 0.5531078610435349 0.04240568831160267 0.012745439695149584
1 0.34880787256601564 0.159857830792914 0.059538641233702005 0.009720433645025483
1 0.3201374017870089 0.19094420432948087 0.0532886412337021 0.009684072208706995
1 0.29635325406048507 0.30019193930236626 0.04703864123370209 0.009647710772388508
1 0.311253325488115 0.16276466217500316 0.05024546185055305 0.014353391490547773
1 0.29779520292539463 0.48615671037960506 0.050163641233702004 0.009665891490547729
1 0.27362131737373546 0.5282078549934108 0.04396818831160267 0.012754530054229284
1 0.27377350162814834 0.6985385357115701 0.050136367694751625 0.008103391490547729
1 0.5738721022734762 0.11272479732083913 0.09407728246740418 0.019295421544777057
1 0.329715584419864 0.6269816982793566 0.05964773538950343 0.015970433645025393
1 0.39581924026076737 0.15231804156530254 0.06584318831160267 0.012881795081343928
1 0.37736747483949185 0.2694100927949665 0.06433523538950343 0.015997704722264316
1 0.3097418238665572 0.42840784289316236 0.0532886412337021 0.009684072208706951
1 0.35007036363756194 0.1770544211519936 0.06896818831160267 0.012899975799503149
0 0.33646086770134226 0.9567419211519936 0.06121023538950343 0.015979524004104916
1 0.3893395949698756 0.34448736084714326 0.056495461850553055 0.014389752926866173
1 0.3635820698093674 0.6115521409995684 0.061155688311602674 0.012854524004105094
2 0.3537021038983293 0.3270907825883121 0.05805796185055305 0.014398843285945873
1 0.39539513149776473 0.6242384933607006 0.06740568831160276 0.01289088544042354
1 0.4021228238698525 0.9102441710537977 0.06913182954530477 0.022274975799503237
2 0.9442312410715463 0.022682622063628914 0.10989319724005639 0.03032382513557324
1 0.6701382126679226 0.8196065772768726 0.10523297077900687 0.03185905405833438
1 0.7351038827122854 0.18632644466511938 0.11449887662320535 0.025663596212812133
