1 0.25270735600989586 0.783419991415793 0.04429603157003106 0.009629530054229462
2 0.23551621089039698 0.3813125907518631 0.03795502630835923 0.008030668617910842
1 0.2885083481173881 0.7855546631569619 0.04585853157003115 0.009638620413308985
0 0.3467322448795025 0.14793194330938697 0.04907453683170297 0.011219301131468162
1 0.26932976876878734 0.36393419321119114 0.036574536831702975 0.011146578258831141
1 0.272169987551692 0.7442574974659173 0.041171031570031144 0.009611349336070062
1 0.2793586741998684 0.5403785185431561 0.04429603157003106 0.009629530054229285
1 0.30448601876878734 0.3637296601318997 0.04742103157003106 0.009647710772388508
1 0.30032362158314985 0.5558762535160414 0.047603042093374806 0.012772710772388507
1 0.24638655047999275 0.5030830516224475 0.03795502630835923 0.008030668617910842
1 0.26514425575578204 0.5162506721339521 0.042733531570031145 0.009620439695149585
1 0.37542306114451074 0.6475956000234412 0.05367103157003115 0.009684072208706951
1 0.36152164291218597 0.8460467355620604 0.0601030420933748 0.012845433645025394
1 0.3292551744822171 0.8368626331027326 0.0601030420933748 0.012845433645025394
2 0.3326664137471118 0.6173859252572103 0.050637036831702883 0.011228391490547728
1 0.3346707165755919 0.8243353620254936 0.06028505261671846 0.015970433645025393
1 0.3375366532943553 0.6946751331027325 0.0569780420933748 0.01282725292686635
1 0.429673547496221 0.13182969945770703 0.06626203683170288 0.011319295081343928
1 0.334075537255226 0.4322842174116879 0.053762036831702886 0.01124657220870695
1 0.511855571879616 0.8662587207313376 0.08123458944842135 0.027026108313060605
1 0.38060192676011717 0.46481491628021987 0.060012036831702885 0.011282933645025394
1 0.7640404271836402 0.90774574220136 0.11689907366340595 0.022547686571891747
2 0.8154517377634536 0.9636775796335734 0.12976309471009345 0.028870409444528632
1 0.5822092003670533 0.3824195310361879 0.08868306840173404 0.02082156010845857
