1 0.672996312658175 0.6509656615858279 0.04418664764263518 0.009629530054229285
2 0.7288333595960752 0.2910366705628184 0.03495719685684691 0.01269998789975162
1 0.7122771364794926 0.6465054205628185 0.04098887303552932 0.008048849336070063
1 0.6518726375129499 0.5508156706610142 0.05356164764263518 0.009684072208706951
1 0.466373823411542 0.7919895956236369 0.07387414764263518 0.00980224687674216
1 0.6399355636916323 0.5554349929679171 0.05036387303552932 0.008103391490547906
1 0.6994989623677248 0.45106565553570377 0.04418664764263518 0.009629530054229285
1 0.6278443244449993 0.6975906767111384 0.05356164764263518 0.009684072208706951
1 0.6081354460327866 0.634177616504484 0.05363442224974087 0.01124657220870695
1 0.5997429032287156 0.6130293243500062 0.0599571968568469 0.012845433645025394
1 0.606352468158693 0.672458866504484 0.06300942224974104 0.011301114363184794
1 0.4950470186112499 0.1763645956236369 0.06693494292790554 0.028506795081343926
2 0.5679856350317506 0.5901821768093344 0.061519696856846905 0.012854524004105094
1 0.522589590160765 0.7594952581914235 0.06784247146395277 0.014453385440423539
1 0.5252267084387834 0.4344225353187866 0.0724571968568469 0.012918156517662283
1 0.6387156277930403 0.3131747700952802 0.05683219685684691 0.012827252926866173
1 0.5145673825505511 0.6297259449597069 0.0647174714639526 0.014435204722264316
1 0.4558001964470713 0.7841134631100796 0.07565497146395277 0.014498837235821682
1 0.5328335773404834 0.8080054810640604 0.07104024607105863 0.01603406615858276
1 0.5383581011190197 0.5048304840891226 0.07252997146395276 0.01448065651766246
1 0.4340494367271616 0.5464225655694076 0.08666524607105863 0.016124969749379048
1 0.26053712386409883 0.29534535801847295 0.10897689371369372 0.0256272347764936
