1 0.55 0.2453125 0.009375 0.0328125
1 0.603125 0.2859375 0.0078125 0.0390625
1 0.34765625 0.2875 0.01328125 0.03984375
1 0.6453125 0.3234375 0.009375 0.04921875
1 0.3984375 0.3171875 0.0125 0.04765625
1 0.4875 0.3328125 0.0109375 0.0484375
2 0.525 0.359375 0.01171875 0.053125
1 0.765625 0.43046875 0.02109375 0.05390625
1 0.5140625 0.521875 0.0140625 0.05546875
1 0.66875 0.36328125 0.01796875 0.05859375
1 0.29453125 0.4859375 0.0171875 0.06953125
1 0.57578125 0.38828125 0.0140625 0.0625
1 0.08671875 0.54296875 0.0265625 0.075
1 0.284375 0.4828125 0.0140625 0.07265625
1 0.4625 0.66796875 0.01953125 0.09921875
1 0.5796875 0.4546875 0.0234375 0.05234375
0 0.9484375 0.3296875 0.0171875 0.05078125
1 0.60078125 0.390625 0.01640625 0.05859375
1 0.184375 0.34765625 0.015625 0.0546875
1 0.75 0.515625 0.02421875 0.0671875
1 0.72421875 0.53671875 0.0203125 0.08046875
2 0.23046875 0.24453125 0.0109375 0.040625
