1 0.7729104310112973 0.692426379893414 0.010138659090609537 0.043859088001272716
2 0.3698575689985885 0.7377330732813661 0.0084670649348082 0.03759090666772717
1 0.7758814724071552 0.6564616078930958 0.010165932629560004 0.045421588001272536
0 0.13874966518298476 0.6427858419796373 0.011782979707460539 0.048564769334818084
1 0.3532428133165456 0.7051205679503659 0.01156479139585782 0.03606476933481808
1 0.734147939939751 0.67569341323205 0.010084112012708956 0.04073408800127254
1 0.5301598693229 0.6827535772597306 0.010138659090609537 0.04385908800127254
1 0.3538564679429283 0.6699643179503659 0.010193206168510206 0.04698408800127272
1 0.5461666988682048 0.6606967639242762 0.013318206168510116 0.04702045066836362
1 0.4920462146965175 0.7183461792648214 0.008467064934808022 0.03759090666772717
1 0.5056683839333967 0.6986603879296851 0.01011138555165907 0.04229658800127254
1 0.6397587861241474 0.579155315245095 0.01030230032431163 0.053234088001272536
1 0.8381553758157217 0.5791900358848234 0.01353639448011279 0.059520450668363624
1 0.8282076314977648 0.6121116238860962 0.01353639448011279 0.059520450668363624
2 0.6085127402640627 0.6240411012492311 0.011810253246410874 0.05012726933481808
1 0.8157894521146158 0.6075695745544596 0.01666139448011279 0.05955681333545435
1 0.6860201314977646 0.6137661252387316 0.01348184740221221 0.05639545066836362
1 0.12455652597787761 0.5609364053150918 0.01208298863591426 0.06575226933481808
1 0.4231928490303606 0.6355705892743664 0.011864800324311631 0.05325226933481808
1 0.8618946590939048 0.42738208788195997 0.027953450486467447 0.07999658267027261
1 0.4568508287378211 0.586751281269912 0.011973894480112967 0.05950226933481808
1 0.9093089959428102 0.17219460120946023 0.023893241882325 0.11587953866963621
2 0.966513569806072 0.11685257320182423 0.030361430193927674 0.128452264003818
1 0.37903729464556396 0.3908217106142751 0.02183981818121907 0.0877363573360908
