1 0.6681235194850558 0.7060563540974547 0.013209112012708957 0.041426036397194464
1 0.4095746339333967 0.7317224784053167 0.010029564934808022 0.03810077729789594
1 0.6409121830398922 0.6519102722037668 0.01498980032431163 0.05402616594684382
1 0.6426325957839497 0.7325792813030656 0.01156479139585791 0.036638406847545116
1 0.6827042167251124 0.6772700200442986 0.01811480032431163 0.05422642504614252
1 0.8053701493546722 0.6397676249169456 0.01666139448011279 0.06037629549649317
1 0.4678507840955525 0.7088647717423416 0.014826159090609536 0.04465116594684382
1 0.5196996562545311 0.6957627968807693 0.008630706168510116 0.04737564774824676
2 0.5659121830398922 0.6471040538205994 0.01030230032431163 0.05372577729789594
1 0.7964860730557783 0.6110418476190497 0.01348184740221221 0.057051036397194645
1 0.8349951939969408 0.5556324568106333 0.022884120941162676 0.05921431369509058
1 0.6517190438347851 0.5704797995016628 0.013536394480112967 0.06017603639719464
1 0.5980098425375389 0.7797756539128845 0.008412517856907442 0.034875647748246585
1 0.30813091071875787 0.6736014929032862 0.011810253246410874 0.050700906847545114
1 0.509599727682161 0.5574617604835745 0.016825035713814884 0.06975129549649317
1 0.4582554159937636 0.541657485345147 0.018278441558013548 0.06360142504614252
0 0.9619553401019069 0.7201932094315271 0.019622753246410697 0.05120155459579188
1 0.16037702354224562 0.49050149136212673 0.019950035713814974 0.06995155459579187
1 0.5320435178602028 0.4814697594038405 0.015453450486467447 0.08058866594684382
1 0.7687974496789838 0.5842395157253619 0.010465941558013548 0.06310077729789594
1 0.4231554874213936 0.40175437615356324 0.020222771103318316 0.08557655459579187
2 0.2908831351512126 0.7655689474067929 0.010029564934808199 0.03810077729789594
