1 0.5728584602551126 0.2981031124602782 0.014320105233436919 0.031540940729444425
1 0.5643480102409951 0.3127286569131949 0.011377115756780753 0.03459320554708336
1 0.722016297072698 0.3273210998268409 0.01155912628012441 0.03771820554708336
0 0.9779246628294785 0.36760583339368136 0.013030621018452848 0.03619207313826393
1 0.7527272417545563 0.3857700326725006 0.013303636803468067 0.04087957313826385
1 0.7180414286144942 0.3662381294621186 0.0134856473268119 0.04400457313826393
1 0.7392870970585805 0.3425467095342367 0.0119231473268119 0.04396820554708336
2 0.6090458602127602 0.3434162656706602 0.010178636803468066 0.040806837955902786
1 0.6263166601986427 0.3586418753780561 0.0150481473268119 0.04404094072944442
1 0.48577496018452526 0.37019435837621567 0.012105157850155557 0.047093205547083274
1 0.4494965549652058 0.3233187051658337 0.01615562101845249 0.036264808320625085
1 0.3494202312312127 0.37326219414791695 0.012287168373499214 0.05021820554708327
1 0.8303818048946185 0.4063020446403479 0.012105157850155378 0.047093205547083315
1 0.7844931812453301 0.36856500208729226 0.012196163111827297 0.048655705547083275
1 0.6484037628012438 0.3895834040634033 0.012287168373499214 0.05021820554708336
1 0.3015133522496652 0.40803593123013915 0.017338689420186525 0.05657730832062495
1 0.39110647326811776 0.44601001633625026 0.015776189420186527 0.05654094072944442
1 0.3276355074689848 0.4546751950978475 0.014213689420186526 0.05650457313826394
1 0.8156360364081798 0.4746156335461812 0.01742969468185862 0.05813980832062508
1 0.5880878890813681 0.42562870041618106 0.01559417889684287 0.053415940729444555
1 0.6731902021508432 0.5204521975663894 0.0222992052052021 0.06137391109416672
1 0.40893579928001084 0.7655230825406599 0.02769933674699838 0.10050914627652788
1 0.38053007821920604 0.7734440321038197 0.027881347270342083 0.1036341462765277
2 0.31619893657758913 0.28510757750666693 0.011741136803468066 0.040843205547083275
1 0.7140595839044008 0.3380585780753478 0.013121626280124232 0.037754573138263935
