1 0.6618692304171268 0.5299656934277229 0.04435077729789594 0.0098840773392725
1 0.6770751233850113 0.6098895507638137 0.03956314774824676 0.008267033338636053
1 0.7008025200535238 0.5812378394334499 0.03800064774824659 0.00824885200509069
1 0.6649126897009955 0.4580725120941775 0.04747577729789594 0.009920440006363407
1 0.7095614605204864 0.32255318276572276 0.03653827729789594 0.009793170671545148
1 0.631320137264672 0.5186645667568139 0.049038277297895935 0.009938621339908948
1 0.5996929981542987 0.6949907094207232 0.05402616594684382 0.014680665340545218
2 0.6207843530269457 0.5732702507558596 0.05060077729789594 0.009956802673454135
1 0.4967496684200793 0.7641577854073602 0.05412629549649317 0.016243165340545217
1 0.49586589374307694 0.6437452880728604 0.04777616594684382 0.014607940006363406
1 0.6195642095976358 0.6655122947564959 0.05100129549649317 0.016206802673454136
1 0.5892990252953111 0.3203719700827235 0.06017603639719464 0.013190890674726851
0 0.611697140660758 0.9468804734245413 0.05090116594684382 0.01464430267345449
1 0.42413418877814485 0.7992771253978151 0.06057655459579188 0.01944089067472703
1 0.4739873010520476 0.46054188940163315 0.06798853639719446 0.013281797342454027
1 0.5283768075304526 0.5878316427434511 0.05765181369509058 0.022529528007635947
1 0.5763298534883712 0.4007498134149962 0.06067668414544123 0.02100339067472685
1 0.3940647594130657 0.7316896360598154 0.06985142504614253 0.01798747867599957
1 0.6326566039497964 0.22940207208781413 0.05392603639719447 0.01311816534054513
1 0.48303613818752267 0.17293280140036055 0.07151405459579188 0.019568160009545022
2 0.2685083451642648 0.9585237613780888 0.09575259099298643 0.032340880012726815
1 0.30313458050941183 0.4913908053787252 0.08521560919158375 0.03846361067790856
2 0.7437152174603168 0.2776043094366316 0.041225777297895935 0.009847714672181596
1 0.6474481801402716 0.6329997867599957 0.04455103639719447 0.013009077339272323
