1 0.26514217716554994 0.5041289739739894 0.044460395020978184 0.011923147326811722
1 0.23879131948723575 0.5849995423757235 0.03965449585081515 0.010087631541796326
1 0.21910670413525174 0.5573673660391293 0.03809199585081515 0.009996626280124233
1 0.2721510389930491 0.4321629687123176 0.04758539502097818 0.012105157850155378
1 0.2465142667972322 0.2983185897307701 0.036647895020978184 0.011468121018452493
1 0.2972209713566912 0.4913713687405524 0.04914789502097818 0.012196163111827474
1 0.30415436512826943 0.6667508003388184 0.054190592531467276 0.01715667889684287
2 0.3001082504009853 0.5456493450630291 0.05071039502097818 0.012287168373499214
1 0.39726390247093335 0.731329968853492 0.05430899170163021 0.01871917889684287
1 0.41497438857348623 0.6105169399142968 0.04794059253146728 0.01679265785015538
1 0.2884351993613669 0.6381098608480447 0.05118399170163031 0.018537168373499214
1 0.36688596638231374 0.29052993458203774 0.06032219336130425 0.01595819994353027
0 0.2569670987320226 0.9199513950489117 0.05106559253146718 0.016974668373499213
1 0.4648532215571839 0.7631722320782588 0.060795790041956364 0.02220819994353036
1 0.4624208414825601 0.42574782678835205 0.06813469336130425 0.01641322625188941
1 0.3903305086993551 0.5559505372552259 0.05790758838228234 0.025151189420186525
1 0.36860090911891796 0.37054365827367847 0.06091418921211931 0.02377069994353027
1 0.5043193858741939 0.6939826163214781 0.07005239087179334 0.02119173151356133
1 0.33631231783685056 0.20130781086216212 0.05395379419114121 0.01403167889684287
1 0.49358128879255647 0.1377017952183209 0.07173329004195636 0.022845236775233247
2 0.5979706070303923 0.915646242742777 0.09611798340326061 0.03671031570031076
1 0.6286844589091365 0.4487317585277923 0.08565408008391255 0.04232327886860805
2 0.21869784273195986 0.2548261949642071 0.04133539502097818 0.011741136803468066
1 0.26514033193479036 0.6067989476656301 0.04469719336130425 0.015048147326811723
