1 0.4934899879058225 0.6762350515517953 0.014589758672817865 0.04580357332097762
1 0.7949263132559127 0.542321320704271 0.01631589067472703 0.05992063702330856
2 0.7394195585614594 0.74886398658352 0.013009077339272502 0.044186509618646855
1 0.7943172385821403 0.594665070704271 0.016206802673454312 0.05054563702330857
1 0.4835700952419133 0.6562772156169459 0.013045440006363406 0.04731150961864685
1 0.6397468225652774 0.7242310635326948 0.01449885200509069 0.03799107332097762
1 0.34048261923141376 0.7385862625290537 0.009920440006363319 0.047202382213985136
1 0.5364309185630501 0.7442385178865314 0.016097714672181594 0.041170637023308566
1 0.46205817457036813 0.6929513255984124 0.011555665340545218 0.053506945916316086
1 0.3678627318985047 0.7345063977382638 0.009902258672817865 0.04563988221398514
2 0.539184295910277 0.6418402041842004 0.014680665340545218 0.05361607332097762
1 0.7496308999045498 0.6766616043695348 0.014680665340545218 0.05361607332097762
1 0.645034306572277 0.6725048724257022 0.013136346674090582 0.05512400961864685
1 0.6297729332431861 0.6418005094490109 0.014607940006363406 0.04736607332097762
1 0.3290093172342773 0.7179017402965352 0.013081802673454313 0.05043650961864685
1 0.263947938574186 0.6717559157944312 0.014753390674726852 0.05986607332097762
1 0.6834700979074133 0.6578868117185963 0.01626134667409058 0.055233137023308565
1 0.39536157057609506 0.6531100647986392 0.01468066534054513 0.05361607332097762
1 0.5751763399109132 0.6358977390305908 0.019404528007635945 0.05690476442797028
1 0.29347290125718534 0.5504612691524756 0.022674978675999567 0.06951389183263199
1 0.7710353746021849 0.44788183994156466 0.019586341343090296 0.07252976442797028
1 0.5527740812380953 0.6819741308632228 0.016243165340545217 0.053670637023308564
