1 0.3171875 0.2953125 0.009375 0.03984375
1 0.3296875 0.31171875 0.01640625 0.0421875
2 0.3546875 0.321875 0.00703125 0.0484375
1 0.29375 0.31796875 0.0140625 0.04296875
1 0.2296875 0.3515625 0.01484375 0.05
1 0.3734375 0.3328125 0.0109375 0.04921875
1 0.41640625 0.290625 0.01328125 0.04375
1 0.2796875 0.34375 0.0125 0.04921875
1 0.65703125 0.353125 0.01015625 0.05234375
1 0.3375 0.3625 0.015625 0.05078125
1 0.5375 0.2953125 0.0078125 0.04140625
1 0.5078125 0.33984375 0.009375 0.0484375
1 0.21640625 0.36875 0.01640625 0.046875
1 0.3953125 0.4265625 0.01484375 0.06015625
1 0.759375 0.39375 0.0171875 0.059375
1 0.5734375 0.76875 0.025 0.103125
1 0.7453125 0.43828125 0.0140625 0.0625
1 0.709375 0.46484375 0.021875 0.06328125
1 0.6109375 0.77734375 0.0234375 0.10703125
1 0.3796875 0.5390625 0.0265625 0.0734375
1 0.234375 0.46953125 0.01796875 0.06328125
1 0.1734375 0.390625 0.0171875 0.05390625
2 0.7015625 0.259375 0.0109375 0.0375
1 0.3921875 0.253125 0.01015625 0.03984375
