2 0.2139395295744797 0.6637796765404799 0.04742103157003106 0.010193206168510115
1 0.23350014262983726 0.5561990016215578 0.0429155420933748 0.013236385551659246
1 0.34237096857114324 0.1639490462638265 0.05992103157003115 0.010411394480112923
1 0.3124258633377063 0.19470812256272038 0.05367103157003115 0.010302300324311542
1 0.2841804950206768 0.3037012930174156 0.04742103157003115 0.010193206168510206
1 0.30468895804779955 0.16641948132901835 0.05081904735504663 0.014935253246410873
1 0.2780383688817268 0.48972061363426667 0.050546031570031145 0.010247753246410873
1 0.25214372681658687 0.5314990105500115 0.0444780420933748 0.013263659090609536
1 0.2453491532943553 0.7018660576279122 0.05045502630835923 0.008685253246410873
1 0.5694108816829706 0.11942529910320028 0.0948420631400623 0.02038641233702041
1 0.30422289533126035 0.6309456314911741 0.06028505261671846 0.016661394480112966
1 0.38970099487950244 0.1569547524323367 0.06635304209337481 0.013645488635914305
1 0.3664693502541138 0.2738558802733581 0.06497255261671846 0.016743215096963925
1 0.2923430635635852 0.43209902840691894 0.05367103157003115 0.01030230032431163
1 0.34293241069275293 0.18116381980277682 0.0694780420933748 0.013700035713814973
0 0.2975207851185002 0.9608513198027768 0.06184755261671846 0.016688668019063258
1 0.375382347693865 0.349087705354436 0.05706904735504663 0.015044347402212211
1 0.3387266979479789 0.6159070125786064 0.061665542093374805 0.013563668019063257
2 0.3404459055722554 0.3312729139585782 0.05863154735504663 0.01507162094116259
1 0.37002990585460405 0.6289661201270884 0.0679155420933748 0.013672762174864595
1 0.3650946929686557 0.915108171669216 0.07002407366340586 0.023075035713814883
2 0.9435301921216096 0.03367435429548051 0.11110409997176518 0.0315966477265238
1 0.6368702534072949 0.827570810060249 0.10650760523343691 0.033077327109672795
1 0.7276791370152296 0.19491799715403565 0.11551858418674961 0.026990968343374798
