2 0.22210314537601103 0.19978282198603547 0.047202382213985136 0.012926975104890692
1 0.2710267402965351 0.31606975020049266 0.04127976442797028 0.021828378424238615
1 0.2697197006408214 0.28655984895573716 0.044186509618646855 0.015815176764564676
1 0.2167162078123975 0.4432960236457094 0.04262400961864685 0.015696777594401645
1 0.22279753830495136 0.5815297294545683 0.04563988221398514 0.012808575934727706
1 0.22718497105924146 0.3443257273799758 0.039608137023308565 0.018584979254075585
1 0.2497072678865313 0.5249478427319598 0.048928573320977706 0.01773287427505359
1 0.2219790827699885 0.6049672294545683 0.04424107332097771 0.017377676764564677
1 0.3746898766020535 0.7391026632681028 0.06315476442797027 0.023485966806520864
1 0.2680555077197303 0.3342160989557372 0.04887400961864685 0.016170374275053766
1 0.273412607997732 0.6493791576690254 0.05657738221398514 0.013637370125868919
1 0.23907730273292166 0.561595737752938 0.05038194591631599 0.014726273445216797
2 0.3056348640729998 0.39604067011658006 0.056741073320977706 0.01832487012586892
1 0.3033853725105203 0.3042675672121507 0.05054563702330857 0.019413773445216796
1 0.26698653712382503 0.49870465144524817 0.05049107332097771 0.01785127344521662
1 0.3710689242319516 0.1510941004056297 0.05701389183263199 0.026137370125868874
1 0.2871923989193901 0.4332805609883733 0.053670637023308564 0.01965057178554286
1 0.29878466334736037 0.41370176679723214 0.05361607332097771 0.01808807178554268
1 0.41852178838976933 0.24255862737533143 0.0696230192372937 0.030209563487173074
1 0.4349652439247322 0.2179371356737012 0.06795139183263199 0.026966164317009954
1 0.2653769410221746 0.29935584688114475 0.041170637023308566 0.018703378424238616
1 0.25411205880818943 0.30955964107228595 0.04106150961864685 0.015578378424238615
