1 0.4592436433073792 0.3182963622517064 0.012592841901054187 0.041453794191141216
2 0.42561540121604463 0.35313238092303834 0.014410009885831698 0.04782219336130424
1 0.2683467292769344 0.31629246390673593 0.014091674904859807 0.04000969336130415
1 0.3810722223568522 0.2921231033286367 0.013837006920082207 0.033759693361304244
1 0.5768303913302129 0.31786049959901463 0.011030341901054185 0.04133539502097818
1 0.3664950692008222 0.3548832124568434 0.011030341901054185 0.04133539502097818
1 0.5448163873758801 0.2967425161957542 0.010775673916276674 0.03508539502097818
1 0.32791273026551754 0.3254791323729308 0.011030341901054185 0.04133539502097818
1 0.5732252302655175 0.3440678020885256 0.01559050790866543 0.038565592531467276
1 0.5110780573378241 0.3097627344521677 0.01402800790866543 0.03844719336130416
1 0.49108389231879607 0.3160360452400484 0.011030341901054185 0.04133539502097818
1 0.22979356524648953 0.32583248465266035 0.017598676882026078 0.049621491701630306
0 0.8904127302655176 0.3681028336316195 0.012720175893443297 0.04457879419114121
2 0.04158784148112469 0.8294982458508151 0.019636020760246665 0.0996214917016303
1 0.19714023273697548 0.3272523520792368 0.014537343878220543 0.050947193361304245
1 0.7384682282883512 0.34724311412580616 0.012720175893442941 0.04457879419114121
1 0.19433090912471002 0.3729909045687478 0.014537343878220543 0.050947193361304245
1 0.49563874113993245 0.38959194441021133 0.011539677870609211 0.053835395020978186
1 0.7455114071475437 0.4054108116362952 0.014537343878220454 0.0509471933613042
1 0.4231562460828483 0.40746468341254927 0.01641817885919252 0.05887809253146727
1 0.3662032505314726 0.4241776641165174 0.017662343878220542 0.05118399170163026
1 0.6949940953982763 0.5036105906805893 0.016736513840164592 0.06669059253146728
2 0.6447699664253531 0.28406676267126924 0.01090300790866543 0.038210395020978186
1 0.36413939034162973 0.29707071245684336 0.012592841901054187 0.041453794191141216
