1 0.8014852984400701 0.6466590265599782 0.010393292553055655 0.04440556386197052
2 0.4000871058107645 0.7154186423028749 0.008685322188333445 0.03804630321830871
1 0.8029925938429173 0.6105576355944855 0.010429660144236052 0.04596806386197052
0 0.1650016313619797 0.6340422282084734 0.012064895326597292 0.04920232450563215
1 0.38213588639597285 0.683808009383154 0.01177395459715278 0.036702324505631975
1 0.7620227549370838 0.6322030426515216 0.010320557370694417 0.04128056386197052
1 0.5582256077106256 0.651149056649378 0.010393292553055567 0.04440556386197052
1 0.3813176155944103 0.648651759383154 0.010466027735416716 0.04753056386197052
1 0.5733414614340978 0.6281814502127606 0.013591027735416716 0.04774908514929379
1 0.5215438785121881 0.6889275620972596 0.008685322188333445 0.03804630321830871
1 0.5343705336224311 0.6684675966261349 0.01035692496187508 0.04284306386197052
1 0.6636560304882991 0.5412663222367182 0.010611498100139016 0.05378056386197052
1 0.86214808187507 0.5297339704916778 0.013881968464861316 0.06024908514929379
1 0.8535368012898615 0.5632020343536484 0.01388196846486096 0.06024908514929379
2 0.634223756836945 0.5879281547881221 0.012101262917777689 0.050764824505632154
1 0.8409276985163199 0.5593886195029422 0.01700696846486096 0.060467606436617416
1 0.7113493012898616 0.5731447529268662 0.01380923328249999 0.05712408514929379
1 0.14746733282500046 0.5531035846450908 0.012464938829583393 0.06638982450563216
1 0.44928571238402826 0.6102505410620377 0.012173998100139017 0.05388982450563216
1 0.879714175530556 0.3766964518022445 0.02841724715020817 0.08154493094224949
1 0.48097081705743105 0.5595185675451412 0.01231946846486114 0.060139824505632156
1 0.9167550081681253 0.11900428410154676 0.024566201747361304 0.11715464901126431
2 0.9717321424768055 0.06271462336133996 0.031107142476805905 0.1254292467226799
1 0.3951385005686809 0.3683251210155515 0.02234908510611122 0.0889203883676025
