2 0.7151408621659715 0.6987983531223902 0.012028638558944316 0.03807321008590812
1 0.6375554197669612 0.667654573723748 0.01055706677218975 0.041116322930778534
1 0.3492825299543756 0.6561593102676223 0.012346887305303155 0.04901071008590829
1 0.5600381735278848 0.6388545443251059 0.012301423198680439 0.04744821008590829
1 0.37967472360702714 0.678822204320157 0.013772994985435095 0.04440509724103805
2 0.014853424848033075 0.18778992706922149 0.021477846397360868 0.09473264586155702
1 0.5223790491547055 0.6353510860482199 0.013954851411925873 0.05065509724103805
2 0.44542409256993015 0.572094169494448 0.012574207838416562 0.05682321008590811
1 0.16612407132453622 0.3042703409094599 0.01844377461060622 0.09769387155129756
1 0.32075671318218585 0.616967335482393 0.015517351411925872 0.050736984396167625
1 0.3329384644358271 0.605374738241355 0.01569920783841656 0.056986984396167804
1 0.2784639131030436 0.5886685950933315 0.01744356426490725 0.06331887155129756
1 0.3861279974262105 0.4703546070791191 0.01735263605166191 0.06019387155129756
1 0.4049976693712497 0.5272663483726918 0.017534492478152686 0.06644387155129756
1 0.7682227465682807 0.613860109115284 0.014045779625171128 0.05378009724103805
1 0.4640377002500621 0.566424023632891 0.019096992478152684 0.06652575870642732
1 0.22892926286561677 0.4997189597472239 0.017716348904643374 0.07269387155129756
1 0.5256642073761981 0.34489318238474675 0.019824418184115445 0.09152575870642732
1 0.9238947703874641 0.3975722885593546 0.022585705331134066 0.07918953301668682
1 0.20958090314042072 0.21122966983313227 0.03126202335696497 0.10928646879233553
1 0.6576212495377816 0.28164183062115294 0.024466454077492726 0.09020892017181659
1 0.6800742257185981 0.4885945154922906 0.017670884798020658 0.07113137155129756
1 0.7225716142775426 0.5239245058813522 0.014273100158284535 0.06159259724103805
