1 0.2112135389930491 0.4571378647397609 0.03352289502097818 0.010329746239076343
1 0.25586411077859195 0.40519493151195063 0.03965449585081515 0.008949102665567032
1 0.23806834645693753 0.6607091456185733 0.041572193361304244 0.01368206677218975
1 0.2965608883729936 0.364098570070895 0.05071039502097818 0.010829851411925873
1 0.2716038194872358 0.6107917136444042 0.04782219336130424 0.013863923198680439
1 0.29397757218652815 0.522183854710631 0.049266294191141216 0.012346887305303155
2 0.3233816522704407 0.4854567445232167 0.05407219336130424 0.014045779625171307
1 0.4127088744755464 0.24690036137454863 0.05478258838228225 0.02342077962517113
1 0.4850528580792995 0.5011225116119755 0.05731559253146727 0.015699207838416385
1 0.3381806259254389 0.3418204047897734 0.060795790041956274 0.020477636051661908
1 0.43248027467139466 0.7196080871596539 0.07005239087179334 0.019187920691397943
1 0.356135875300739 0.43551658049573627 0.06356559253146728 0.015881064264907253
1 0.47376443503971244 0.9290800270513817 0.07701278589277152 0.028744777117888632
1 0.42858568006533504 0.7296734089464085 0.07294059253146723 0.016153848904643376
1 0.6272394354639198 0.5569359055811962 0.10142079004195637 0.021659702823851566
1 0.42283812322614656 0.4335425550272002 0.05490098755244528 0.024983279625171127
0 0.3257803273846202 0.06115542649738572 0.051302390871793245 0.018642351411925783
1 0.3603740120233474 0.41058477665567034 0.0605589917016303 0.01735263605166182
1 0.28585188317490146 0.8257407637235467 0.055871491701630305 0.017216243731793666
1 0.4966811327739162 0.26500315518548473 0.06908188672260848 0.026954956584775223
1 0.5158212964662262 0.291398170624891 0.08278918921211939 0.02267663354437941
2 0.1862196586947107 0.7766463826864496 0.041453794191141216 0.01211956677218975
