1 0.45 0.7337284131535131 0.009375 0.03324914764263518
1 0.396875 0.6955777497951122 0.0078125 0.039426373035529316
1 0.65234375 0.6821166015333044 0.0125 0.04120719685684691
1 0.3546875 0.6600426641869703 0.009375 0.05043664764263518
1 0.6015625 0.6547942762642449 0.0125 0.047457196856846906
1 0.5125 0.6433174288692788 0.0109375 0.048946922249740864
2 0.475 0.6185015194398193 0.0125 0.053707196856846905
1 0.234375 0.5586150589341214 0.021875 0.054143844499482084
1 0.4859375 0.4554920971900783 0.0140625 0.05690497146395259
1 0.33125 0.6212905332935582 0.01875 0.060248295285270356
1 0.70546875 0.4812047648917053 0.0171875 0.06955052067816432
1 0.42421875 0.5919604441707598 0.0140625 0.06315497146395277
1 0.91328125 0.41449449214662637 0.0265625 0.07623716832079955
1 0.715625 0.4838567299455173 0.0140625 0.0725299714639526
1 0.5375 0.3069967851555851 0.01875 0.10087329528527036
1 0.4203125 0.5257361306885244 0.0234375 0.054216619106587774
0 0.0515625 0.6679109379655067 0.0171875 0.05080052067816432
1 0.39921875 0.5907810878844535 0.015625 0.06010274607105863
1 0.815625 0.6143554050907424 0.015625 0.05541524607105863
1 0.25 0.47273106286306277 0.025 0.06835189371369381
1 0.27578125 0.4504365318458161 0.0203125 0.08219606989237604
2 0.76953125 0.7196272560003653 0.0109375 0.041134422249740864
