1 0.34494339990454986 0.721631497059324 0.0098840773392725 0.04424132293077854
2 0.7046451165659138 0.7795689863167318 0.012899989337999785 0.03503009724103805
1 0.3491763665659137 0.7609396585247132 0.008285214672181596 0.04103443577564878
1 0.4452433919080496 0.7010910249876281 0.009993165340545219 0.05361632293077854
1 0.20508311059836676 0.5141797659425166 0.010229522676635927 0.07392882293077854
1 0.44069225190964045 0.6891266135222388 0.008394302673454136 0.050409435775648784
1 0.5447434052355499 0.7493005529159322 0.009884077339272324 0.04424132293077854
1 0.29856838657704954 0.6762061324054314 0.009993165340545129 0.05361632293077854
1 0.36211326591345855 0.6568663121881864 0.01155566534054513 0.05369821008590812
1 0.38331610391473114 0.648596788782438 0.013190890674726851 0.06003009724103805
1 0.32383201591345856 0.6548600768875075 0.011664753341817758 0.06307321008590812
1 0.8207081105983669 0.5464433050636387 0.028888616008908484 0.06709896879233561
2 0.4063541619191855 0.6169716525318194 0.013209072008272394 0.06159259724103805
1 0.23725926392427618 0.5705868962002413 0.014844297342454205 0.06792448439616763
1 0.5624047145926397 0.5751194244672296 0.013336341343090297 0.07253009724103805
1 0.6830252025780041 0.6893191225673503 0.013154528007635946 0.05690509724103805
1 0.3671103959261852 0.5633210300760106 0.01480793467536321 0.06479948439616763
1 0.2130228799331849 0.5036517017181652 0.01493520401018138 0.0757369843961678
1 0.18867631325591266 0.580548394391219 0.016443160009545023 0.07113137155129756
1 0.4919013105904126 0.5878407524863908 0.014898841343090474 0.07261198439616763
1 0.45090468793763927 0.48328604929788754 0.01662497334499946 0.08675637155129756
1 0.7030591759627745 0.31123174411864785 0.026254512014635623 0.10912269448207601
