2 0.6983728648520826 0.31335547578581036 0.011592064934808022 0.03826482450563216
1 0.6224240194784653 0.34315795424638534 0.010084112012708956 0.04128056386197034
1 0.33538766964062106 0.3496164958126261 0.010220479707460584 0.04909306386197043
1 0.5464342637964223 0.3706166827069603 0.011755706168510117 0.04763982450563216
1 0.3646524297868908 0.32747369804219906 0.013263659090609536 0.04462408514929388
2 0.02354360348470162 0.8123743138619706 0.020386412337020397 0.09506112772394096
1 0.5090297211827486 0.3734631772590787 0.013372753246410874 0.05087408514929388
2 0.43520248335761325 0.43540616636331536 0.01191934740221221 0.05701482450563198
1 0.1690316071381496 0.6984806946880043 0.01731595941492108 0.09796760643661742
1 0.3087530316533299 0.38832943454854574 0.014935253246410873 0.0509833457929556
1 0.3214439464259823 0.4001410196978396 0.015044347402212211 0.0572333457929556
1 0.26787861566286153 0.4159027774915097 0.016715941558013547 0.06359260643661742
1 0.380779810467286 0.5361602831914929 0.015098894480112968 0.060358345792955605
1 0.3969581895261234 0.479549650271772 0.016770488635914304 0.06671760643661742
1 0.7552734756469756 0.399265478635802 0.013427300324311631 0.05399908514929379
1 0.4540343039744642 0.4414047940872562 0.018332988635914305 0.06682686708027905
1 0.2225991176914564 0.5040312081816577 0.01687958279171564 0.07296760643661741
1 0.5258077126580367 0.6641263820865417 0.018769365259119652 0.09182686708027905
1 0.9206196063273706 0.6183864552547915 0.02167617694751698 0.0795453883676025
1 0.2167072223972693 0.7923288836760255 0.030006874187573463 0.1097791915859112
1 0.6603833100602489 0.72971816711962 0.02342959172016936 0.0905921490112643
1 0.6731621793798537 0.5230529038780682 0.016852309252765353 0.07140510643661742
1 0.7139138644450456 0.48844831093510416 0.013563668019063257 0.06181158514929379
