1 0.55234375 0.284375 0.0109375 0.03984375
2 0.5875 0.321875 0.01328125 0.046875
1 0.74375 0.296875 0.0125 0.0390625
1 0.6296875 0.2640625 0.01171875 0.0328125
1 0.434375 0.275 0.00859375 0.03984375
1 0.646875 0.328125 0.00859375 0.03984375
1 0.465625 0.25625 0.009375 0.03515625
1 0.684375 0.3015625 0.01015625 0.04140625
1 0.4390625 0.3015625 0.0140625 0.0375
1 0.5 0.271875 0.01171875 0.0375
1 0.5203125 0.2796875 0.01015625 0.040625
1 0.7828125 0.309375 0.015625 0.0484375
0 0.121875 0.3015625 0.0109375 0.04453125
2 0.9921875 0.82890625 0.015625 0.0984375
1 0.815625 0.31328125 0.01171875 0.04921875
1 0.2734375 0.2921875 0.0109375 0.04453125
1 0.8203125 0.359375 0.01171875 0.05078125
1 0.51875 0.353125 0.00859375 0.053125
1 0.26875 0.35 0.01328125 0.05078125
1 0.5921875 0.3765625 0.0140625 0.0578125
1 0.65 0.39765625 0.015625 0.04921875
1 0.3234375 0.45234375 0.0140625 0.065625
2 0.36484375 0.2359375 0.009375 0.03671875
1 0.646875 0.2703125 0.0109375 0.03984375
