1 0.2859402282139891 0.5037831136342665 0.04588550296574958 0.014853432629560005
1 0.4216017914833123 0.20593772321134346 0.06001166996194396 0.016661394480112945
2 0.214749613612703 0.25548988960884894 0.044259335969555114 0.013263659090609536
1 0.3692580414833123 0.2050240596565071 0.05063666996194396 0.016497753246410875
1 0.30583889273872555 0.5142939196406211 0.047384335969555116 0.013318206168510116
1 0.23879992585626192 0.355980813309955 0.03807300296574958 0.0147170649348082
1 0.22270144608503592 0.6551313794625793 0.047257001977166355 0.010193206168510115
1 0.21819165410743208 0.45881944115097645 0.04119800296574956 0.014771612012708957
1 0.2690418882901013 0.5347603782447632 0.053570668973360734 0.011864800324311631
1 0.2269406185184378 0.6278421765404799 0.04569450197716636 0.010165932629559827
2 0.32059907110362645 0.45904335795222373 0.05369800296574958 0.01498980032431163
1 0.28700661558986934 0.24736947240056456 0.05369800296574958 0.01498980032431163
1 0.2905534268448451 0.3521933400953163 0.055196835969555116 0.013454573863261921
1 0.3211667568829012 0.3683638108743231 0.04744800296574949 0.014880706168510205
1 0.243317693613578 0.6672183222384088 0.05050933596955511 0.013372753246410874
1 0.2890811797734136 0.7336888019458694 0.05994800296574958 0.015098894480112968
1 0.3053945182516077 0.3141439151763942 0.05532416996194396 0.01657957386326192
1 0.30849170745374244 0.6026842637964224 0.05369800296574958 0.01498980032431163
1 0.3267509120160975 0.4231876785690748 0.05701400395433272 0.01973184740221221
1 0.41053968570491267 0.7076638644450455 0.06964133794672148 0.023075035713814883
1 0.5158956195442019 0.23260140908731422 0.07263900395433254 0.02000458279171564
1 0.280547074069376 0.44427174593951496 0.05376166996194396 0.016552300324311632
