1 0.40026099914697866 0.6267683757731518 0.047165940729444425 0.01632637272903601
1 0.5812226712590621 0.5194335921434889 0.07536367591180557 0.02174719636645772
1 0.43325533710288144 0.6216343366834771 0.05359777868534721 0.024649055759574167
1 0.3507532680486801 0.5342781157712122 0.05025457313826394 0.01501896424430509
1 0.3476672484813886 0.39783043274067403 0.053488675911805575 0.019961555759574166
1 0.5827805987863883 0.7551637980528443 0.06602504350298624 0.022544421820650484
1 0.39373954863388844 0.5706618969849793 0.053488675911805575 0.019961555759574166
1 0.3416705151988885 0.45369779546777045 0.05021820554708336 0.013456464244305267
1 0.4305297273954857 0.6378492680470254 0.05817617591180557 0.020344193032477875
0 0.4215670758006242 0.9220329494105736 0.05970230832062495 0.018909238790112325
1 0.45472964038951336 0.6742650001691779 0.07532730832062509 0.02018469636645772
1 0.4179225842530899 0.5405438333494972 0.05803070554708332 0.014094193032477876
2 0.44392269301055515 0.4996158154716498 0.0596659407294446 0.017346738790112327
1 0.4948656375397217 0.597702371231224 0.06758754350298624 0.022671967578284935
1 0.5186330587018746 0.45092296608047294 0.06442617591180558 0.020854376063016034
1 0.41716735657326376 0.13580853592487271 0.059702308320625085 0.018909238790112325
1 0.4838527895158327 0.7345646424430512 0.06464438145888884 0.030229376063016032
1 0.5933771791428468 0.5352977082045652 0.06613414627652787 0.027231921820650484
1 0.527796385258611 0.1244880118381075 0.06758754350298624 0.022671967578285025
1 0.5219249789140971 0.2758591932016557 0.06602504350298624 0.022544421820650484
1 0.5708663995075691 0.5271982947188645 0.06918641109416654 0.024362013335919565
