1 0.4584918464480685 0.6192678068672068 0.04128009724103805 0.014392139784752267
1 0.3953500373120999 0.5501582419372294 0.03009693577564878 0.009195217535011225
1 0.4444094142904643 0.709203602152477 0.03503009724103805 0.014101041356328814
1 0.4793775565339768 0.6292592369748307 0.042678822930778536 0.01133991439185813
1 0.3923678002023987 0.4633667173301236 0.03157754862051902 0.007705492142117265
1 0.40942358265325857 0.6842057562052529 0.028616322930778537 0.010684942927905538
1 0.4123527515818797 0.4561706474377473 0.03034259724103805 0.013882717535011224
1 0.4034015547249544 0.584242143508806 0.030424484396167805 0.015445217535011223
2 0.9478630421733399 0.8713630763070261 0.09802142017181659 0.026387025640563166
1 0.40922667231952314 0.276973299009324 0.04103443577564878 0.009704639784752268
1 0.4023569538658719 0.4746488196874884 0.03799132293077854 0.01112159057054054
1 0.4734507038658718 0.47133757506417184 0.03659259724103805 0.014173815963434677
1 0.6479062285148156 0.6918940159251626 0.06372830732694616 0.026348484284234176
1 0.46803502204695197 0.7864189195636538 0.03971759724103805 0.014319365177646403
1 0.5429675864984459 0.3482767566195378 0.05534259724103805 0.015047111248705036
1 0.46524537822155987 0.3894882615819365 0.04588571008590829 0.013047963606069857
1 0.5681712251239136 0.1716757152632089 0.05410764586155707 0.021224336641599173
1 0.45017922094004204 0.28133115922457164 0.04136198439616763 0.015954639784752266
1 0.568775328469387 0.780943707405326 0.05427142017181659 0.024349336641599172
1 0.42442446291098335 0.7163996720448532 0.041361984396167804 0.015954639784752266
2 0.46194439506858753 0.6253722576529951 0.03848264586155707 0.02049659057054054
2 0.36435126356766734 0.34719806182960555 0.03955382293077854 0.011194365177646404
