1 0.3395850431801414 0.4353896492388783 0.011177331893687813 0.02850700197716627
1 0.551774162550758 0.4635159437251211 0.011778109191583752 0.03788200197716627
2 0.49534249228497734 0.5313454308735398 0.013640997840531632 0.04263316897336082
1 0.3590650308416402 0.49618256920082227 0.011577850092285047 0.03475700197716627
1 0.6206242921004071 0.46787979155767434 0.008452850092285047 0.03462966798477751
1 0.20244359345699658 0.5326572855889943 0.01862888648947967 0.04751166996194378
1 0.4132623750738292 0.4664433310638204 0.011577850092285047 0.03475700197716627
1 0.26767856723883476 0.5049262164253531 0.013540868290882368 0.04107066897336083
1 0.6747901603912896 0.5106058024320893 0.01354086829088228 0.04107066897336083
1 0.466477012643043 0.4943255919382352 0.008653109191583751 0.037754667984777515
1 0.8819203423772624 0.5813825119373602 0.012479016039128866 0.048819501977166266
1 0.6358871491325226 0.547981127032938 0.013540868290882458 0.04107066897336083
1 0.7797279842654129 0.5187777411771135 0.013540868290882458 0.04107066897336083
1 0.7194203423772624 0.5747611443331435 0.012579145588778217 0.05038200197716627
1 0.31827934453673074 0.5163385603035737 0.013440738741233017 0.039508168973360826
1 0.7494268198597285 0.6539048162722537 0.012779404688076923 0.05350700197716627
1 0.3103853038205995 0.5877042243340185 0.01081638648947969 0.04719333498097207
0 0.06721749228497734 0.5139006739162767 0.013941386489479646 0.047320668973360826
1 0.19269715607235288 0.5751166996194391 0.017266645588778308 0.05057300296574958
1 0.603674228866742 0.6167974526223696 0.015704145588778216 0.05050933596955502
1 0.5408330698597285 0.6454052722803025 0.015704145588778216 0.05050933596955502
1 0.7732426565337782 0.7701983197322948 0.018167811535622212 0.06463550296574957
2 0.6509335533591741 0.43015429847775655 0.011577850092285047 0.03475700197716627
