1 0.33437937414339863 0.4912497811538891 0.012196163111827297 0.048655705547083275
2 0.08624904216396197 0.06380988649288202 0.027805752560248732 0.07554551386770836
1 0.4420560952747906 0.5766807477188893 0.011650131541796149 0.039280705547083274
1 0.3315273899284142 0.48648954597152805 0.014213689420186526 0.05650457313826394
1 0.5652051689381965 0.5576424198309727 0.01201415258848364 0.04553070554708327
1 0.3313160163497129 0.5975725163362503 0.012105157850155469 0.047093205547083274
1 0.5769316242139858 0.5712146105604171 0.0119231473268119 0.04396820554708327
1 0.417249871230214 0.19668346998347258 0.018612763083592297 0.078452308320625
1 0.4525077478632743 0.5315500856747921 0.01201415258848364 0.04553070554708327
2 0.5325130372552259 0.4473582300514588 0.01614021046687384 0.06279094072944442
1 0.5344703794050705 0.4943423328250004 0.01559417889684287 0.0534159407294446
1 0.5010285478491567 0.517815547205799 0.013758663111827473 0.04869207313826394
1 0.16064501350711546 0.3714243243725349 0.0195382262518895 0.06755117591180557
1 0.6207495136482898 0.5307721017267019 0.015594178896842692 0.0534159407294446
1 0.2674047057698995 0.5397587099154864 0.01403167889684287 0.053379573138263935
1 0.7412047687687873 0.3833723844961118 0.01650423151356133 0.06904094072944442
1 0.5982745451477337 0.4465419188810422 0.015867194681858265 0.0581034407294446
1 0.3967799345820377 0.40038969823197956 0.016322220990217674 0.06591594072944443
1 0.41030337926389615 0.34281358757465313 0.01953822625188959 0.06755117591180557
1 0.6800859872693434 0.4656569012136117 0.017520699943530182 0.05970230832062491
1 0.7523228212443315 0.21934625208729228 0.02348227360693613 0.0816864110941667
1 0.5487890265907079 0.30222756800736156 0.019629231513561506 0.06911367591180557
2 0.5590014005929322 0.6372935522397922 0.013303636803468067 0.04087957313826394
