1 0.6390625 0.425 0.01328125 0.03984375
1 0.5671875 0.365625 0.0078125 0.0296875
1 0.728125 0.40625 0.01171875 0.034375
1 0.65 0.4453125 0.009375 0.0421875
1 0.48046875 0.3671875 0.00703125 0.03125
1 0.7015625 0.37265625 0.009375 0.02890625
1 0.47421875 0.3875 0.01328125 0.0296875
1 0.6015625 0.371875 0.0140625 0.0296875
2 0.91328125 0.9 0.021875 0.09765625
1 0.2953125 0.39375 0.0078125 0.03984375
1 0.4921875 0.3765625 0.00859375 0.0375
1 0.4921875 0.44765625 0.0125 0.0359375
1 0.7203125 0.61015625 0.0234375 0.06328125
1 0.80625 0.42578125 0.01171875 0.0390625
1 0.37265625 0.5234375 0.01328125 0.0546875
1 0.41015625 0.44375 0.0109375 0.0453125
1 0.19765625 0.5578125 0.01875 0.05234375
1 0.3015625 0.434375 0.0140625 0.040625
1 0.80546875 0.5265625 0.02265625 0.05234375
1 0.734375 0.3859375 0.0140625 0.03984375
2 0.6453125 0.428125 0.01796875 0.0375
2 0.36328125 0.3453125 0.01015625 0.0390625
