1 0.6078125 0.66015625 0.0171875 0.02265625
1 0.45625 0.44140625 0.0078125 0.03984375
1 0.3875 0.39921875 0.009375 0.02578125
1 0.45 0.4359375 0.0078125 0.028125
1 0.60234375 0.66171875 0.0171875 0.025
2 0.34375 0.3890625 0.00703125 0.034375
2 0.8171875 0.890625 0.0140625 0.06953125
1 0.39453125 0.403125 0.0078125 0.03203125
1 0.459375 0.421875 0.01171875 0.03671875
1 0.5765625 0.4125 0.0109375 0.03046875
1 0.59296875 0.4171875 0.0125 0.03046875
1 0.38046875 0.44921875 0.01171875 0.0390625
2 0.46875 0.478125 0.00859375 0.04375
1 0.5984375 0.7 0.0171875 0.0640625
0 0.009375 0.490625 0.01015625 0.04453125
1 0.7109375 0.46015625 0.01015625 0.04453125
1 0.275 0.42578125 0.0109375 0.0375
1 0.4796875 0.44296875 0.009375 0.03828125
1 0.2671875 0.49296875 0.01015625 0.0453125
1 0.5796875 0.49375 0.009375 0.04453125
1 0.5640625 0.5828125 0.01640625 0.05
1 0.74609375 0.5046875 0.0109375 0.046875
1 0.4515625 0.509375 0.0125 0.0453125
1 0.76484375 0.5046875 0.01328125 0.04765625
1 0.28125 0.5296875 0.0125 0.04765625
