1 0.370927523535655 0.4891399610364789 0.010220479707460584 0.04860114123370209
2 0.09092105478853843 0.06328697848964455 0.02474662986961631 0.07540910308425511
1 0.48487302110002306 0.5739161558409034 0.01005683847375849 0.03922614123370209
1 0.36772070291880404 0.48439791395857823 0.01191934740221221 0.05644091477265238
1 0.6063661915547183 0.55416849187903 0.010165932629560004 0.0454761412337021
1 0.3759071241842782 0.5954445081143795 0.010193206168510206 0.04703864123370209
1 0.6190980166357962 0.5676679301906326 0.010138659090609537 0.043913641233702096
1 0.43138418790456556 0.19419169967239314 0.015426176947516978 0.07837046185055305
1 0.4918945884704632 0.528740023535655 0.010165932629559827 0.0454761412337021
2 0.5653945438281945 0.4441116534052714 0.013590941558013547 0.06271818831160267
1 0.5709002499967047 0.49106847402212245 0.013427300324311631 0.053343188311602674
1 0.539291739850435 0.5147281164736405 0.011782979707460584 0.04862841477265238
1 0.18844053165332988 0.3703648672877146 0.016797762174864596 0.06746023538950344
1 0.6597815178536122 0.5269844289728166 0.013427300324311631 0.053343188311602674
1 0.30773777678206593 0.5380217459395149 0.011864800324311541 0.053315914772652385
1 0.7688820081143796 0.3789344870077659 0.013700035713814885 0.06896818831160276
1 0.6309786335197691 0.44291339204118574 0.013509120941162679 0.05803068831160267
1 0.42634963473758497 0.39794794520816634 0.013645488635914305 0.06584318831160267
1 0.4354967637964224 0.3403127232113435 0.016797762174864596 0.06746023538950344
1 0.7140911424482228 0.4615463896055537 0.01509889448011279 0.05962046185055314
1 0.7675807865245938 0.21489926054671624 0.020168224025417736 0.0815772824674041
1 0.5706706047058129 0.298935521100023 0.016825035713814884 0.06902273538950343
2 0.6061946420411857 0.6338287183400795 0.011646612012708956 0.04081591477265238
