1 0.5464189716174106 0.7633637833380906 0.04744821008590812 0.012028527735416716
1 0.6905230964480685 0.6543550720914242 0.03831887155129756 0.016497822188333445
1 0.6650140841235966 0.5398379772016673 0.035357645861557076 0.019550087005972293
2 0.5502079556748941 0.552771775454306 0.05427142017181659 0.023111498100139016
1 0.6126493227036359 0.44888501567066025 0.04456887155129756 0.016643292553055744
1 0.633735265149547 0.8512287656706601 0.04925637155129756 0.016752395326597024
1 0.5197303188584487 0.775227350492431 0.05895892017181659 0.023220600873680653
1 0.6164603974434367 0.5067156994662505 0.041607645861557074 0.019695557370694415
1 0.5784236454072718 0.8827138485925697 0.04629514586155707 0.01980466014423641
1 0.5682862483025193 0.6148360175705212 0.05065509724103805 0.013663762917777688
1 0.5494090162812008 0.44819337822784766 0.050982645861557076 0.01991376291777769
1 0.5728929404097463 0.7920706647969796 0.06019387155129756 0.017006968464861317
1 0.4357282965843541 0.39326752925402814 0.06331887155129756 0.017079703647222288
1 0.4455138116223594 0.5799862792540281 0.06808825870642732 0.018751306420763926
1 0.31810586386092304 0.6800200340036808 0.07902575870642722 0.019005879559027862
1 0.3947038268875074 0.34003277327010445 0.06989642017181649 0.02347517401194459
1 0.5703888223649516 0.22317584764263937 0.05386198439616763 0.015298998100138928
1 0.36552085368415776 0.8403042237831947 0.07293953301668683 0.021985409194305562
1 0.526288019560561 0.3196865185204518 0.057478307326946164 0.02474673328249999
1 0.46369508706427265 0.18245796903354203 0.06348264586155708 0.020204703647222287
1 0.28255462969189793 0.23988534327423636 0.0763101944820761 0.02674564437666671
2 0.6788398094746528 0.3123130424561464 0.041361984396167804 0.015008057370694505
