1 0.416774802752996 0.6669580825827123 0.009774989337999784 0.03508539502097818
1 0.37538673408654144 0.6653830045733921 0.01293635200509069 0.03844719336130424
1 0.8097793680776327 0.6327321734637943 0.01308180267345449 0.050947193361304245
1 0.3945907200827235 0.63873799420043 0.0098840773392725 0.044460395020978184
1 0.6487696900859051 0.6814153593519213 0.016097714672181594 0.041808991701630306
1 0.8641396040738147 0.6087511444195002 0.013099984006999677 0.05250969336130425
1 0.5923100574076784 0.5920559388111339 0.009956802673454135 0.05071039502097818
1 0.7876300060470888 0.4062521838367566 0.019549978675999568 0.07017079004195632
1 0.7904475654041786 0.5813113834218381 0.013190890674726851 0.06032219336130425
1 0.7128310954009969 0.5520131244987683 0.016243165340545217 0.0543089917016303
2 0.451366884070633 0.5540562634964619 0.014680665340545218 0.054190592531467276
1 0.7445532627307243 0.5278778074871104 0.016334072008272214 0.0621214917016303
1 0.2254407307447237 0.5915758838228233 0.016206802673454312 0.05118399170163031
1 0.24329984540099686 0.5164341738647795 0.022565890674726852 0.06103258838228243
1 0.18457827872372465 0.4339284045687478 0.017878390674726897 0.06067739087179334
1 0.5667186167249973 0.47225200167360715 0.0163704346753633 0.0652464917016303
1 0.37203392007476926 0.5784866558181475 0.01780566534054513 0.05442739087179334
1 0.6851226240451798 0.3844345381910784 0.02118520401018138 0.0765391892121194
1 0.2527288420591791 0.45470376847083926 0.019477253341817758 0.06392079004195636
1 0.19175552673454233 0.5140895012493999 0.02256589067472694 0.06103258838228243
1 0.3605958860598154 0.46756081121208803 0.019477253341817758 0.06392079004195636
2 0.3217804760900413 0.6870794832027679 0.01137385200509069 0.03832879419114121
