1 0.41352751989750985 0.7961339440642698 0.03352289502097818 0.009756808004454243
1 0.33408050869935507 0.5856498827179977 0.041927390871793334 0.017660214672181596
1 0.27696582571101314 0.617044786043907 0.038565592531467276 0.01449885200509069
1 0.3951615638881584 0.5019112293920882 0.05106559253146727 0.014644302673454313
1 0.3671028057902813 0.7690078227243611 0.045170790041956274 0.019259077339272325
1 0.35732967716555 0.526493058720543 0.044697193361304156 0.013009077339272502
1 0.34474163110030903 0.8164458967218156 0.04528918921211931 0.020821577339272323
1 0.4480209190676729 0.7949714334022696 0.06188469336130424 0.013209072008272215
2 0.43185423525413835 0.6368316693984515 0.055516294191141215 0.011573846674090582
1 0.42997427177160963 0.5171731500636334 0.057078794191141216 0.011592028007635946
1 0.3802972709464171 0.32658396538827017 0.04914789502097818 0.009938621339908771
1 0.4131490115991401 0.7804907627307243 0.0543089917016303 0.016243165340545217
1 0.42554780351519617 0.48271633406267894 0.054190592531467276 0.014680665340545218
1 0.42624377529609453 0.6179998533974971 0.05106559253146727 0.014644302673454134
1 0.508822244801908 0.46726460407381476 0.05887809253146727 0.014735209341181488
1 0.5154722186573988 0.6065270987428146 0.06500969336130424 0.013245434675363299
1 0.5922086269511242 0.811506047421996 0.07005239087179334 0.01798747867599957
1 0.5005156051795145 0.2982691560709513 0.054545790041956366 0.01936816534054504
1 0.559721893972071 0.46629299741404173 0.06680899170163031 0.016388616008908664
1 0.6475258568298997 0.6800020560948138 0.0761839917016303 0.01649770401018138
1 0.7469869408625045 0.36838385077176794 0.08650618506293437 0.029106792011454097
2 0.28275849750120025 0.3754930853755435 0.04133539502097818 0.009847714672181596
