2 0.5397578877715156 0.4674232796257847 0.04794059253146728 0.016519114653892684
1 0.636978275118824 0.5807654053609538 0.041572193361304244 0.014629066033373661
1 0.5951744805034755 0.1947017526019918 0.045170790041956364 0.021042840343633084
1 0.6415059514591813 0.2471782994134885 0.037003092531467274 0.015945904567984302
1 0.5135981294731458 0.48448130484055546 0.060795790041956364 0.02186171189493056
1 0.594421154368255 0.4331843984635489 0.0464964917016303 0.017999727498762753
1 0.4741571211747761 0.502235370873929 0.05887809253146727 0.017092324739800803
1 0.4969578489789592 0.637517773632891 0.06415758838228243 0.02515048620519007
1 0.5829131240745611 0.30201628561867855 0.04625969336130424 0.014874727498762752
1 0.5635281971095039 0.5430440773417926 0.054545790041956366 0.021534163274411534
1 0.3865690751095351 0.21583088138937856 0.061032588382282246 0.02498671189493056
1 0.5497687373519528 0.2786540287212736 0.05082879419114121 0.013557888964152021
1 0.3303782746946166 0.21956006897404964 0.07736798340326043 0.03518058344622812
1 0.5430199846526603 0.18959152872127363 0.054190592531467276 0.016846663274411533
1 0.4765643452307596 0.07855885346107443 0.06188469336130424 0.015693599050060313
1 0.5066162688950465 0.5993626763918529 0.05731559253146727 0.017010437584671044
1 0.5272158792726531 0.7677032406162042 0.060440592531467274 0.01717421189493056
1 0.4961198286340201 0.10890809475464716 0.057433991701630306 0.018572937584671056
1 0.5738918149602876 0.88683169889309 0.05442739087179334 0.019971663274411355
1 0.6015996500185775 0.7245873264372815 0.054545790041956366 0.021534163274411534
1 0.4939708684754837 0.4117807892367232 0.0593516892121194 0.0233423247398008
2 0.7061678282330347 0.6657711691557637 0.03484859668065212 0.008051517412854637
