1 0.2484375 0.49296875 0.0109375 0.04765625
1 0.3609375 0.34296875 0.015625 0.0375
1 0.475 0.3625 0.01796875 0.03515625
2 0.459375 0.478125 0.02109375 0.05390625
1 0.56484375 0.41015625 0.015625 0.04453125
1 0.1625 0.41015625 0.01640625 0.0484375
1 0.2359375 0.5203125 0.021875 0.0578125
1 0.50703125 0.409375 0.01875 0.04140625
1 0.1296875 0.4671875 0.01875 0.0453125
1 0.39765625 0.46328125 0.0125 0.04921875
1 0.5640625 0.4734375 0.01875 0.04921875
1 0.2203125 0.46796875 0.01640625 0.05859375
1 0.61640625 0.584375 0.01640625 0.06328125
1 0.4296875 0.584375 0.0171875 0.0671875
1 0.3265625 0.7171875 0.0171875 0.07734375
1 0.66875 0.62265625 0.021875 0.06953125
1 0.78984375 0.440625 0.0140625 0.05390625
1 0.1671875 0.678125 0.0203125 0.071875
1 0.6921875 0.48984375 0.0234375 0.05546875
1 0.828125 0.5453125 0.01953125 0.0625
1 0.76640625 0.7296875 0.02578125 0.07421875
2 0.703125 0.33671875 0.0140625 0.03984375
