1 0.4729654225675016 0.6710961729660072 0.038811127723940686 0.020059528855940555
0 0.5016145824745293 0.7672072811333752 0.03557686708027905 0.018387901451278842
1 0.46880244645271524 0.6563615503706689 0.044514824505632156 0.012465283665263982
1 0.5071219012801782 0.6667707715147284 0.043498627723940864 0.020223219962933213
1 0.4574282678562541 0.5385019277753307 0.04462408514929379 0.014027783665263981
1 0.5064934705900302 0.7137821807705556 0.045170388367602496 0.02184028366526398
1 0.5873878275308507 0.8738540960168324 0.044842606436617416 0.01715278366526398
1 0.48818659495977634 0.5303794037287135 0.04796760643661742 0.017261911069925695
2 0.5083680549830195 0.5053967618960815 0.05690556386197034 0.011339293283910834
1 0.5611641811174766 0.8348288015517953 0.05087408514929379 0.014246038474587408
1 0.4685185871661062 0.5851041092636764 0.04128056386197052 0.01079365626060227
1 0.5148579916252521 0.6430058893007432 0.04996714901126431 0.02356647477225664
1 0.5529150025210154 0.7168600515517953 0.058577324505632154 0.012956356986241601
1 0.5567505606830027 0.6149156056354792 0.0572333457929556 0.016026793283910833
1 0.45989271413374244 0.38335063630551836 0.054108345792955606 0.015917665879249122
1 0.5955009762900134 0.8218823682493511 0.05578010643661742 0.01753472958157971
1 0.6297510181083558 0.6061011116259291 0.06359260643661742 0.01780754809323426
1 0.497082085653497 0.14240568857510386 0.060139824505632156 0.013010920688572547
1 0.6072529412569351 0.6875520082678845 0.0711865851492938 0.014955366604888453
1 0.6255948517450404 0.17707581053746996 0.07296760643661741 0.0181349303072194
1 0.5776215274915097 0.24140369456555363 0.0633740851492938 0.01468254809323426
1 0.6483703421097848 0.4691814649839737 0.07307686708027923 0.019697430307219398
