1 0.31278743731793834 0.5486021682251273 0.010829851411925873 0.05005454215447784
1 0.3142422887298642 0.5986021682251274 0.017170779625171127 0.05321590359079629
0 0.2623388079301941 0.5865834363755 0.015517351411925784 0.050081813231716586
1 0.3331741451563549 0.6049612525340828 0.017170779625171127 0.05321590359079629
1 0.30606006419840026 0.5321595567888089 0.014227636051661907 0.05944772287263689
1 0.4467987244649569 0.5368839391059745 0.014045779625171307 0.05319772287263689
1 0.11832673198680435 0.4693590540583344 0.017170779625171127 0.05321590359079611
1 0.3521681860642972 0.5597669272021178 0.012483279625171128 0.05318863251355736
1 0.20931544483978576 0.48238629488495216 0.014227636051661819 0.05944772287263689
1 0.2701787370013693 0.42649990924813697 0.017261707838416563 0.05634090359079624
1 0.22963395651826826 0.5364016291939077 0.014136707838416562 0.056322722872636885
1 0.4211227745440992 0.567198153001621 0.015517351411925872 0.050081813231716586
1 0.4381427899835055 0.588387351771957 0.013954851411925873 0.050072722872636886
1 0.14350858841329506 0.47575449980360823 0.015699207838416517 0.056331813231716585
2 0.5167475116119755 0.5247930052645573 0.012574207838416562 0.056313632513557366
1 0.4368865153728992 0.4915214421310366 0.01560827962517113 0.05320681323171659
1 0.6508330065974105 0.5693156857863249 0.015608279625171306 0.05320681323171659
1 0.2769000984424249 0.38904536104353504 0.02663670783841656 0.056395445745273956
1 0.3358659214828208 0.3753282946885605 0.022085600158284535 0.061055674668035034
1 0.8665967474262105 0.49480254087793146 0.017261707838416386 0.05634090359079611
1 0.8240024189755383 0.40003948672140116 0.019006064264907252 0.06259999394987581
1 0.7761104882550105 0.41850768558993307 0.01735263605166182 0.059465903590796246
