1 0.6550946313953506 0.7210803776557329 0.033413277297895935 0.011094630257724702
1 0.5899807711240327 0.7013167542954132 0.04747577729789594 0.011831614653892509
0 0.6273782464470304 0.8231851102428784 0.05412629549649317 0.01840916327441171
1 0.478514740125509 0.5779025084792846 0.05921431369509058 0.024904824739800803
1 0.42798381399963237 0.5791474259375677 0.054626943244739934 0.026221663274411534
1 0.6273701495939479 0.7258564088633974 0.05392603639719447 0.015284163274411533
1 0.4378861474344795 0.757971788782438 0.06662629549649317 0.019064260515449582
1 0.5625102058877827 0.5278006891665508 0.057251295496493174 0.018572937584671222
1 0.5857042813030656 0.6831842299851536 0.05100129549649317 0.01824538896415202
1 0.6172360811184954 0.6163176345531379 0.04787629549649317 0.01808161465389251
1 0.4145616640919174 0.6127035543862702 0.06975129549649321 0.019228034825709096
1 0.4343990044665949 0.8372089094292242 0.06682655459579187 0.022189260515449404
1 0.540231094998156 0.7026026153312611 0.06350129549649317 0.01890048620519007
1 0.284649614433371 0.31079581637205783 0.07201470234403846 0.03024742198083885
2 0.50744197408638 0.5311436951594446 0.06350129549649317 0.01890048620519007
1 0.38704793337024884 0.5964677227490645 0.07766392504614253 0.021199970601357875
1 0.43918783157992075 0.7782842887824379 0.06350129549649317 0.01890048620519007
1 0.5505444386120362 0.8635401153312611 0.06340116594684382 0.017337986205190246
1 0.31109219848652714 0.2981663415868285 0.07473918414544123 0.024161196291098364
1 0.5483115962347738 0.3183847455889859 0.06037629549649317 0.018736711894930556
1 0.39480227174234156 0.49876720714523215 0.07620155459579188 0.02268058344622794
1 0.3975735117201923 0.15320240162730822 0.07357720234403846 0.030329309135968607
2 0.6677079341454413 0.05523737166283917 0.042988536397194466 0.01471095318850329
