2 0.6520152401126429 0.25955279148209837 0.03190556386197052 0.01137759099298643
1 0.6417490015126093 0.4797756539128846 0.03335880321830871 0.009915220542635694
1 0.6302644703379288 0.6936984515688461 0.04138982450563215 0.013540868290882458
1 0.6301116510280768 0.6470237106681447 0.03815556386197052 0.011778109191583752
1 0.6296542850330784 0.1733451812107805 0.03190556386197052 0.01137759099298643
1 0.6080452629125757 0.6984965730989309 0.03815556386197052 0.011778109191583752
2 0.21776374238155682 0.8897004549649321 0.07965464901126432 0.02688147748246621
1 0.5972991510280767 0.644920990125509 0.03681158514929379 0.014802979641934399
1 0.6287362772394083 0.2269510425618325 0.03056158514929379 0.014402461443337167
1 0.4011446889111466 0.8205661304725 0.0587958457929556 0.01776729333702498
1 0.5378320438351547 0.4062299275101527 0.04462408514929379 0.015303627390180985
1 0.5555101247970746 0.7480169093115554 0.0478583457929556 0.017066386489479512
1 0.603232804730918 0.48508491517165153 0.04128056386197052 0.011978368290882457
2 0.553003211787954 0.5230867604835746 0.044514824505632156 0.013741127390180985
1 0.5288440819703262 0.6669776603912896 0.05065556386197052 0.012579145588778217
1 0.5692248834239241 0.16558394354928163 0.04015510643661742 0.018128238741233017
1 0.48812624682103223 0.6519243568752319 0.054108345792955606 0.017466904688076924
1 0.3532534921294553 0.8252746144333709 0.06649908514929388 0.01670544108527139
1 0.501953436061155 0.7718060602990044 0.05556158514929379 0.016004534237726277
1 0.44478043840694353 0.6771455999354016 0.05734260643661741 0.019229663787375628
1 0.4708195064562878 0.3599371159745305 0.05087408514929379 0.015704145588778307
1 0.49675430372251184 0.18582778994093888 0.04931158514929379 0.015604016039128954
1 0.5795657117879539 0.524788962827613 0.044514824505632156 0.013741127390180985
1 0.650796219581624 0.47568893121078054 0.0316870425746469 0.008252590992986341
