1 0.115625 0.54921875 0.015625 0.03203125
1 0.1171875 0.58125 0.01640625 0.05390625
0 0.1359375 0.3875 0.0125 0.04765625
2 0.01484375 0.6671875 0.0234375 0.0703125
1 0.1140625 0.6046875 0.0125 0.06015625
1 0.4171875 0.371875 0.0125 0.04140625
1 0.675 0.3765625 0.01015625 0.04296875
1 0.3453125 0.3921875 0.01015625 0.0484375
1 0.371875 0.4390625 0.01015625 0.04765625
1 0.553125 0.434375 0.01015625 0.04921875
1 0.2625 0.540625 0.009375 0.059375
1 0.19375 0.609375 0.015625 0.0640625
2 0.4390625 0.4875 0.015625 0.053125
1 0.45625 0.5453125 0.0109375 0.06015625
1 0.3203125 0.5859375 0.0140625 0.06796875
1 0.1640625 0.6046875 0.0140625 0.06171875
1 0.27109375 0.43984375 0.015625 0.05
1 0.6078125 0.6421875 0.015625 0.07421875
1 0.3546875 0.68046875 0.015625 0.07578125
1 0.33515625 0.6 0.0140625 0.0640625
1 0.71875 0.6671875 0.02109375 0.07421875
1 0.53515625 0.57578125 0.0125 0.0609375
1 0.8296875 0.5265625 0.0171875 0.0609375
2 0.8140625 0.3 0.00859375 0.0375
