1 0.5765625 0.6892915538205995 0.0109375 0.03820090684754529
1 0.4828125 0.6653150308416402 0.009375 0.03497577729789576
1 0.6 0.6728247470653393 0.0109375 0.03663840684754529
1 0.490625 0.6658156785898868 0.0125 0.03673853639719447
1 0.634375 0.6531525971576244 0.0125 0.035176036397194466
1 0.2625 0.6386967643410859 0.0171875 0.04485142504614252
1 0.5359375 0.6530944355297171 0.0125 0.03673853639719447
0 0.0359375 0.5351154796419344 0.0109375 0.05382590684754529
1 0.7390625 0.6426737769841289 0.0140625 0.03840116594684382
1 0.4515625 0.5836249398486538 0.009375 0.04747577729789576
1 0.584375 0.5991672015688462 0.0125 0.04455103639719447
1 0.6890625 0.6254071313953506 0.0125 0.04455103639719447
1 0.4796875 0.5744897717423416 0.0125 0.04455103639719447
1 0.3765625 0.49991247146548645 0.009375 0.05372577729789594
2 0.65234375 0.6074290869785915 0.015625 0.04631379549649317
1 0.796875 0.6073160703211538 0.0109375 0.04757590684754529
1 0.1125 0.40408432757475116 0.0171875 0.06203892504614252
1 0.60078125 0.429124811840164 0.0203125 0.06380168414544118
1 0.2671875 0.584309652990034 0.015625 0.04475129549649317
2 0.82265625 0.16834320789036758 0.025 0.0875395727943891
1 0.75078125 0.4113934986064988 0.0125 0.06486353639719451
1 0.7984375 0.4996036998708031 0.015625 0.06193879549649317
2 0.3359375 0.685590353174604 0.0109375 0.03507590684754529
1 0.58359375 0.6139608867940215 0.0125 0.04455103639719447
