1 0.5954537883049513 0.6215253805695227 0.007395837748947897 0.03303075480932342
1 0.5224900034585611 0.5829961047088069 0.010575401451278842 0.03470238221398514
1 0.4335911945655536 0.5751984736759482 0.010684528855940557 0.03782738221398514
1 0.5472072943802191 0.36797130543444634 0.01419147477225664 0.04887400961864685
2 0.4489458652541261 0.5162872651457604 0.007777783665263982 0.043968254809323426
1 0.25335062305867445 0.5399628342055689 0.013864092558271413 0.03949900961864685
1 0.737507368249351 0.5631275819281342 0.012410719962933036 0.04256944591631608
0 0.9481646152541263 0.5337203680404689 0.011011911069925873 0.047202382213985136
1 0.3616070671608919 0.5758135433687288 0.010684528855940557 0.03782738221398514
1 0.558010841207509 0.5513840061600858 0.009176592558271324 0.03933531851165419
1 0.16488088930074327 0.47507938947037937 0.015699411069925694 0.04736607332097762
1 0.7813044974681113 0.5185070518910674 0.01564484736759475 0.04580357332097762
1 0.3019790960168324 0.5361855589778254 0.010848219962933125 0.04251488221398514
1 0.6833506363055184 0.4564212249418926 0.020168656260602092 0.04127976442797028
1 0.6718749337657803 0.5162500927279075 0.010902783665263982 0.04407738221398514
1 0.22967010871552224 0.2325124327542901 0.018025802902557685 0.06929563702330857
1 0.25013139773826376 0.3857564838427492 0.014355165879249121 0.05356150961864685
1 0.6346477522774346 0.5071280638719668 0.010902783665263982 0.04407738221398514
1 0.4324701825846541 0.4281052188666248 0.011121038474587407 0.05032738221398514
1 0.8394096633473603 0.46734634517497814 0.011121038474587407 0.05032738221398514
1 0.3580306885751038 0.49903278855940536 0.015699411069925694 0.04736607332097762
1 0.26526283521705923 0.46763396641955407 0.007996038474587408 0.050218254809323425
2 0.32085309238863535 0.6228869508104574 0.010575401451278842 0.03470238221398514
