1 0.6748668232398829 0.4294658190370185 0.04796706314006229 0.02148015785015538
1 0.4106986364505322 0.3891949477362174 0.034921031570031145 0.011377115756780664
2 0.5773463521084908 0.5182391636765247 0.04907453683170289 0.013758663111827297
1 0.4927276993788329 0.6266424688534918 0.03960853157003115 0.011650131541796328
1 0.5675339234234096 0.24209389262983727 0.048331084186749605 0.02773015785015547
1 0.45924879949177233 0.5094395583019133 0.03648353157003115 0.011468121018452493
1 0.5109555126600694 0.4954533820359064 0.0444780420933748 0.0150481473268119
1 0.5020285627165391 0.43639690045175794 0.041171031570031144 0.011741136803468066
1 0.46307393657758916 0.2520974951618512 0.044387036831702885 0.013485647326811723
1 0.6951261153332576 0.4408282532661204 0.05587056840173403 0.023497684158514786
1 0.8245391415004425 0.5900708481173881 0.07278505261671846 0.019811242036904986
1 0.5805050893072471 0.1417830794897751 0.05403505261671846 0.01871917889684287
1 0.5176667861964184 0.6510586399284142 0.04447804209337462 0.015048147326811723
1 0.8004282653614926 0.40490689284159875 0.07002407366340577 0.025879231513561328
1 0.5649975415286774 0.5753992162932432 0.0507280420933748 0.015412168373499213
1 0.6542449681476202 0.2503698532378856 0.057251057878390375 0.020463689420186525
1 0.5680763098739418 0.655177721554915 0.053853042093374805 0.01559417889684287
1 0.595753259817472 0.7131421399990014 0.0507280420933748 0.015412168373499213
1 0.7686979361540661 0.6811200533225902 0.0651545631400623 0.022481215728545934
1 0.7678047521367258 0.4773580164908873 0.06064907366340577 0.02533319994353036
2 0.4068812046405047 0.6332102582454435 0.03179603157003115 0.01119510523343692
1 0.47250620464050475 0.6293880372552259 0.03639252630835923 0.009905621018452493
