1 0.5963776346548567 0.5721359991469787 0.012772710772388507 0.047165940729444425
1 0.47346633371978025 0.3968476712590621 0.016061337235821684 0.07536367591180557
1 0.5883742371141847 0.5395053371028815 0.020621572208706952 0.05359777868534721
1 0.508396366504484 0.6257532680486801 0.011228391490547728 0.05025457313826394
1 0.3724952279408025 0.6351672484813886 0.01593407220870695 0.053488675911805575
1 0.708581677103922 0.38434309878638834 0.017569295081344017 0.06602504350298614
1 0.5409543364502547 0.5812395486338884 0.01593407220870695 0.053488675911805575
1 0.4287724990180413 0.6385455151988886 0.009665891490547907 0.05021820554708327
1 0.6047941226528041 0.5414672273954857 0.015961343285945874 0.05817617591180557
0 0.8891827581914236 0.5371920758006242 0.014407933645025395 0.05970230832062491
1 0.6390236769075301 0.5156671403895133 0.014498837235821682 0.07532730832062509
1 0.5087867310640605 0.5585475842530899 0.009711343285945872 0.05803070554708327
2 0.4656725353187866 0.5345476930105552 0.012845433645025394 0.0596659407294446
1 0.5591134631100796 0.4792406375397217 0.01757838544042354 0.06758754350298624
1 0.41055778844204455 0.4623830587018746 0.015997704722264316 0.06442617591180558
1 0.10493956839807798 0.5781048565732638 0.014407933645025484 0.05970230832062491
1 0.6966589149054776 0.4838527895158327 0.025372704722264317 0.06464438145888884
1 0.48823736084714325 0.38400217914284684 0.022256795081343837 0.06613414627652778
1 0.08398619808296494 0.468421385258611 0.01757838544042356 0.06758754350298624
1 0.23556233362158435 0.46723747891409706 0.017569295081343927 0.06602504350298624
1 0.48211917105379776 0.40680389950756907 0.019149975799503238 0.0691864110941666
