1 0.7094524016273083 0.4412765340418936 0.011094630257724702 0.03352289502097818
1 0.696403524987628 0.5040958427551818 0.011831614653892509 0.04758539502097818
0 0.8151601690401626 0.4835250788577346 0.018409163274411354 0.0543089917016303
1 0.5838802708037566 0.5990629554078735 0.024904824739800803 0.059470088382282425
1 0.5904478533454735 0.650140203333281 0.026221663274411534 0.054900987552445456
1 0.7171763704196438 0.4698751307225457 0.015284163274411533 0.05407219336130424
1 0.7694359905006032 0.6652594083169474 0.019064260515449582 0.06680899170163031
1 0.5246070901164904 0.5074189844521676 0.018572937584671045 0.057433991701630306
1 0.6785985492978875 0.5058592522983071 0.01824538896415202 0.05118399170163031
1 0.6079651447299033 0.46471218881113396 0.01808161465389251 0.048058991701630305
1 0.625641724896771 0.6683699850768676 0.019228034825708916 0.06993399170163031
1 0.8495738698538169 0.6798915159952615 0.022189260515449404 0.06704579004195636
1 0.7029301639517801 0.5543918406805893 0.01890048620519007 0.0636839917016303
1 0.33536196291098336 0.7568708423309746 0.03024742198083885 0.07232528589277135
2 0.5337640841235967 0.5633613311328197 0.01890048620519007 0.0636839917016303
1 0.6121900565339768 0.6938076929603187 0.021199970601357875 0.07786489087179334
1 0.7897484905006033 0.6667985975290666 0.01890048620519007 0.0636839917016303
1 0.86386766395178 0.5665869552073808 0.017337986205190246 0.06356559253146728
1 0.3198664376962127 0.7284614997995073 0.024161196291098364 0.07497668921211939
1 0.31527303369405535 0.4923347456503224 0.018736711894930556 0.0605589917016303
1 0.513015572137809 0.6722860452400484 0.02268058344622812 0.07642079004195637
1 0.164830377655733 0.6210014294638571 0.030329309135968607 0.07388778589277152
2 0.037795407620202025 0.3351329392121193 0.014710953188503306 0.043134693361304245
