1 0.39864822097442343 0.6776625665856594 0.02845238221398514 0.010029616641250173
1 0.42554557078908894 0.46627047169590236 0.03782738221398514 0.010247822188333445
2 0.49373008639818555 0.5255714300927774 0.04256944591631608 0.011919424961875081
1 0.45935010799773196 0.660637414325208 0.03470238221398514 0.010175087005972295
1 0.42950887369164664 0.39748410410472185 0.034593254809323425 0.007050087005972294
1 0.4967533603599847 0.8190123055677427 0.047420637023308565 0.016716027735416715
1 0.4292831512816428 0.6051329499444094 0.03470238221398514 0.010175087005972116
1 0.46863084956021145 0.7525339735957635 0.04100694591631608 0.011883057370694417
1 0.4719344758685649 0.3449760467340274 0.04100694591631608 0.011883057370694417
1 0.45686500345856107 0.5529703846899302 0.03771825480932343 0.007122822188333444
1 0.5415277571715762 0.1403963430868051 0.04876488221398514 0.010502395326597292
1 0.5095510377567972 0.3854731069545134 0.04100694591631608 0.011883057370694417
1 0.4794964939247322 0.24019762775607595 0.04100694591631608 0.011883057370694417
1 0.5358531321291672 0.3028963430868051 0.05032738221398514 0.010538762917777866
1 0.47975188803479885 0.7023157680486801 0.03944444591631609 0.01184668977951393
1 0.6148511513664607 0.27607796352777725 0.05345238221398514 0.010611498100138927
1 0.551190378416152 0.7131428588543745 0.04714781851165419 0.008903527735416717
0 0.47877963195953105 0.9536964300927773 0.04725694591631609 0.012028527735416716
1 0.5392856007413378 0.8305121968102773 0.05049107332097762 0.015226262917777688
1 0.578581290752022 0.42055531535138846 0.05043650961864685 0.013663762917777688
1 0.6075668971052915 0.48467171352777727 0.05043650961864685 0.013663762917777688
1 0.7310490702409348 0.2569805117804161 0.06455357332097762 0.015553571238402775
2 0.39159221144059464 0.3655807938842358 0.03470238221398514 0.010175087005972295
