1 0.5655077652731618 0.653083711250822 0.018589313695090582 0.02207499466899989
1 0.42796340222406676 0.43609730060473006 0.010415868290882457 0.040715906667727356
1 0.3619169000645984 0.39470977928072964 0.01097707279438911 0.025109088001272716
1 0.42206385564783944 0.4307012759389119 0.009614831893687814 0.028215906667727175
1 0.5599388857235125 0.654709845918231 0.018789572794389107 0.025199994668999894
2 0.318817742137319 0.38506260662000213 0.008452850092285047 0.03444772533418181
2 0.760113656699887 0.8811161625557326 0.018468200184570092 0.06891363200190881
1 0.36869782619047514 0.39853421327977523 0.009815090992986431 0.031340906667727264
1 0.4323400215946833 0.41652968793763917 0.014903109191583752 0.03764545066836358
1 0.5501282988925793 0.40579108792173085 0.012940090992986342 0.031377269334818124
1 0.5662341602436312 0.4102876839195037 0.014502590992986342 0.03139545066836358
1 0.3516815044758202 0.4447915952816842 0.015003238741233016 0.03920795066836362
2 0.43811035780730767 0.47267059993636656 0.012178627390181163 0.043859088001272716
1 0.5535794617571042 0.6930365492520947 0.021292811535622215 0.06426249466899989
1 0.6814493476282749 0.4518837432368226 0.012178627390180986 0.043859088001272716
1 0.24771469772056004 0.4225813352960017 0.013340609191583752 0.03762726933481808
1 0.4513007726744174 0.4373870806015484 0.011778109191583752 0.037609088001272536
1 0.2355966270856392 0.4898597419637289 0.012278756939830337 0.045421588001272536
1 0.5480465623108145 0.48700472525463995 0.012178627390180986 0.04385908800127254
1 0.5267141779808032 0.5762490385900945 0.01882914558877822 0.05018181333545435
1 0.7137519054632693 0.49600591323205007 0.013941386489479513 0.04700226933481808
1 0.4189202668143214 0.5041205946053664 0.01540375693983016 0.045457950668363625
1 0.7325019054632692 0.4957877372295048 0.015503886489479512 0.04702045066836362
1 0.24730608266888013 0.5264148599618199 0.01550388648947969 0.04702045066836362
