1 0.3140625 0.564032695831498 0.01875 0.03815476442797028
0 0.2171875 0.545540645376011 0.0171875 0.03497520072563951
1 0.32890625 0.566639340659355 0.0109375 0.044131945916316084
1 0.3171875 0.5295485684268362 0.01875 0.042842264427970275
1 0.446875 0.5656447811333752 0.0125 0.044186509618646855
1 0.2703125 0.5350917294967619 0.0203125 0.04445932813030105
1 0.1078125 0.471235104539171 0.015625 0.04429563702330839
1 0.45390625 0.5341492444728864 0.015625 0.047420637023308565
2 0.478125 0.5114285070867581 0.009375 0.05657738221398514
1 0.14765625 0.4932812301297341 0.0125 0.05043650961864685
1 0.4 0.5594691922033009 0.009375 0.04095238221398514
1 0.340625 0.5193551128918734 0.021875 0.04920139183263199
1 0.265625 0.4891616706037546 0.0109375 0.05819444591631608
1 0.3671875 0.4746775299522488 0.0140625 0.05674107332097762
1 0.6015625 0.5469617246026205 0.0140625 0.05361607332097762
1 0.159375 0.4577157523622527 0.015625 0.055233137023308565
1 0.3734375 0.4010217751429255 0.015625 0.06304563702330857
1 0.840625 0.48470722814599954 0.0109375 0.059756945916316084
1 0.29296875 0.43195680581296453 0.0125 0.07074900961864686
1 0.8015625 0.360290070704271 0.015625 0.07242063702330856
1 0.7390625 0.4148163687975052 0.0125 0.06293650961864686
1 0.509375 0.368149733040141 0.0171875 0.07247520072563943
