1 0.40922691471022626 0.382133833955512 0.008352720542635694 0.033103598428423454
1 0.4857486443521606 0.41461454011798377 0.011577850092285047 0.03481164764263518
1 0.5751115330011085 0.4151538875129499 0.011778109191583752 0.03793664764263518
1 0.4823790222037669 0.6310400607961482 0.015604016039128865 0.04901969685684691
2 0.5656352058877828 0.47514747167334975 0.009053627390180985 0.04404109842842345
1 0.7582139296696211 0.4356182830886704 0.015003238741233105 0.039644696856846906
1 0.2734384114710237 0.4519284112914862 0.013640997840531632 0.042696922249740865
0 0.06641645588778275 0.4983989586436712 0.012378886489479646 0.04731164764263518
1 0.6467862739018099 0.4086812555860805 0.011778109191583752 0.03793664764263518
1 0.45347636489479637 0.44902808147431267 0.010315738741233104 0.039426373035529316
1 0.8527940468807692 0.49311610587653065 0.01706638648947987 0.04752997146395259
1 0.2342047331856787 0.49998707568334433 0.016966256939830338 0.045967471463952594
1 0.7101268830933936 0.44334304590895196 0.012078497840531633 0.04262414764263518
1 0.33795959129752823 0.5539232508285694 0.02135336829088228 0.04149829528527036
1 0.34347960363602936 0.4933303531859344 0.012178627390180986 0.04418664764263518
1 0.8122143214008879 0.7402672417323416 0.020030700184570094 0.06947774607105864
1 0.7766704403100791 0.5891242727495882 0.015904404688076922 0.053707196856846905
1 0.381480251384276 0.4993962626153937 0.012178627390180986 0.04418664764263518
1 0.5907737106681447 0.5617377890845265 0.012579145588778217 0.05043664764263518
1 0.18135913787375563 0.5557319615391553 0.012579145588778307 0.05043664764263518
1 0.6579426218346267 0.484952657157657 0.017066386489479512 0.04752997146395259
1 0.7534949537283144 0.5087111807313056 0.009454145588778218 0.050291098428423456
2 0.682744757862681 0.35842439040843405 0.011577850092285047 0.03481164764263518
