1 0.416774802752996 0.6073112113606254 0.009774989337999784 0.03503056386197034
1 0.37538673408654144 0.6117691184176615 0.01293635200509069 0.03837408514929379
1 0.8097793680776327 0.5157150291578683 0.01308180267345449 0.05087408514929379
1 0.3945907200827235 0.5822783603718896 0.0098840773392725 0.04440556386197052
1 0.6487696900859051 0.5879610057768577 0.016097714672181594 0.04171760643661741
1 0.8641396040738147 0.4837659066297075 0.013099984006999677 0.05243658514929379
1 0.5923100574076784 0.5066835086268494 0.009956802673454135 0.05065556386197052
1 0.7876300060470888 0.29208078720363984 0.019549978675999568 0.07006112772394087
1 0.7904475654041786 0.46702615688180893 0.013190890674726851 0.06024908514929379
1 0.7128310954009969 0.44899705874306495 0.016243165340545217 0.05421760643661742
2 0.451366884070633 0.4891732165564055 0.014680665340545218 0.054108345792955606
1 0.7445532627307243 0.42019471554799936 0.016334072008272214 0.06203010643661737
1 0.2254407307447237 0.5597035098873571 0.016206802673454312 0.051092606436617415
1 0.24329984540099686 0.48182988216341627 0.022565890674726852 0.060904649011264314
1 0.18457827872372465 0.4077475259789005 0.017878390674726897 0.060576867080279054
1 0.5667186167249973 0.39040829860360626 0.0163704346753633 0.06515510643661741
1 0.37203392007476926 0.5252142593831539 0.01780566534054513 0.05432686708027923
1 0.6851226240451798 0.2851748593634835 0.02118520401018138 0.0764203883676025
1 0.2527288420591791 0.41861968797961496 0.019477253341817758 0.06381112772394074
1 0.19175552673454233 0.48699798340425354 0.02256589067472694 0.060904649011264314
1 0.3605958860598154 0.4157682035669553 0.019477253341817758 0.06381112772394086
2 0.3217804760900413 0.6413198606239913 0.01137385200509069 0.03826482450563216
