1 0.5840546835570147 0.6061046823794263 0.01211956677218975 0.041134422249741044
1 0.5829862770513816 0.5693859323794263 0.013818459092057723 0.045894696856846905
1 0.381804210279192 0.5194457826698764 0.02213106426490725 0.06344606989237604
1 0.7249812119285446 0.6766441224118476 0.010647994985435005 0.04418664764263518
2 0.46872153708051156 0.47668254797135745 0.023693564264907253 0.06351884449948209
1 0.3686055283050229 0.5484783112059238 0.020477636051661818 0.060248295285270356
1 0.41303147822588065 0.5201200248119937 0.01730717194503928 0.058540246071058635
1 0.6327111439027137 0.6426993078961549 0.013772994985435005 0.0443321968568469
1 0.4713644669431096 0.6211410233642516 0.013818459092057723 0.045894696856846905
1 0.8540716668639672 0.6085384394087395 0.014045779625170951 0.053707196856846905
1 0.4299689256394559 0.512326795490158 0.026818564264907252 0.06366439371369381
1 0.33253032132453625 0.3275643436709125 0.020932277117888632 0.07587329528527027
1 0.6041111192921075 0.5446235268789082 0.014136707838416562 0.05683219685684691
0 0.0567647578510518 0.5565796397847522 0.023557171945039194 0.05883134449948209
1 0.690892053773559 0.4971727921803891 0.02061402837152997 0.06493579528527035
1 0.3316450859060126 0.511648245242489 0.020386707838416562 0.05712329528527036
1 0.6298803459351425 0.43815735711036663 0.014500420691397942 0.06933219685684691
1 0.34352530878812393 0.4373032167064418 0.026909492478152598 0.06678939371369381
1 0.18041022868809903 0.19408825599585602 0.03664820533113407 0.07972604135632891
2 0.8643185642649073 0.10267158312243327 0.037375631037096825 0.1047260413563289
1 0.7540021560434146 0.3869844629823881 0.021023205331134064 0.07899829528527028
1 0.2225211723407506 0.22023553308416127 0.02888116943775678 0.08092466832079959
1 0.15329746239076303 0.33482026385373886 0.028608384798020657 0.07154966832079959
2 0.4935553671805364 0.7134569559530748 0.013636602665567033 0.039644696856846906
