1 0.1762690249704943 0.460020140346991 0.011669473516896466 0.03341327729789576
1 0.3923089242338601 0.35129028069398194 0.020028276735205085 0.041726425046142525
1 0.36410179676202087 0.29865543646179304 0.016684755447881637 0.03840116594684382
1 0.4728598017056994 0.4005707850129186 0.017558840597175517 0.050901165946843865
1 0.2062186049240081 0.4098804380029525 0.021809298022528602 0.04495155459579188
1 0.4503727965099193 0.36623535780730776 0.015559298022528622 0.04455103639719456
1 0.1598734826479489 0.3941843892672568 0.02337179802252858 0.04505168414544114
1 0.17542779080993612 0.49429501079734167 0.016761165102807674 0.06173853639719447
2 0.33520698239584734 0.45605692628276023 0.014761622528160778 0.05538840684754511
1 0.45550305690147946 0.4374595157345872 0.014870883171822414 0.05695090684754529
1 0.6498264932916106 0.36123127545219463 0.012762079953513705 0.049038277297895935
1 0.19200328561415603 0.45745634485049774 0.019339861884498967 0.05412629549649317
1 0.4903697297979573 0.42822541564230204 0.017777361884498966 0.05402616594684382
1 0.35444865529232517 0.4478241216869684 0.017558840597175517 0.05090116594684382
1 0.5010397960057162 0.5092053053709842 0.018105143815484226 0.05871366594684382
1 0.3607754289254371 0.5353043352897737 0.016979686390131123 0.06486353639719447
1 0.15042280094939475 0.6405587415190102 0.02199496832111634 0.06985142504614253
1 0.6712648146951496 0.4772975640088575 0.022464861884499143 0.05432655459579187
1 0.4990513250867098 0.5598864258213349 0.020213947033792933 0.06662629549649317
1 0.27928549228320443 0.6774102945736425 0.020869510895763277 0.07600129549649318
1 0.5864863510656103 0.7331656346437784 0.03402507475773362 0.08617733189368763
2 0.6063821319113147 0.27068542104097293 0.012215776735205176 0.041225777297895935
