1 0.4384070300932013 0.43064775250863896 0.016051975104890558 0.047384335969555026
1 0.5737795354917861 0.6137387782118016 0.021308160167825108 0.07563666996194396
1 0.44870591266662485 0.4637785874896109 0.02433807178554286 0.053952670950527096
1 0.5227811074778216 0.3826824377936221 0.014726273445216797 0.05044566897336074
1 0.6582450107971696 0.38197146646253416 0.01965057178554268 0.05376166996194396
1 0.3391560817575197 0.6111881452845456 0.022160265146847012 0.06632533695813833
1 0.4932837842423862 0.42509543087353985 0.01965057178554286 0.05376166996194383
1 0.6016398132866805 0.37499195459953605 0.01316377344521662 0.05038200197716636
1 0.4321220639113804 0.4607663340295698 0.02000576929603177 0.058449169961943784
0 0.1475694651561358 0.4468351907221906 0.01856166846619489 0.05994800296574958
1 0.3996414506339887 0.4843656601132932 0.019745660167825106 0.07557300296574958
1 0.5270910217948316 0.44983810429552484 0.01375576929603195 0.05819450197716627
2 0.5719541585174399 0.4765889466908707 0.016999168466194804 0.05988433596955502
1 0.4822297303029828 0.5258939269192072 0.022278664317009957 0.06788783695813834
1 0.6322064195151021 0.5522547915576743 0.020479365976683893 0.06469916996194396
1 0.9302276771887719 0.45613977281177503 0.0185616684661948 0.05994800296574958
1 0.34413773445216767 0.5124787312541008 0.029854365976683984 0.06508117193911041
1 0.5598829788530904 0.6256339417479548 0.026847765146846926 0.06651633794672147
1 0.9588873186852652 0.5671236937623021 0.02227866431701031 0.06788783695813834
1 0.8071472199300207 0.5586042451314462 0.022160265146846925 0.06632533695813833
1 0.5644161908857264 0.6032323597327324 0.023959563487172986 0.06951400395433271
