1 0.296875 0.453125 0.009375 0.05
1 0.296875 0.403125 0.01484375 0.05234375
0 0.2453125 0.41484375 0.0140625 0.05
1 0.315625 0.396875 0.01484375 0.05234375
1 0.290625 0.46953125 0.0125 0.059375
1 0.43125 0.465625 0.0125 0.05234375
1 0.1046875 0.53125 0.01484375 0.05234375
1 0.3359375 0.4421875 0.0109375 0.05234375
1 0.1953125 0.51875 0.0125 0.05859375
1 0.2578125 0.575 0.015625 0.05703125
1 0.2140625 0.46484375 0.0125 0.05546875
1 0.4046875 0.43515625 0.0140625 0.05
1 0.42109375 0.4140625 0.0125 0.05
1 0.1296875 0.525 0.0140625 0.05703125
2 0.5015625 0.478125 0.0109375 0.05703125
1 0.42265625 0.5109375 0.0140625 0.05234375
1 0.634375 0.434375 0.0140625 0.053125
1 0.265625 0.6125 0.025 0.05546875
1 0.325 0.6265625 0.0203125 0.0609375
1 0.85234375 0.51015625 0.015625 0.05546875
1 0.8125 0.6046875 0.0171875 0.06328125
1 0.7640625 0.5859375 0.015625 0.059375
