1 0.9633711736618664 0.5273981359186479 0.01247901603912922 0.048710284639736125
1 0.4913088016703564 0.6631595103583342 0.02175388648947969 0.04742056927947225
1 0.5634991864617931 0.4038359861434394 0.011577850092285047 0.03464778463973599
2 0.415054787172387 0.5584061627073321 0.014041516039128865 0.048755748746358664
1 0.31773730105204756 0.46478053167023525 0.011878238741233015 0.03933528463973612
1 0.6904355189737896 0.5726805775262354 0.02800388648947969 0.04760242570596294
1 0.438189503396086 0.44167330377355896 0.0116779796419344 0.03621028463973612
1 0.44577266348283373 0.4943353025199178 0.015303627390180985 0.04411371285298138
1 0.5054981169066064 0.4905941885715796 0.011978368290882457 0.040897784639736125
1 0.6932379488002941 0.46787941725967863 0.013741127390180985 0.04406824874635866
1 0.4775571822997399 0.6823270475053528 0.023817034237726277 0.055278533386094966
1 0.3135972069767422 0.7980931368430847 0.0202309592838688 0.07232964106622682
1 0.7884527143779978 0.5943175482967756 0.01902940468807692 0.05357964106622681
1 0.29045410780730774 0.487467873910961 0.015303627390180985 0.04411371285298138
1 0.5003858081487614 0.7902221155311837 0.026280700184570092 0.06938649749271768
2 0.9269390137320024 0.8394207627991097 0.029706088833518152 0.07416492570596275
1 0.35980608266888015 0.5411444548689156 0.015704145588778216 0.05036371285298138
1 0.6716471437430769 0.6582316326199426 0.02079216378737563 0.05675010517284953
1 0.28021871221852945 0.537263285431159 0.015904404688076922 0.05348871285298138
1 0.21929170419896496 0.559754399379497 0.015704145588778216 0.05036371285298138
1 0.23000225941306568 0.7346096468722145 0.022855311535622213 0.06460806927947224
1 0.4324263525655205 0.7514574807331631 0.025679922886674332 0.06001149749271768
2 0.3216819262827602 0.3787975675636125 0.01137759099298643 0.03152278463973612
1 0.3174764851974887 0.44442256756361254 0.0101154796419344 0.03616482053311341
