1 0.6039718232888616 0.6140989728065837 0.01731476502711473 0.023177390871793335
1 0.453681973560008 0.40683369231239697 0.008048849336070063 0.041216995850815154
1 0.38517741325515764 0.36985575579957003 0.009520445745273864 0.02571039502097818
1 0.4474637898167867 0.4018385389930491 0.007976126463433176 0.028716995850815153
1 0.5984939829297818 0.6160758699021542 0.017332945745273776 0.026302390871793334
2 0.3414865005891752 0.3630146825641347 0.0064499878997516195 0.03484859668065212
2 0.812005995324618 0.8287022340047384 0.014462475799503239 0.06981559253146727
1 0.3921859373574586 0.3732292095338364 0.007994307181592396 0.03184199585081515
1 0.45692060304850324 0.38706564397207094 0.012718168617910664 0.03844719336130416
1 0.5741626452029809 0.36881070620984413 0.011119307181592398 0.032078794191141215
1 0.590541624125742 0.3722550149231324 0.01268180718159222 0.03219719336130424
1 0.37785527176460987 0.4203885520653037 0.012727258976990452 0.04000969336130424
2 0.465968350121637 0.4426052489510928 0.009629530054229285 0.044460395020978184
1 0.5943650191323313 0.6546531178275619 0.017560204722264317 0.06536489087179334
0 0.006520627249000034 0.48991460497902184 0.009629530054229295 0.044460395020978184
1 0.7082603892510526 0.40628462757582406 0.009629530054229285 0.044460395020978184
1 0.2725228771508042 0.4049429960513078 0.011155668617910841 0.03832879419114121
1 0.47711038320092836 0.4066202047599516 0.009593168617910841 0.038210395020978186
1 0.2643194917103806 0.47272249190212284 0.009638620413308896 0.046022895020978186
1 0.5768149465308408 0.4498239078695181 0.009629530054229285 0.044460395020978184
1 0.5606717960633025 0.5400703995711483 0.015915891490547906 0.05118399170163031
1 0.7431575640172834 0.44815189624715607 0.011210210772388507 0.047703794191141215
1 0.4485990429400447 0.47515763982288606 0.012763620413308984 0.04625969336130424
1 0.7619075640172834 0.4467311062051998 0.012772710772388507 0.04782219336130424
1 0.2781683682720096 0.5083756493706557 0.012772710772388507 0.04782219336130424
