1 0.6809921772756391 0.4569480525194714 0.01918635200509069 0.03837329528527036
0 0.7776126386060028 0.48333507816003457 0.017587489337999786 0.0351755206781645
1 0.6661847899427299 0.4531316937519657 0.011446577339272323 0.044259422249740867
1 0.6774671879376392 0.4911775033052598 0.019240896005727138 0.04306079528527036
1 0.5482524026098208 0.44451221091547344 0.013009077339272502 0.0443321968568469
1 0.7243876412715029 0.48945449151843545 0.0208215773392725 0.044696069892376046
1 0.8860785719287307 0.5665543006574445 0.016134077339272322 0.04447774607105863
1 0.5408575259389119 0.47543472518349716 0.016170440006363408 0.04760274607105863
2 0.5163842372692757 0.4961817187733564 0.010029528007635947 0.05668664764263518
1 0.8465075419319122 0.5412610481762452 0.013081802673454134 0.05058219685684691
1 0.5950364959420936 0.45450794912864917 0.009847714672181596 0.04106164764263518
1 0.6539205999363665 0.4994608841986718 0.02243862133990877 0.04945634449948209
1 0.7285387919319122 0.535766565339753 0.011610209341181487 0.058321922249741046
1 0.6268490225970942 0.5419737158778724 0.014717028007635946 0.05690497146395259
1 0.39341036127468454 0.4505887748119936 0.01468066534054513 0.05377997146395277
1 0.8343797119271397 0.5758714886229512 0.01626134667409076 0.05541524607105863
1 0.6197444999204582 0.6151201174494488 0.01635225334181776 0.06322774607105863
1 0.15372060526736667 0.4933605099247974 0.01162839067472694 0.05988442224974104
1 0.7005405139242763 0.5907430097154005 0.01331816000954511 0.0708946968568469
1 0.19131950791695837 0.620961125102444 0.016461341343090474 0.07260274607105863
1 0.25442858259073076 0.5715283593866782 0.013227253341817758 0.0630821968568469
1 0.4834797359166402 0.6369137266312392 0.018023841343090298 0.07267552067816432
