1 0.7424916827069603 0.5324252185710044 0.012652819309851893 0.04698408800127254
1 0.8650993841802286 0.3402184425525507 0.020213947033792933 0.06580681333545443
1 0.6798495710745629 0.5534831532463677 0.013417643815484225 0.057921588001272714
0 0.8205509807294888 0.575302514560823 0.016214861884498787 0.053270450668363625
1 0.5718514007759751 0.5297194839274579 0.016214861884498964 0.053270450668363625
1 0.6976926349365333 0.5626581585773678 0.016433383171822413 0.05639545066836362
1 0.6983485627766897 0.46022350190964045 0.017995883171822415 0.056413632001909166
1 0.6430815445914593 0.5867501865850038 0.012871340597175518 0.050109088001272714
1 0.7330620523851294 0.5317530565722771 0.019558383171822413 0.05643181333545435
1 0.5799806110513198 0.5788836899268215 0.016214861884498964 0.053270450668363625
1 0.589322760062584 0.6006677832590943 0.014433840597175517 0.05012726933481808
1 0.6612416827069604 0.5333706479153675 0.016324122528160602 0.05483295066836362
2 0.5485231614196369 0.5315547039306395 0.0147616225281606 0.05481476933481808
1 0.8414762138816411 0.3154729812221869 0.02984031930985225 0.04718408267027261
1 0.651233262156271 0.4349695105824584 0.021776447033792935 0.0658249946689999
1 0.411864395580195 0.5675478426161842 0.013089861884498965 0.053234088001272536
1 0.869087761652068 0.2854400358848235 0.025557010895763455 0.0752363573360908
1 0.6757091022492434 0.3377308839115495 0.02355746832111638 0.06896817600254534
1 0.55643457836403 0.3539745965945488 0.020869510895763277 0.07518181333545453
1 0.37810711859288837 0.453785334619684 0.019886165102807673 0.06111931333545435
1 0.18820910224924342 0.3434034599777283 0.02454081411407194 0.08303067600254535
1 0.2062264007759751 0.533973915977092 0.01821440445914595 0.05953863200190899
