1 0.4328125 0.4203125 0.0109375 0.040625
1 0.4328125 0.45703125 0.0125 0.0453125
1 0.6328125 0.49765625 0.0203125 0.0625
1 0.29375 0.35625 0.01015625 0.04296875
2 0.54453125 0.54453125 0.02109375 0.06328125
1 0.646875 0.46796875 0.01875 0.05859375
1 0.6015625 0.4984375 0.015625 0.0578125
1 0.38515625 0.3859375 0.01171875 0.04453125
1 0.54609375 0.4 0.0125 0.0453125
1 0.1625 0.43046875 0.01328125 0.05234375
1 0.584375 0.50703125 0.02421875 0.0625
1 0.6765625 0.6875 0.01875 0.07421875
1 0.4109375 0.4828125 0.01328125 0.05703125
0 0.959375 0.4453125 0.02109375 0.0578125
1 0.32265625 0.534375 0.01796875 0.0640625
1 0.6828125 0.503125 0.01875 0.05703125
1 0.38203125 0.590625 0.01328125 0.06796875
1 0.66875 0.578125 0.02578125 0.065625
1 0.825 0.8140625 0.034375 0.07890625
2 0.1375 0.9375 0.034375 0.103125
1 0.25625 0.64765625 0.01875 0.07890625
1 0.78359375 0.78984375 0.0265625 0.0796875
1 0.85625 0.671875 0.0265625 0.06953125
2 0.5265625 0.30859375 0.01328125 0.0390625
