1 0.40627881897404966 0.3272594814804965 0.028698210085908293 0.011919646641955417
1 0.4147553030315331 0.5388790277596323 0.03799132293077854 0.010684528855940557
2 0.4882614020815934 0.48039689436452077 0.042760710085908114 0.012410719962933215
1 0.46561619742275207 0.3449851840202345 0.034866322930778536 0.010575401451278842
1 0.412714768205824 0.607683591461963 0.034784435775648784 0.009012901451278843
1 0.5169374372459868 0.187110685834333 0.04769387155129756 0.017261911069925695
1 0.43063700983808106 0.40011662812245186 0.034866322930778536 0.010575401451278842
1 0.48294753957540754 0.2532341936388813 0.04119821008590811 0.012356156260602269
1 0.45063749208654225 0.6606647477225653 0.04119821008590829 0.012356156260602269
1 0.4537159837187993 0.45257942921091104 0.03782754862051903 0.007559528855940556
1 0.5024921619196745 0.8659722958157996 0.048928822930778534 0.01106647477225664
1 0.4918700016974807 0.6206225902808367 0.04119821008590829 0.012356156260602092
1 0.44905730269284894 0.7654886569783924 0.04119821008590811 0.012356156260602269
1 0.5110084260531687 0.7034722958157995 0.050491322930778536 0.011121038474587407
1 0.48970215061125544 0.3035615758528664 0.03963571008590829 0.012301592558271412
1 0.5878232315710926 0.7312004809323424 0.05361632293077854 0.011230165879249122
1 0.5622322478522934 0.29357150616008576 0.04736632293077854 0.011011911069925695
0 0.5106984825871455 0.05227189436452071 0.04744821008590829 0.012574411069925674
1 0.5605612844870248 0.17611118764843153 0.050736984396167806 0.015808538474587363
1 0.5641068498430298 0.5863592068857252 0.05065509724103805 0.014246038474587408
1 0.5987551667809144 0.5226067309323423 0.05065509724103805 0.014246038474587408
1 0.7025884164422302 0.7516444449048256 0.06479948439616763 0.01629961179556503
2 0.3719326379480993 0.6391319989036917 0.034866322930778536 0.010575401451278842
