1 0.209375 0.4734375 0.009375 0.0328125
1 0.41875 0.378125 0.0171875 0.03984375
1 0.38671875 0.3234375 0.0140625 0.0375
1 0.503125 0.4328125 0.0140625 0.04921875
1 0.2359375 0.425 0.01875 0.04453125
1 0.478125 0.396875 0.01171875 0.04375
1 0.18828125 0.40625 0.0203125 0.04453125
1 0.2109375 0.5078125 0.01328125 0.0609375
2 0.36875 0.4796875 0.0109375 0.0546875
1 0.48828125 0.46875 0.0109375 0.05546875
1 0.678125 0.4046875 0.009375 0.0484375
1 0.225 0.471875 0.01484375 0.05390625
1 0.52265625 0.46171875 0.0140625 0.053125
1 0.3875 0.47265625 0.0140625 0.05078125
1 0.5390625 0.54375 0.0140625 0.0578125
1 0.4 0.5609375 0.0125 0.0640625
1 0.19609375 0.653125 0.0171875 0.06875
1 0.7078125 0.52265625 0.01796875 0.053125
1 0.540625 0.59453125 0.01484375 0.06484375
1 0.328125 0.6984375 0.015625 0.07578125
1 0.640625 0.77421875 0.028125 0.08359375
2 0.628125 0.3109375 0.009375 0.03984375
