1 0.442059874676039 0.5059862819163885 0.013305483403260609 0.031504573138263936
1 0.5212504672075063 0.49010540235736066 0.012926975104890558 0.047093205547083274
0 0.7784225045501703 0.5543081470390272 0.017377676764564677 0.04407730832062491
1 0.7357632531002777 0.45859690995680485 0.013400571785542681 0.05334320554708327
1 0.6405206854639197 0.5216437302452772 0.013045374275053766 0.048655705547083275
1 0.6505361481212558 0.4512221274717355 0.013400571785542858 0.05334320554708327
1 0.542981912018703 0.5738257857161106 0.015815176764564676 0.04404094072944442
1 0.44118445890913655 0.4763715170987496 0.025900571785542857 0.05363414627652787
1 0.7304963352587828 0.4251849979127077 0.016288773445216797 0.05029094072944442
1 0.661604625300739 0.4080715395158328 0.016999168466194804 0.05966594072944442
1 0.5159225045501702 0.5604179023573607 0.015578378424238615 0.04091594072944442
1 0.6917298331841902 0.42218793769222157 0.01510478174358667 0.0346659407294446
1 0.31338950040098534 0.557333189210833 0.014252676764564676 0.04400457313826393
1 0.54327975517487 0.46697637367201333 0.01460787427505359 0.04869207313826394
1 0.5329342510256853 0.45941844681027727 0.019413773445216796 0.05036367591180557
2 0.5648112130583214 0.4812927935998953 0.019413773445216796 0.05036367591180557
2 0.9142229076690255 0.27507262908725616 0.028410265146846924 0.06617051386770836
1 0.419487057664381 0.4745369133752774 0.016525571785542682 0.0534159407294446
1 0.6966792875431566 0.33628680528340216 0.017235966806520862 0.06279094072944442
1 0.3476013248858205 0.4146001753431247 0.020834563487172986 0.06911367591180557
1 0.1248849526853592 0.4720353881084026 0.016762370125868876 0.05654094072944442
1 0.3057690223963096 0.4108946003049997 0.01844326929603195 0.05813980832062508
1 0.48095919916087426 0.3631441652751385 0.0263741684661948 0.059884146276527786
2 0.097502546042019 0.6481439464290277 0.011979781743586538 0.03459320554708327
