1 0.2992211729660072 0.4396276960282773 0.020059528855940555 0.03837329528527036
0 0.20158228113337523 0.4569906703877141 0.018387901451278842 0.03517552067816432
1 0.3141740503706689 0.437194054795783 0.012465283665263982 0.04425942224974104
1 0.3011457715147284 0.474148245242489 0.020223219962933036 0.04306079528527036
1 0.4322519277753306 0.4395635376322752 0.014027783665263981 0.0443321968568469
1 0.2544071807705556 0.46805875702931327 0.02184028366526398 0.044696069892376046
1 0.08947909601683243 0.5300214478903043 0.01715278366526396 0.04447774607105863
1 0.4381919037287135 0.47114102336425157 0.017261911069925695 0.04760274607105863
2 0.4616467618960815 0.49414402977439237 0.011339293283910834 0.05668664764263518
1 0.1301413015517953 0.5084397003715034 0.014246038474587408 0.05058219685684691
1 0.38510410926367633 0.4451927994190995 0.01079365626060227 0.04106164764263518
1 0.3242558893007432 0.48461486434907697 0.023566474772256464 0.04945634449948209
1 0.24811005155179527 0.5139341832079958 0.012956356986241691 0.058321922249741046
1 0.3492906056354793 0.5296020326698765 0.016026793283910833 0.05690497146395259
1 0.5864756363055184 0.46004947373575505 0.015917665879248942 0.053779971463952594
1 0.14063236824935102 0.5441417599247975 0.017534729581579978 0.05541524607105863
1 0.35297611162592907 0.6033306310982999 0.01780754809323426 0.06322774607105863
1 0.8236556885751039 0.5250902386229512 0.013010920688572725 0.059884422249740867
1 0.2734895082678845 0.5714577388323482 0.014955366604888453 0.0708946968568469
1 0.78020081053747 0.6490521234453048 0.018134930307219223 0.07260274607105863
1 0.7195286945655537 0.5937973891610706 0.01468254809323426 0.0630821968568469
1 0.48793146498397366 0.6377870219165095 0.019697430307219398 0.07267552067816432
