1 0.6275885467903493 0.5974758287378211 0.011377115756780753 0.034538641233702094
1 0.4063058100151161 0.5309543506519183 0.010360647326811722 0.04388636769475163
1 0.49216771530502273 0.5013020324706994 0.0150481473268119 0.04396818831160267
1 0.4317160627165392 0.45699865341186197 0.012287168373499214 0.050163641233702094
1 0.7192608363234754 0.5333121428618505 0.011741136803468066 0.04078864123370209
1 0.49231890472520934 0.5576065795486 0.01155912628012441 0.0376636412337021
1 0.36050048635171017 0.5098566465120031 0.015048147326811812 0.04396818831160267
1 0.3965513784168501 0.5514577654245707 0.00999662628012441 0.03763636769475163
1 0.3628317418957307 0.21420322727512384 0.0257882262518895 0.06756932954530477
1 0.5087559758283665 0.5041406603117208 0.010360647326811722 0.04388636769475163
2 0.46138888118886034 0.4025196590939048 0.017338689420186525 0.056495461850552965
2 0.9792156050922627 0.16277790585078922 0.02780575256024882 0.07540910308425505
1 0.6554874916839692 0.43197751380301297 0.01513915258848364 0.045530688311602674
1 0.8689892785862593 0.3649052418889157 0.018992194681858265 0.05808523538950343
1 0.37795402588483623 0.4469884537361735 0.01871917889684287 0.05339773538950343
1 0.64599139434304 0.40320763149776473 0.015412168373499213 0.05021818831160272
1 0.47847069439950973 0.34669635308755037 0.0176117052052021 0.06118296185055305
1 0.3195044890531332 0.4370600746773361 0.015412168373499213 0.05021818831160267
1 0.5618152734657619 0.22011448782843068 0.01806673151356151 0.06899546185055305
1 0.3059740681193854 0.31216916883313744 0.019174205205202098 0.06121023538950343
1 0.5388089549228534 0.34877132183796233 0.01595819994353036 0.05959318831160267
1 0.5059593865917066 0.2547173587695933 0.019811242036904986 0.07214773538950343
2 0.421967878346263 0.6253083226487413 0.01128611049510866 0.03297614123370209
