1 0.620029216528241 0.6977139429603189 0.050801036397194466 0.016288773445216797
1 0.5344598473145079 0.30872137532396093 0.03507590684754529 0.013542281743586492
1 0.4975768183185689 0.5096201018787442 0.04278827729789594 0.012571777594401645
1 0.4700049259689932 0.39479966266662486 0.03497577729789594 0.011979781743586493
1 0.6270104017534163 0.6974654892260524 0.057451554595791876 0.023012370125868743
1 0.4369478038205995 0.6068726875617341 0.03507590684754529 0.013542281743586492
1 0.48340728947951356 0.3491678539533366 0.03810077729789594 0.012216580083912553
1 0.4710038263381334 0.5317076668158098 0.03185077729789594 0.01174298340326061
2 0.5452027899409388 0.5248908269836349 0.041225777297895935 0.012453378424238614
1 0.5718792180694005 0.844114423664287 0.04132590684754511 0.014015878424238792
1 0.5043727405869343 0.761253456857766 0.03956314774824658 0.010772479254075762
1 0.5052019463270587 0.3617037427505374 0.04435077729789594 0.012690176764564676
1 0.5688849120893325 0.31210740706754747 0.05382590684754511 0.014963071785542858
1 0.6099695033868608 0.8804313545780366 0.04787629549649317 0.01917697510489056
1 0.51256836751569 0.6343716481444778 0.03810077729789594 0.012216580083912553
1 0.5477084238095248 0.44267032283445007 0.04757590684754511 0.01448947510489056
1 0.781757260945 0.7465094083169473 0.06057655459579188 0.023249168466194802
1 0.6494897717423416 0.5265735713845575 0.05060077729789594 0.013163773445216798
1 0.8252047632613518 0.3447469213892019 0.07463905459579187 0.024314760997662076
1 0.6449965430232579 0.8325508842470306 0.049438795496493174 0.019295374275053945
1 0.6768383119970475 0.28607954856404066 0.057051036397194464 0.01676237012586883
2 0.4123531122739027 0.368662292540756 0.03507590684754529 0.013542281743586492
