1 0.4868167698460256 0.8581199820076716 0.03188666996194378 0.017445105233436918
1 0.4547218528498312 0.8584230898719444 0.05376166996194396 0.018719178896842693
0 0.6477078488954986 0.8283884374246352 0.047384335969555026 0.01523015785015538
2 0.3729545411005638 0.9657721292638961 0.07126750494291585 0.027532736775233248
1 0.43141168684222003 0.8629131687970222 0.05988433596955502 0.01595819994353036
1 0.651872789580508 0.5462283848079167 0.04113433596955503 0.014866136803468067
1 0.6366802352084335 0.2886889005929322 0.04413200197716627 0.011923147326811722
1 0.6344889714054501 0.6192864532096507 0.048819501977166266 0.012196163111827474
1 0.5865316324701453 0.5954541110598062 0.047320668973360826 0.01366765785015538
1 0.583833760911596 0.41393109527479066 0.05038200197716627 0.012287168373499214
1 0.48942582220375286 0.7107444530684763 0.05975700197716627 0.012833199943530183
1 0.423477170036306 0.7834986845820378 0.06469916996194396 0.019356215728545935
2 0.5353564516337865 0.5310877741716336 0.05376166996194396 0.01871917889684287
1 0.4768436146756482 0.5172674688534918 0.05982066897336082 0.01439569994353036
1 0.44175764334456036 0.65557110565696 0.06932300296574959 0.018066731513561328
1 0.4293743429639994 0.8129131687970222 0.06307300296574954 0.017702710466873838
1 0.5898569037246837 0.6962808636906421 0.050636669961943784 0.018537168373499214
1 0.37379291604479226 0.37134729507714653 0.07563666996194396 0.01999325256024882
1 0.34582571942828366 0.6267019239881069 0.07563666996194396 0.01999325256024882
1 0.4270903068807136 0.6415464030120066 0.06463550296574957 0.017793715728545757
1 0.34427255931499046 0.26186587926389615 0.07589133794672147 0.02624325256024873
1 0.44315968136783146 0.440135821456093 0.061446835969555025 0.0160492052052021
1 0.4803772025851886 0.14273790571342976 0.061637836958138334 0.0207367052052021
2 0.7075763725471326 0.14516714277101161 0.03781833498097189 0.009996626280124366
