1 0.4444868197416906 0.33386326971401525 0.050272784639735946 0.013456464244305088
1 0.39448681974169053 0.32978180546971014 0.05357964106622681 0.019961555759574166
0 0.40770588526023904 0.2791758986519691 0.0504091769596041 0.01814396424430509
1 0.3876912504622184 0.348021622439172 0.05357964106622681 0.019961555759574166
1 0.46107492616818124 0.3289525001691779 0.05973871285298138 0.017346738790112327
1 0.45307690657214 0.4692586357750915 0.05348871285298138 0.016836555759574167
1 0.5282039048562803 0.148053057595742 0.05357964106622681 0.01996155575957421
1 0.4324127170761235 0.3720329494105735 0.05344324874635866 0.015274055759574167
1 0.5130669866721649 0.2376576915346657 0.05973871285298138 0.017346738790112327
1 0.5674984224072576 0.304749338809509 0.056704641066226816 0.020216647274843246
1 0.4586151673926927 0.25200736289627423 0.05661371285298138 0.017091647274843247
1 0.42338104638472557 0.44020899350121806 0.0504091769596041 0.01814396424430509
1 0.4018099232651874 0.4548933757731518 0.050363712852981427 0.016581464244305268
1 0.5212264791503175 0.17254287456520387 0.056659176959604096 0.018654147274843248
2 0.46353102177411937 0.5405915018361679 0.05656824874635884 0.015529147274843424
1 0.4986394591585648 0.46436371274649313 0.05353417695960409 0.01839905575957417
1 0.4159165727111914 0.6698327206224008 0.05353417695960409 0.01839905575957417
1 0.6047711018741442 0.3156229369927378 0.05697742570596276 0.029591647274843248
1 0.6171059658224823 0.3761458488114487 0.061528533386094965 0.025286784547746865
1 0.4853555798373274 0.8939874398676757 0.056704641066226816 0.02021664727484307
1 0.5810461645562058 0.8618602082045651 0.06300010517284953 0.022289330305381584
1 0.563705551861509 0.8118921591129509 0.05982964106622681 0.020471738790112326
