1 0.2757703639393013 0.4634921034428626 0.011703787427387447 0.05032738221398514
1 0.2780991513666888 0.4134921034428626 0.016536836641599172 0.05361607332097766
0 0.22599084181339485 0.4234102512659444 0.016391287427387446 0.05049107332097762
1 0.2971402497951122 0.40789686787083285 0.016536836641599172 0.05361607332097766
1 0.2687562305646899 0.4796800986335392 0.015265435070022626 0.059811509618646855
1 0.40956316708245455 0.4806845818433162 0.014974336641599173 0.05356150961864685
1 0.07994413358400848 0.5349057680561673 0.01809933664159915 0.05367063702330839
1 0.31534228618904236 0.453918696001134 0.014974336641599173 0.05356150961864685
1 0.17115133044085534 0.525570462791357 0.015265435070022582 0.059811509618646855
1 0.23103144458504446 0.5840030108845913 0.0182448858558109 0.056795637023308566
1 0.19241205438600742 0.47231897721932725 0.0151198858558109 0.05668650961864685
1 0.3844197719210187 0.44928824890369173 0.016391287427387446 0.05049107332097762
1 0.4018084791169477 0.4287674177781657 0.014828787427387446 0.05043650961864685
1 0.10523523201243193 0.529528787293461 0.016682385855810854 0.05674107332097762
2 0.47929347022560764 0.49563994844820475 0.0151198858558109 0.05668650961864685
1 0.39885895347638456 0.5256969814804965 0.016536836641599172 0.05361607332097762
1 0.6141436592245716 0.4565278631463274 0.016536836641599172 0.05361607332097762
1 0.2370973540145039 0.6217758293962455 0.027619885855810898 0.0571230192372937
1 0.2958173825505511 0.6379117500848179 0.02315070967712849 0.06164682813030105
1 0.8285828407799375 0.5399207496214818 0.018244885855811077 0.056795637023308566
1 0.7843362270500333 0.633060625212045 0.020098484284234174 0.06310020072563952
1 0.7367720223353034 0.6126191504397884 0.01839043507002245 0.05992063702330856
