0 0.996875 0.503125 0.00625 0.0375
1 0.5921875 0.3921875 0.009375 0.03359375
1 0.375 0.4625 0.0078125 0.04296875
1 0.4625 0.490625 0.0125 0.04375
1 0.4046875 0.5359375 0.01015625 0.04921875
1 0.6875 0.4546875 0.01015625 0.040625
1 0.459375 0.434375 0.009375 0.0375
1 0.33046875 0.484375 0.01328125 0.04453125
1 0.3640625 0.4421875 0.0078125 0.03828125
1 0.35 0.7796875 0.021875 0.0671875
1 0.47890625 0.4875 0.0078125 0.04375
2 0.4375 0.58984375 0.0140625 0.05546875
2 0.96875 0.8203125 0.0234375 0.07578125
1 0.6296875 0.55703125 0.01171875 0.0453125
1 0.846875 0.6203125 0.01484375 0.0578125
1 0.3515625 0.546875 0.01484375 0.05234375
1 0.621875 0.5859375 0.01171875 0.05078125
1 0.4578125 0.6453125 0.0140625 0.0609375
1 0.29375 0.5578125 0.0125 0.05078125
1 0.5484375 0.7703125 0.0140625 0.06796875
1 0.2875 0.6828125 0.01484375 0.0609375
1 0.51796875 0.6421875 0.0125 0.059375
1 0.490625 0.73671875 0.01484375 0.071875
2 0.38515625 0.36796875 0.00859375 0.0328125
