2 0.29051591199872734 0.0011643769287556672 0.06896817600254534 0.0023287538575113343
1 0.4302489319700923 0.19257661474713803 0.026853401336727246 0.026702202344038462
0 0.568348915977092 0.1322027143779978 0.04240567600254543 0.021453497840531632
1 0.5093086286203203 0.30851369294019804 0.04547613200190899 0.016966256939830338
1 0.4152784599777283 0.13732791024363128 0.042387494668999895 0.019890997840531676
1 0.472709151973274 0.16643561690660638 0.05330681333545435 0.01902940468807692
1 0.443893261298547 0.22761294880029412 0.04702045066836362 0.01550388648947969
1 0.5265223059357302 0.4393433883444061 0.04698408800127254 0.012378886489479513
2 0.4906035346117298 0.3729464327611652 0.05009090666772735 0.011016645588778217
1 0.575760331954184 0.3003519370801019 0.043895450668363624 0.015303627390180985
1 0.4232727733131828 0.12120226249538466 0.05328863200190899 0.017466904688076924
1 0.5703615705760952 0.6301395666297511 0.043895450668363624 0.015303627390180985
1 0.5279591786282746 0.24876845311923082 0.04858295066836362 0.015604016039128954
1 0.44883475262572914 0.2725749953765216 0.05014545066836362 0.015704145588778216
1 0.4565734326066391 0.41259921807862554 0.05635908800127254 0.012979663787375629
1 0.5828637599459116 0.3607887893318552 0.040788632001908985 0.01666586829088228
1 0.3934018179503659 0.3401420296142478 0.06262726933481808 0.014942681985972862
1 0.3404308119430481 0.39740261952750006 0.06733295066836362 0.01680557063492083
1 0.38491825063654683 0.19704287168696835 0.059520450668363534 0.0163049228866742
1 0.43308993193032136 0.4851448465485408 0.06106476933481808 0.014842552436323686
1 0.3503217905792767 0.6208203331303055 0.06893181333545453 0.020030700184570094
1 0.3593422545751406 0.6506883058324096 0.061155676002545345 0.022655052436323507
1 0.44799457988545976 0.814412041952749 0.05639545066836362 0.016104663787375628
2 0.6447423105506417 0.8127332186969344 0.037609088001272536 0.011778109191583752
