1 0.36049889266334284 0.6210606713876338 0.03321301819859723 0.006631808004454243
1 0.40119254627168555 0.5472600920591791 0.03497577729789594 0.009774989337999784
1 0.4115874306016969 0.4582521360598154 0.03810077729789594 0.009811352005090512
1 0.615716121225543 0.5669566160884505 0.049238536397194464 0.01306362133990877
2 0.47011132942967765 0.4722242767345423 0.044150518198597236 0.006759077339272501
1 0.45210870836101813 0.2773384907304061 0.03986353639719446 0.012954533338636054
1 0.4148185479697286 0.7616407653962243 0.042888406847545156 0.011428396005727138
0 0.4381199383167195 0.9714430267345424 0.04747577729789594 0.009920440006363407
1 0.4130683898855656 0.38634077339272455 0.03810077729789594 0.00981135200509069
1 0.4318021961794005 0.5820169000636335 0.03956314774824658 0.008267033338636053
1 0.5196349722406788 0.18743165340545123 0.04777616594684382 0.014607940006363363
1 0.45820880012919696 0.804364614735815 0.04621366594684382 0.014589758672817865
1 0.4544734423218892 0.3258396253978152 0.04278827729789594 0.009865896005727048
1 0.5232108413067534 0.7050464147437692 0.041826554595791876 0.019222714672181597
1 0.46365536860464934 0.6949714334022696 0.04435077729789594 0.009884077339272324
1 0.7605615584533032 0.24652703210531332 0.06975129549649317 0.01642497867599957
1 0.6065656708840894 0.27053560208463245 0.05392603639719447 0.01311816534054513
1 0.4738709777962331 0.6575623400699968 0.04435077729789594 0.0098840773392725
1 0.5588629488002941 0.45371118141308725 0.05060077729789594 0.009956802673454312
1 0.5077291363418214 0.8612327800763602 0.05060077729789594 0.00995680267345449
1 0.4900314080841629 0.3809816587364513 0.04777616594684382 0.014607940006363406
1 0.5241641810631222 0.28755892274026934 0.050400518198597234 0.0068318026734542235
2 0.3671341286267987 0.34671465205281576 0.03497577729789594 0.009774989337999784
