1 0.6431180320655424 0.486521366504484 0.008376121339908772 0.048482951795398146
2 0.9108744126750452 0.06701388416387732 0.022747704010181023 0.07512726502711464
1 0.5315816427434511 0.5686793606507516 0.009829533338636055 0.039117042154477845
1 0.646188488064906 0.48185204722264324 0.011592028007635946 0.056313632513557366
1 0.4094521040738147 0.5460953126425414 0.009902258672817865 0.045367042154477843
1 0.6412293627466327 0.5927531857863249 0.009920440006363407 0.046929542154477664
1 0.397106645408951 0.5593038397699044 0.0098840773392725 0.04380454215447767
1 0.5740476693586807 0.19004582142314008 0.014971566677272109 0.07820681323171655
1 0.5232418840706331 0.5233214088553535 0.009902258672817865 0.04536704215447766
2 0.4472419107256337 0.4369475716195318 0.011664753341817758 0.06256363251355737
1 0.443099850731997 0.483795300542293 0.013118165340545218 0.05319772287263689
1 0.47541291140195135 0.5082004029034252 0.01150112133990877 0.048501132513557366
1 0.8222413633831795 0.3719463029781799 0.016406797342454028 0.0672784035907962
1 0.3552185900699968 0.5176566952542945 0.01311816534054513 0.05319772287263689
1 0.7077623347389966 0.5368940712267484 0.011555665340545218 0.05318863251355736
1 0.2417544320496341 0.3670067345801019 0.01329997867599957 0.06882272287263698
1 0.3815896387253155 0.4342220265381879 0.013172709341181487 0.057885222872636886
1 0.5850140833863613 0.394002068398078 0.013263616008908841 0.0656977228726369
1 0.5741851240451797 0.3361304810640605 0.016406797342454028 0.06727840359079611
1 0.29897713339431536 0.45092773750696813 0.014753390674726941 0.05945681323171659
1 0.23828289202736236 0.20293514422102227 0.01969542934436319 0.08135908430895541
1 0.4377385467059073 0.29158961982413373 0.014862478675999569 0.06883181323171658
2 0.41194185208463246 0.6257919030016209 0.011410214672181595 0.040688632513557366
