1 0.44495874280735703 0.7181420742843425 0.038045569279472245 0.021591580083912553
0 0.4696525174179632 0.8166746626666249 0.03487510517284953 0.01979228174358667
1 0.4414018337944416 0.7030615259440165 0.04406824874635866 0.014252676764564676
1 0.4792428145941116 0.717621856027929 0.04273306927947225 0.021946777594401824
1 0.4348442937444291 0.5848559776036903 0.04411371285298138 0.015815176764564676
1 0.47670048779279206 0.7642008581025215 0.044341033386094963 0.023627676764564676
1 0.5509600048815508 0.9319696211747761 0.04420464106622681 0.018940176764564852
1 0.4658897052646271 0.5801927110069509 0.047329641066226814 0.019176975104890737
2 0.48706001161197554 0.5576315493892332 0.056522784639736125 0.013637370125868919
1 0.5263631701626725 0.8903498836223307 0.05036371285298138 0.016288773445216974
1 0.4440207169431096 0.6323229734545055 0.040897784639735944 0.012453378424238614
1 0.4879358529947714 0.6948947510489072 0.04907399749271768 0.025545374275053767
1 0.5229306301126602 0.7723811336223306 0.05813074874635884 0.015318269296031773
1 0.5309129631821858 0.6716474278134719 0.056659176959604096 0.01832487012586892
1 0.4436245971887837 0.43117487055007614 0.05353417695960409 0.01808807178554268
1 0.5611784393630025 0.8812951149509989 0.055142141066226814 0.019768970955706067
1 0.6041686067556952 0.6709621888111339 0.06295464106622681 0.020360966806520865
1 0.49057483887551345 0.19619714192070045 0.05969324874635884 0.015436668466194936
1 0.5783850082467632 0.7492997537481996 0.07067621285298138 0.017827962657336015
1 0.6174926915410806 0.24479077511882386 0.07232964106622682 0.021071361827499045
1 0.5669675058059876 0.3033244029183626 0.06286371285298138 0.017235966806521043
1 0.6283382294795219 0.5371558738740685 0.07237510517284954 0.022633861827499047
