0 0.5147246908019938 0.9939479043763629 0.03757272533418181 0.0064681686179106634
1 0.39907822541372356 0.589905819871016 0.03448408800127263 0.009574987899751619
1 0.4668635200509067 0.3723092537124332 0.04384090666772735 0.008067030054229285
1 0.4960066747294517 0.45964562724900004 0.043895450668363624 0.012754530054229284
1 0.5406464653882702 0.40156950683569115 0.05010908800127254 0.009665891490547729
1 0.4626872867599957 0.6848547055078312 0.04073408800127272 0.009611349336070062
1 0.43972031206236084 0.4568478801758663 0.037609088001272536 0.009593168617910841
1 0.48822035204486164 0.3276507386853185 0.043895450668363624 0.012754530054229284
1 0.44642375071608864 0.3614899283804682 0.03759090666772717 0.008030668617910842
1 0.7837601187141796 0.34546391081927075 0.06744203866963616 0.022265885440423537
1 0.49307257873167887 0.47607005796715923 0.04384090666772718 0.008067030054229285
2 0.5949345233927246 0.4340683894474443 0.056413632001908985 0.01438975292686635
2 0.8315849267981757 0.9639775614832008 0.0752727200031817 0.023873837235821326
1 0.5643583274188142 0.6264467869881163 0.045457950668363625 0.012763620413308984
1 0.6301667827816311 0.8432661274453916 0.05799431333545453 0.015961343285945874
1 0.550965800047725 0.34838087432213377 0.05330681333545435 0.01593407220870695
1 0.5931736707510871 0.6184661153451433 0.05014545066836362 0.012790891490547907
1 0.6506396307288153 0.4540581817001179 0.06110113200190916 0.014417024004105095
1 0.5612305907065436 0.2905047418085765 0.05014545066836362 0.01279089149054773
1 0.7766941480744511 0.5439559529737485 0.06891363200190899 0.014462475799503239
1 0.6861578653723619 0.2835275130822071 0.06111931333545435 0.015979524004105093
1 0.6482146120703149 0.5142326124182771 0.059520450668363624 0.012845433645025394
1 0.7424276887332697 0.48633889569396016 0.07205681333545436 0.016043156517662284
2 0.3724504487189521 0.38301547043675005 0.03292158800127272 0.009565897540671919
