1 0.5917459693178826 0.6254899199779386 0.011810322188333444 0.03800942224974087
1 0.49757774201930605 0.61188764640429 0.010175087005972295 0.03481164764263518
1 0.614765242019306 0.6064295508713509 0.01177395459715278 0.036446922249740867
1 0.505390242019306 0.6115237733687607 0.01333645459715278 0.0365196968568469
1 0.6486310957427783 0.5829535095150218 0.013300087005972294 0.03495719685684691
1 0.27697430128986167 0.6096488660062159 0.018205792553055565 0.04455052067816449
1 0.5503390661075005 0.5937883097626908 0.01333645459715278 0.0365196968568469
0 0.04833884859256989 0.5311386840365653 0.012173998100138927 0.05363442224974087
1 0.7529185522397922 0.5608901108389295 0.014935322188333443 0.03815497146395277
1 0.4644729948690977 0.5336556385464072 0.010466027735416716 0.04731164764263518
1 0.5974491490294102 0.5345010469424093 0.013518292553055566 0.0443321968568469
1 0.7025912439191672 0.5491563982663169 0.013518292553055566 0.0443321968568469
1 0.4923434217308338 0.5214081956185017 0.013518292553055566 0.0443321968568469
1 0.3876364315144796 0.4582425696874884 0.010611498100138927 0.05356164764263518
2 0.6655088180073616 0.5352416015333045 0.016679660144236053 0.04604024607105863
1 0.8098218624602783 0.5191349503760128 0.012028527735416716 0.04738442224974086
1 0.12173736815986144 0.39163522828837827 0.018605836056041714 0.061738020678164404
1 0.6098731477951392 0.36264316356779785 0.02176720364722229 0.06344606989237614
1 0.28038893559854217 0.5547430421848984 0.016643292553055567 0.04447774607105863
2 0.8253474517473613 0.07730916935876608 0.027000217514930824 0.08710189371369373
1 0.7592367149494794 0.32831305128563554 0.013991071238402774 0.0646446968568469
1 0.8088749986688197 0.4112496757689069 0.017043336056041625 0.06166524607105859
2 0.35139372625173665 0.6484159594722406 0.011737587005972295 0.034884422249741046
1 0.5970133911456255 0.5493811842459623 0.013518292553055566 0.0443321968568469
