1 0.6393736557320955 0.6091288913954311 0.03442954215447784 0.010375210345699059
1 0.6411770502477054 0.6505806055020539 0.03757272287263689 0.013591138558944315
1 0.5730203852440319 0.2135148630239013 0.050072722872636886 0.013954851411925784
1 0.6129384207592101 0.6302310015828457 0.04380454215447767 0.010647994985435005
1 0.6348987374087722 0.3770067131821858 0.04071590359079611 0.01680706677218975
1 0.5445772226762452 0.158009009104693 0.050072722872636886 0.013954851411925784
1 0.5500651951560986 0.42999766937124984 0.05005454215447767 0.010829851411925873
1 0.34813401473252703 0.22649928167023523 0.06885908430895542 0.02075042069139794
1 0.5231294695529872 0.2308100116119755 0.05944772287263689 0.014227636051661819
1 0.5001419423274284 0.3074718000126353 0.05321590359079629 0.017170779625171127
2 0.5235395774732643 0.5698270475053528 0.05320681323171659 0.01560827962517113
1 0.4733930899662962 0.27466766020004973 0.06102840359079629 0.017398100158284534
1 0.5795451795398089 0.7979807912371466 0.05009090359079611 0.017079851411925872
1 0.5028735952308535 0.7770030500126353 0.05950226502711473 0.023602636051661817
1 0.4250849385167993 0.8325423446815012 0.05947499394987581 0.01891513605166182
1 0.4322373457218328 0.45078387932123737 0.06415340359079628 0.01748902837152997
1 0.5544719357863248 0.650401097584495 0.05322499394987581 0.01873327962517113
1 0.334666933252242 0.328433854710631 0.07511817466803503 0.02249477711788863
1 0.4403145078968359 0.765028235747728 0.06260908430895533 0.020568564264907253
1 0.5047360770804807 0.828611014119258 0.05950226502711473 0.023602636051661817
1 0.44437477312034235 0.6573521280675961 0.06260908430895533 0.020568564264907253
2 0.6672719176359522 0.7052370132613281 0.037554542154477843 0.010466138558944493
