0 0.9766288952101835 0.49107535090720394 0.007778007908665429 0.037536361436318444
1 0.5674210384803817 0.6043672539088248 0.010775673916276674 0.03442954215447767
1 0.3530985533091293 0.5353183138208918 0.009595175893442942 0.04379545179539797
1 0.4417445592406284 0.5066842537124332 0.014282675893442943 0.04382272287263689
1 0.3857784021302657 0.46170809699837906 0.011412343878220455 0.05005454215447784
1 0.6652802183281573 0.5413127420049682 0.011030341901054185 0.040679542154477846
1 0.43632754737763035 0.5629524344305924 0.01090300790866543 0.037554542154477843
1 0.30945864125585076 0.5137023890546608 0.014282675893442943 0.04382272287263689
1 0.3413333823586022 0.5556944463344491 0.009340507908665429 0.03754545179539796
1 0.34102295353659084 0.21827625956616564 0.024612680836358793 0.06731476502711464
1 0.45802347524823955 0.5097138049420972 0.009595175893442942 0.04379545179539797
2 0.4207874134989723 0.40761094945770704 0.016354511862997967 0.056331813231716585
2 0.961428295437645 0.17405147737063703 0.026493515817330858 0.07513635538619426
1 0.61163790657889 0.43930533529091403 0.01434634288963732 0.04538522287263689
1 0.8314039199247629 0.3747605253788472 0.017980678859192523 0.05790340359079611
1 0.33309907110362647 0.45107966920708603 0.017789677870609387 0.05321590359079611
1 0.6050032460084862 0.4104445370863122 0.014537343878220454 0.050072722872636886
1 0.44336009186387315 0.35202402478967204 0.01654551285158128 0.06101931323171659
1 0.27573224007698716 0.4404785124930319 0.014537343878220454 0.050072722872636886
1 0.5390784515594245 0.22649678396305414 0.01686384783255317 0.06883181323171657
1 0.27457559977253854 0.31551487392935035 0.018108012851581277 0.0610284035907962
1 0.5033890078714844 0.3547990459651067 0.014919345855386724 0.05944772287263689
1 0.47989711114124506 0.26042687724900004 0.018553681824942103 0.0719659035907961
2 0.3594029500393686 0.6297904764868743 0.010712006920082206 0.032867042154477666
