1 0.6049169174172877 0.3982746696472116 0.03508539502097818 0.009975017856907442
1 0.609616995426608 0.35684114610826134 0.03844719336130424 0.0131545649348082
1 0.5110178265362058 0.7931428847441755 0.050947193361304245 0.013372753246410874
1 0.58001200579957 0.37686331980936744 0.044460395020978184 0.010138659090609537
1 0.5842096406480787 0.6303604667251124 0.041808991701630306 0.016334112012708957
1 0.47874885558049984 0.8483213084452818 0.050947193361304245 0.013372753246410695
1 0.5032565611888661 0.5763781245979058 0.05071039502097818 0.010247753246410873
1 0.2874978161632435 0.7775390243530245 0.07017079004195637 0.019950035713814884
1 0.462438616578162 0.7752656379905865 0.06020379419114121 0.01197389448011279
1 0.44486187550123174 0.6983309910748415 0.0543089917016303 0.016552300324311632
2 0.48656873650353816 0.4362304115295368 0.054190592531467276 0.01498980032431163
1 0.4158721925128896 0.7308258912369974 0.06212149170163026 0.016688668019063258
1 0.5584241161771766 0.20871333766627487 0.05118399170163031 0.016497753246410875
1 0.48044082613522043 0.22879974107484155 0.06103258838228243 0.02291139448011297
1 0.4066965954312522 0.17235091802235852 0.06067739087179329 0.018223894480112877
1 0.38712299832639285 0.5542185267886565 0.0652464917016303 0.01674321509696384
1 0.5230758441818525 0.35601107752000516 0.05442739087179334 0.018114800324311543
1 0.28119046180892154 0.6754407362035776 0.0765391892121193 0.0216216298696164
1 0.41717123152916075 0.24004693263285515 0.06392079004195632 0.019840941558013636
1 0.4859104987506001 0.1772099675358912 0.06103258838228243 0.022911394480112923
1 0.413689188787912 0.34777761201600416 0.06392079004195632 0.019840941558013546
2 0.6394830167972322 0.30248488271558066 0.038210395020978186 0.010029564934808199
