1 0.5461791015333045 0.6791975800220614 0.012684090570540717 0.03800942224974087
1 0.45326600951502183 0.65686235359571 0.010976041356328991 0.03481164764263518
1 0.5704535095150219 0.6623204491286492 0.012611315963434677 0.036446922249740867
1 0.46107850951502194 0.6572262266312393 0.014173815963434677 0.0365196968568469
1 0.605847354014504 0.6420464904849782 0.014101041356328814 0.03495719685684691
1 0.23353570637186874 0.6341011339937841 0.019225188998963992 0.04455052067816449
1 0.5071187555860804 0.6437116902373091 0.014173815963434677 0.0365196968568469
0 0.011121358976902626 0.5344863159634347 0.01341183664159915 0.05363442224974087
1 0.7113353746926683 0.6297348891610706 0.01580909057054054 0.03815497146395277
1 0.4257275144774206 0.5757193614535928 0.01155823821317572 0.04731164764263518
1 0.5582125287454442 0.5889364530575907 0.014537688998963993 0.0443321968568469
1 0.661990346156621 0.6133436017336831 0.014537688998964172 0.0443321968568469
1 0.45436193672716163 0.5660918043814982 0.014537688998963993 0.0443321968568469
1 0.35440263213626644 0.49331993031251165 0.011849336641599173 0.05356164764263518
2 0.6259993422276796 0.5960083984666955 0.017735463606069857 0.04604024607105863
1 0.7709672398703147 0.5933650496239873 0.01312073821317572 0.04738442224974086
1 0.09401524979511222 0.4021147717116217 0.020025709677128446 0.061738020678164494
1 0.5825875982235356 0.4186068364322022 0.023223484284234173 0.06344606989237608
1 0.24077031762057377 0.5796319578151016 0.017662688998963994 0.04447774607105863
2 0.8172709290741664 0.15394083064123393 0.029002603390821946 0.08710189371369373
1 0.7338611538478881 0.39824944871436446 0.015483758891340215 0.0646446968568469
1 0.7775511877606189 0.4856253242310931 0.01846320967712849 0.06166524607105863
2 0.3050082919800106 0.6797090405277594 0.012538541356328902 0.034884422249741046
1 0.5567399199779386 0.6037438157540377 0.014537688998963993 0.0443321968568469
