2 0.3587360704601911 0.7643299038478881 0.031304542154477664 0.010830492142117265
1 0.3858081514494968 0.5412541228306414 0.032857951795398056 0.009340766749222951
1 0.41362512100248405 0.32439195450984193 0.040688632513557366 0.012829639784752267
1 0.41022741023009557 0.3714125037240536 0.03755454215447766 0.01112159057054054
1 0.37464689589035194 0.8487220204732766 0.031304542154477664 0.010830492142117265
1 0.4363177324388026 0.317086722706807 0.037554542154477843 0.01112159057054054
2 0.8430500423508693 0.08101421216283701 0.07825226502711473 0.025513730355292873
1 0.4430399102300956 0.36988423697483064 0.03601022287263689 0.014173815963434677
1 0.37964801327859876 0.7945974466519591 0.029760222872636976 0.013882717535011224
1 0.6535148436787293 0.17106993962264574 0.057894313231716586 0.016755160462916762
1 0.48463601600907324 0.6038204352794196 0.04382272287263689 0.014537688998963993
1 0.49287680464750955 0.26134183685099616 0.04695681323171659 0.01624573821317572
1 0.4249161032448949 0.5316222576529951 0.040679542154477666 0.011267139784752267
2 0.47828199776050473 0.48774167101139587 0.04381363251355737 0.012975188998963993
1 0.5135069463344492 0.3400468796550671 0.05005454215447784 0.011703787427387447
1 0.4347804199926529 0.8498264480997012 0.03915340359079629 0.017444365177646404
1 0.5532779734618122 0.3506911271738677 0.05320681323171659 0.016536836641599172
1 0.7019977954741273 0.16100142680236415 0.0656977228726369 0.01555653349844599
1 0.5485046359314029 0.23141458829873818 0.05476022287263689 0.015047111248705036
1 0.5987540999252452 0.3204556635677978 0.05634090359079611 0.0182448858558109
1 0.5484530763139237 0.6430241763880794 0.050072722872636886 0.014828787427387446
1 0.5091446157379268 0.8213696542621729 0.048510222872636885 0.014756012820281583
1 0.45171949776050474 0.4889788393321955 0.04381363251355737 0.012975188998963993
1 0.376405880372258 0.5463782704732767 0.031286361436318445 0.007705492142117088
