1 0.7486126784786641 0.48953843864215213 0.011210210772388507 0.047129573138263936
1 0.6352400040070207 0.6421569052071522 0.015843168617910665 0.037863675911805575
1 0.5212911334955159 0.6252804893633328 0.01894998789975162 0.03481141109416654
2 0.5375888200674076 0.5092918134515273 0.02218407220870695 0.05363414627652787
1 0.4317246394474443 0.5797153758562149 0.015879530054229284 0.044113675911805574
1 0.8340683894474443 0.5703507211272215 0.01590680113146803 0.04880117591180557
1 0.7612717597625573 0.4619037479127076 0.022211343285945873 0.058321646276527875
1 0.48953259426790446 0.5791510249825343 0.018986349336070064 0.04106141109416672
1 0.8672126875538503 0.5125557517124297 0.019013620413308986 0.045748911094166546
1 0.5992212116561513 0.5226990435998953 0.012790891490547907 0.05029094072944442
1 0.4328740489901689 0.5164159420606247 0.019040891490547905 0.05043641109416672
1 0.7765922327333902 0.5138838220009021 0.015970433645025393 0.059738675911805574
1 0.3811757144848217 0.40669675636517333 0.015988614363184706 0.06286367591180557
1 0.5678944644848217 0.4023508292190968 0.01757838544042354 0.0675875435029862
1 0.6717921450065891 0.26713806820118 0.017642017953980904 0.07852504350298614
1 0.3290546782822723 0.36963382066972195 0.022274975799503237 0.06925914627652788
1 0.20690190144949688 0.5544835589862152 0.014371572208706973 0.053452308320625086
1 0.8309398860295989 0.30249107390076324 0.02073065651766228 0.07234777868534721
1 0.3048444977605048 0.5029918345374302 0.023764752926866174 0.056795513867708355
1 0.16922970550783126 0.4506870649701387 0.020676114363184707 0.0629727786853472
1 0.23202111787922614 0.26487554511850675 0.02543633723582168 0.07558188145888893
2 0.29301614257070224 0.6563714076756941 0.014298849336070063 0.04095230832062491
