1 0.5671875 0.4203125 0.0109375 0.040625
1 0.5671875 0.45703125 0.0125 0.0453125
1 0.3671875 0.49765625 0.0203125 0.0625
1 0.70625 0.35625 0.01015625 0.04296875
2 0.45546875 0.54453125 0.02109375 0.06328125
1 0.353125 0.46796875 0.01875 0.05859375
1 0.3984375 0.4984375 0.015625 0.0578125
1 0.61484375 0.3859375 0.0125 0.04453125
1 0.45390625 0.4 0.0125 0.0453125
1 0.8375 0.43046875 0.01328125 0.05234375
1 0.415625 0.50703125 0.02421875 0.0625
1 0.3234375 0.6875 0.01875 0.07421875
1 0.5890625 0.4828125 0.01328125 0.05703125
0 0.040625 0.4453125 0.02109375 0.0578125
1 0.67734375 0.534375 0.01875 0.0640625
1 0.3171875 0.503125 0.01953125 0.05703125
1 0.61796875 0.590625 0.01328125 0.06796875
1 0.33125 0.578125 0.02578125 0.065625
1 0.175 0.8140625 0.034375 0.07890625
2 0.8625 0.9375 0.034375 0.103125
1 0.74375 0.64765625 0.01796875 0.07890625
1 0.21640625 0.78984375 0.0265625 0.0796875
1 0.14375 0.671875 0.0265625 0.06953125
2 0.4734375 0.30859375 0.01328125 0.0390625
