1 0.5570047580290588 0.40581312076372694 0.04119821008590811 0.012829639784752267
1 0.5202860080290588 0.40752332403071456 0.04596759724103805 0.014610463606069856
1 0.4691794521724505 0.6094154638154669 0.06356453301668666 0.023223484284234173
1 0.6283552148356066 0.26376686187238674 0.04424132293077854 0.011412688998963994
2 0.42693107643728145 0.5233174520286425 0.06364642017181658 0.024785984284234175
1 0.4981299677762827 0.6220952462804556 0.06035764586155708 0.02151543507002245
1 0.47003594527504555 0.5782018511190198 0.058631371551297565 0.018317660462916763
1 0.5938773162605162 0.35655582940739805 0.04440509724103805 0.014537688998963993
1 0.5713804392821518 0.5181483008713508 0.04596759724103805 0.014610463606069856
1 0.5610149858665058 0.135973655709915 0.05378009724103805 0.014974336641599173
1 0.4623429539814728 0.561414611458102 0.0638101944820761 0.027910984284234174
1 0.27704286182881743 0.6620075785788286 0.07598264586155708 0.02224318114108108
1 0.4956511782008753 0.3868491050479612 0.05690509724103805 0.0151198858558109
0 0.5044087867503324 0.9335400144774206 0.05895892017181659 0.024567660462916762
1 0.44871530246570623 0.3009694170824545 0.06504514586155707 0.021733758891340216
1 0.4610903132082985 0.6596701749403373 0.057232645861557074 0.0213698858558109
1 0.3893535905707757 0.3629643029382653 0.06940509724103805 0.015702082712657807
1 0.38682729760446616 0.6491008560814185 0.06693519448207601 0.0280565334984459
1 0.14270108209149102 0.816339821754403 0.07992651741285454 0.038013730355292805
2 0.055293930348581835 0.1345890157157657 0.10492651741285455 0.03917812406898662
1 0.3389142565587207 0.23983932609762917 0.07910764586155698 0.022388730355292808
1 0.16908984170242944 0.7738055653442621 0.08107958163720577 0.03027400496239867
1 0.283250838988896 0.84096733250777 0.07014208163720585 0.02976458271265763
2 0.6638102787212736 0.4943597363556581 0.03971759724103805 0.014319365177646403
