1 0.575 0.37432077355444493 0.040625 0.013445557370694505
1 0.634375 0.44757774201930617 0.0296875 0.00850348423243048
1 0.59375 0.28569468464861164 0.034375 0.013300087005972294
1 0.5546875 0.3629104948690977 0.0421875 0.01035692496187508
1 0.6328125 0.5342601244281255 0.03125 0.006977351823611144
1 0.62734375 0.3130390878589936 0.028125 0.010029616641249994
1 0.6125 0.5400373457427783 0.0296875 0.01319098423243048
1 0.628125 0.41305727165458384 0.0296875 0.014753484232430659
2 0.1 0.08904627583555563 0.096875 0.024129790653194517
1 0.60625 0.7187981253780561 0.040625 0.008758057370694416
1 0.6234375 0.5223231688810422 0.0375 0.010247822188333445
1 0.55234375 0.5206684434823268 0.0359375 0.01333645459715278
1 0.38984375 0.2887612139995489 0.0625 0.024892203647222288
1 0.57421875 0.20711508975885465 0.0390625 0.013409189779513931
1 0.4765625 0.6384358653100699 0.0546875 0.013772865691319502
1 0.55625 0.6027906124602783 0.0453125 0.011992160144236052
1 0.4421875 0.8126357783040976 0.053125 0.019986498100139017
1 0.565625 0.7116025680073615 0.040625 0.015008057370694416
1 0.4734375 0.20555063012770874 0.053125 0.023111498100138926
1 0.6140625 0.27991746333395884 0.040625 0.015008057370694416
2 0.571875 0.36799803837208384 0.0375 0.019622822188333354
2 0.6546875 0.6519567707046534 0.0390625 0.010284189779513753
