1 0.2863283985576385 0.45657945337363454 0.010538762917777866 0.050109088001272714
1 0.28749216147541634 0.40657945337363455 0.015298998100138928 0.05328863200190899
0 0.23565690454156218 0.41769821936663487 0.015226262917777867 0.050163632001908987
1 0.30638763184013856 0.4005476293761799 0.015298998100138928 0.05328863200190899
1 0.2796965388502427 0.4729129780394528 0.013881968464861139 0.059520450668363624
1 0.420412457828194 0.47064304805854273 0.013736498100139017 0.053270450668363625
1 0.09232251899861066 0.5324681493475447 0.016861498100138927 0.05330681333545435
1 0.3256454716959024 0.44609648671227065 0.013736498100138928 0.053270450668363625
1 0.1832384597280551 0.5210226666931806 0.013881968464861139 0.059520450668363624
1 0.24442922644555506 0.5779999200349983 0.01693423328250008 0.05643181333545435
1 0.20324314162378432 0.46733459269572586 0.013809233282500078 0.05639545066836362
1 0.3945591258562149 0.4398652153882702 0.015226262917777867 0.05016363200190917
1 0.41145633833715245 0.41896236939049736 0.013663762917777867 0.05014545066836362
1 0.11746798936333289 0.526509050684272 0.015371733282500032 0.056413632001909166
2 0.49043401709874956 0.4839612080680878 0.01380923328249999 0.05639545066836362
1 0.4107640476839579 0.5158555507240428 0.015298998100139016 0.05328863200190899
1 0.6242648096518051 0.44175662141945055 0.015298998100139016 0.05328863200190899
1 0.2513689042572217 0.6155908267027256 0.026309233282500077 0.05654090133672725
1 0.3104165959365967 0.6303442173774525 0.021730836056041803 0.0611738573360908
1 0.8404697314795481 0.5200741674490402 0.016934233282500342 0.05643181333545435
1 0.7984257422131245 0.6141417934436313 0.01864220364722229 0.06269999466899989
1 0.7504246533072912 0.5948281721037224 0.017006968464861317 0.05955681333545435
