1 0.3191671453708328 0.5982826654603146 0.014828787427387446 0.05072804209337463
1 0.7063803550479613 0.5597324598315895 0.012538541356328814 0.035012036831702883
1 0.5040216424753486 0.4978107705525773 0.01133991439185813 0.042733531570031145
1 0.6182489623677248 0.48409615202378625 0.010976041356328814 0.034921031570031145
1 0.3196209096388564 0.6053594180911505 0.0213698858558109 0.057342063140062294
1 0.40480720058090053 0.424662425913071 0.012538541356328814 0.035012036831702883
1 0.6643598289931132 0.5032325598739418 0.011121590570540718 0.03804603157003115
1 0.481112835403254 0.46827518899666354 0.010830492142117265 0.03179603157003115
2 0.49011965426217297 0.5440032310900383 0.011267139784752267 0.041171031570031144
1 0.17107855583374948 0.5316881577089811 0.012829639784752267 0.04126203683170289
1 0.25211454011798373 0.47373842079257356 0.009631865177646404 0.03951752630835923
1 0.6524398717971842 0.5236892730422389 0.01141268899896417 0.04429603157003115
1 0.7039980636916323 0.5940619572007535 0.013411836641599173 0.053762036831702886
1 0.13581098987031476 0.5656690445830364 0.01780823821317572 0.04778505261671846
1 0.37947540674337227 0.49760710224966526 0.01112159057054054 0.03804603157003115
1 0.5725682812266436 0.5566390099586463 0.01312073821317572 0.04751203683170289
0 0.003227641853921496 0.5075240736634059 0.006455283707842992 0.04925654735504672
1 0.2750253854460353 0.755519041811026 0.021515435070022626 0.0604670631400623
1 0.49149375558608044 0.6490547521367258 0.011703787427387447 0.050546031570031145
1 0.6788181654298246 0.8487571624765428 0.02217040653397522 0.07452956314006229
1 0.18480926199622125 0.6069079655873715 0.017881012820281584 0.04934755261671846
1 0.7332424538906694 0.7062203229575342 0.0151198858558109 0.0569780420933748
2 0.6427438482235356 0.4291202256871921 0.012538541356328991 0.035012036831702883
