2 0.990625 0.709375 0.01796875 0.06875
1 0.7796875 0.5671875 0.025 0.0265625
0 0.83125 0.4296875 0.01875 0.0421875
1 0.65859375 0.48671875 0.0140625 0.0453125
1 0.8359375 0.5828125 0.0171875 0.0421875
1 0.803125 0.525 0.015625 0.05234375
1 0.74375 0.553125 0.01328125 0.046875
1 0.5265625 0.46796875 0.01015625 0.04765625
2 0.5953125 0.5046875 0.0078125 0.05
1 0.6625 0.4203125 0.01328125 0.04375
1 0.8515625 0.575 0.0140625 0.053125
1 0.3328125 0.421875 0.0125 0.04296875
1 0.7171875 0.46875 0.0125 0.0484375
1 0.6984375 0.54765625 0.0125 0.04921875
1 0.5578125 0.53828125 0.009375 0.05703125
1 0.6015625 0.4125 0.0140625 0.040625
1 0.634375 0.60234375 0.0109375 0.06171875
1 0.58046875 0.6546875 0.01328125 0.0671875
1 0.778125 0.6125 0.01328125 0.06015625
1 0.48671875 0.5609375 0.0109375 0.0609375
1 0.35625 0.6421875 0.015625 0.06875
1 0.32578125 0.6328125 0.01875 0.0609375
1 0.15625 0.5421875 0.01171875 0.05546875
2 0.1453125 0.3453125 0.009375 0.03671875
