1 0.6066956538123085 0.39057538208145076 0.032921594155801516 0.006631808004454421
1 0.5720536469124496 0.46437596140990556 0.034538641233702094 0.009774989337999784
1 0.568920738632619 0.5533839174092693 0.0376636412337021 0.00981135200509069
1 0.35612863798399585 0.4446794373806342 0.04865568831160268 0.01306362133990877
2 0.5093139135515411 0.5394117767345423 0.04385909415580134 0.006759077339272501
1 0.5431782191508584 0.7342975627386785 0.039280688311602675 0.012954533338636054
1 0.540973422076253 0.24999528807286026 0.04237841477265238 0.01142839600572696
0 0.5006000178569074 0.040193026734542336 0.04703864123370209 0.00992044000636334
1 0.5733003214243346 0.6252952800763601 0.0376636412337021 0.009811352005090512
1 0.5386411290555422 0.4296191534054513 0.03919886769475163 0.008267033338636053
1 0.48304133440997815 0.8242044000636334 0.047120461850553144 0.014607940006363406
1 0.49414328652459377 0.2072714387332697 0.04555796185055314 0.014589758672817888
1 0.536863989443398 0.6857964280712695 0.042351141233702094 0.009865896005727137
1 0.4372950430174156 0.30658963872531547 0.04095228246740401 0.019222714672181597
1 0.49761493425111764 0.3166646200668152 0.043913641233702096 0.0098840773392725
1 0.2375282370077659 0.7651090213637713 0.06902273538950343 0.01642497867599957
1 0.3894219736150853 0.7411004513844522 0.053343188311602674 0.013118165340545218
1 0.49045699918592583 0.3540737133990879 0.043913641233702096 0.0098840773392725
1 0.42215483278842036 0.5579248720559974 0.050163641233702094 0.009956802673454135
1 0.44003643912238155 0.15040327339272455 0.050163641233702094 0.009956802673454224
1 0.496846915580136 0.6306543947326333 0.047120461850553144 0.014607940006363406
1 0.4703583279171564 0.7240771307288153 0.05010909415580134 0.006831802673454135
2 0.6224196598980931 0.664921401416269 0.034538641233702094 0.009774989337999784
