2 0.21134110658023122 0.6405370454530476 0.009738626670908879 0.03141364123370209
1 0.4335160985837311 0.6186286379839959 0.008194308004454243 0.032948867694751624
1 0.6494501812540037 0.5958298863591428 0.011410214672181595 0.04081591477265238
1 0.6025388185869127 0.5981366801906326 0.00981135200509069 0.0376636412337021
1 0.12637576058245842 0.6226443875802541 0.009738626670908879 0.03141364123370209
1 0.6559638105904126 0.5732827305149442 0.00981135200509069 0.0376636412337021
2 0.8778693666454555 0.17160500242904142 0.02278406667727211 0.07850682954530477
1 0.6029206265913671 0.5653241801906326 0.012918170671545326 0.03615568831160267
1 0.18033655458309475 0.6188978246740409 0.012845445337363426 0.029905688311602674
1 0.7944194252864566 0.35924927840362375 0.014735209341181488 0.05805796185055305
1 0.36748311326386685 0.5182371258091313 0.011446577339272502 0.043940914772652384
1 0.7097433385980485 0.5179600308392557 0.014607940006363406 0.047120461850553144
1 0.4417831319223672 0.5797025056787476 0.009847714672181596 0.04078864123370209
2 0.4838075472629123 0.5273002544609315 0.011446577339272502 0.043940914772652384
1 0.6303012866009121 0.4954753303527884 0.009956802673454312 0.050163641233702094
1 0.12316949192395805 0.5624199537328782 0.016079533338636143 0.03933523538950343
1 0.6182649106063209 0.4554133920411857 0.014680665340545218 0.05337046185055314
1 0.8027955466263655 0.3109481460983754 0.013263616008908574 0.06584318831160267
1 0.7377325259389119 0.4629685677708867 0.013136346674090582 0.054905688311602675
1 0.6469171692791388 0.41059181574229175 0.016279528007635945 0.056522735389503434
1 0.32604104793923006 0.4534382402574721 0.013081802673454223 0.05021818831160267
1 0.14903310526736666 0.4886375803560837 0.01306362133990877 0.04865568831160268
1 0.48349846459263973 0.5538627544609316 0.011446577339272323 0.043940914772652384
1 0.42871951058245844 0.6279218173671449 0.006613626670908879 0.031359094155801515
