1 0.2953125 0.459375 0.009375 0.04765625
1 0.159375 0.65 0.015625 0.065625
1 0.359375 0.4390625 0.009375 0.0578125
0 0.2203125 0.415625 0.0125 0.053125
1 0.465625 0.4640625 0.01328125 0.05390625
1 0.3421875 0.4296875 0.01328125 0.05703125
1 0.334375 0.53203125 0.0140625 0.05703125
1 0.3984375 0.40625 0.01015625 0.05078125
1 0.3046875 0.46015625 0.01484375 0.05546875
1 0.4609375 0.41484375 0.0125 0.05234375
1 0.453125 0.39296875 0.0109375 0.04921875
1 0.3765625 0.459375 0.0125 0.0546875
2 0.4890625 0.4625 0.0109375 0.0546875
1 0.18125 0.675 0.0265625 0.04609375
1 0.3796875 0.5578125 0.0171875 0.06484375
1 0.628125 0.428125 0.01015625 0.05234375
1 0.1515625 0.7046875 0.0203125 0.075
1 0.3484375 0.6546875 0.01953125 0.06796875
1 0.46875 0.63984375 0.015625 0.07578125
1 0.65390625 0.5421875 0.01484375 0.0609375
1 0.8359375 0.6546875 0.01796875 0.0828125
1 0.83125 0.4640625 0.0140625 0.059375
