1 0.6270210850480827 0.6884655721641785 0.017823997492717503 0.022675520678164317
1 0.4690936101209074 0.4626564352749104 0.008994566772189572 0.04098887303552932
1 0.399116079242095 0.41726685256225265 0.010102425705962936 0.02543664764263518
1 0.462684485747728 0.45689658684648693 0.008630853919208193 0.028488873035529317
1 0.6215977991547055 0.6897733610393081 0.017914925705962936 0.025800520678164317
2 0.3550705625490476 0.40507291356328856 0.007250210345698971 0.034666098428423456
2 0.8431020407749283 0.9286861195163635 0.01606292069139812 0.0694049714639526
1 0.4062609895086517 0.421500588294229 0.008721782132453625 0.031613873035529136
1 0.471650308788124 0.443270734489122 0.013591138558944494 0.038082196856846905
1 0.5885650241483878 0.4393538300220614 0.011846782132453626 0.03175942224974086
1 0.6051076664682559 0.4448054633966729 0.013409282132453626 0.031832196856846906
1 0.3935396806540208 0.46693936683027626 0.013636602665567033 0.039644696856846906
2 0.4826620166265404 0.4999573821317572 0.010647994985435005 0.04418664764263518
1 0.6188054197669611 0.7278726745215434 0.019051528371529968 0.06486302067816432
0 0.02365072947952187 0.49106164764263516 0.010647994985435071 0.04418664764263518
1 0.7243266794003796 0.4932686962331651 0.010647994985435005 0.04418664764263518
1 0.2873889690546806 0.4385895808506309 0.012028638558944316 0.03800942224974087
1 0.4925765742275301 0.46531055438149826 0.010466138558944316 0.03793664764263518
1 0.2815314256394559 0.5054132078151017 0.010693459092057721 0.04574914764263518
1 0.5940541576927673 0.5207493792362732 0.010647994985435005 0.04418664764263518
1 0.5810206117702601 0.6090841331652145 0.017079851411925872 0.050727746071058635
1 0.760778656439126 0.539437374893047 0.012301423198680439 0.04738442224974086
1 0.46638379875899405 0.5304068614535928 0.013818459092057723 0.045894696856846905
1 0.7795286564391259 0.5403106701783171 0.013863923198680439 0.047457196856846906
1 0.2966623321450889 0.5427869292790544 0.013863923198680439 0.047457196856846906
