1 0.4094401951560987 0.39273089608869965 0.012772710772388507 0.04753009724103805
1 0.5323514960911752 0.564468697988579 0.016061337235821684 0.07581887155129756
1 0.41744359269677067 0.4251339603130509 0.020621572208706952 0.05418953301668683
1 0.49742146330647136 0.33654177182386863 0.011228391490547907 0.050573210085908295
1 0.6333226018701529 0.3231675893275803 0.01593407220870695 0.05394387155129756
1 0.2972361527070334 0.5838239648356066 0.017569295081343927 0.06652575870642732
1 0.46486349336070065 0.3820114020815934 0.01593407220870695 0.05394387155129756
1 0.577045330792914 0.3214280269122513 0.009665891490547729 0.050491322930778536
1 0.4010237071581512 0.4236500254419132 0.015961343285945874 0.058631371551297565
0 0.11663507161953182 0.4362097376755282 0.014407933645025484 0.06011198439616763
1 0.3667941529034251 0.45045154285476785 0.014498837235821682 0.07573698439616763
1 0.4970310987468949 0.4037702154014335 0.009711343285945872 0.058303822930778536
2 0.5401452944921689 0.4265183186353654 0.012845433645025394 0.06003009724103805
1 0.44670436670087577 0.4845565479431505 0.01757838544042354 0.06808825870642732
1 0.5952600413689109 0.497089768205824 0.015997704722264316 0.06488137155129756
1 0.9008782614128773 0.37244613580039265 0.014407933645025395 0.06011198439616781
1 0.3091589149054777 0.4839501175945687 0.025372704722264317 0.0653726944820761
1 0.517580468963812 0.5777466259623116 0.022256795081343837 0.06677142017181659
1 0.9218316317279903 0.48153785278370587 0.017578385440423717 0.06808825870642714
1 0.7702554961893711 0.48713715683129183 0.01756929508134384 0.06652575870642732
1 0.5236986587571575 0.5547628273417926 0.019149975799503238 0.06973264586155707
