1 0.618983057542245 0.5489601985564938 0.013918656260602269 0.04113433596955503
1 0.5450346368536726 0.611263880381436 0.008849210344286363 0.03000583498097207
1 0.7073907931142748 0.5640811797734135 0.013700401451278843 0.03488433596955502
1 0.6306298856725462 0.5282020295831332 0.010848219962933215 0.04256950197716627
1 0.4583704505560034 0.6132348986702245 0.00734127404661713 0.03150466798477751
1 0.6796551735141614 0.5987572687087181 0.01035714664195524 0.02850700197716627
1 0.45282977868630453 0.5931770666550022 0.013536710344286185 0.030196835969555025
1 0.579627891662996 0.6036132064651593 0.015099210344286185 0.03026050296574958
2 0.9097891730508252 0.06278664072437817 0.02525794954451328 0.09776633794672149
1 0.27414178349562796 0.5942169377192601 0.00923115626060227 0.040943334980972065
1 0.47041658276998854 0.6033823961987667 0.010684528855940557 0.03788200197716627
1 0.47289923122604255 0.5322886461987666 0.013754965153609789 0.03644683596955502
1 0.7066988562684514 0.36049326475438553 0.02562004809323426 0.06345500494291585
1 0.7861978393934106 0.541366579963694 0.013864092558271323 0.039571835969555026
1 0.35601432078908896 0.4613779214076376 0.014409729581579888 0.0551968359695552
1 0.39073157197021535 0.5395374134989723 0.01251984736759475 0.045758168973360824
1 0.18221472224036778 0.4341336249814095 0.02060516587924912 0.053889003954332715
1 0.2818104397562302 0.5533372697344825 0.015481156260602268 0.04119800296574958
1 0.7889359481937507 0.44061716346179114 0.023730165879249122 0.05401633794672147
1 0.7129314649839736 0.584139011788636 0.015481156260602268 0.04119800296574958
2 0.6253421849469067 0.5455805305717163 0.020059528855940555 0.038264003954332715
2 0.3404190587233714 0.639884923384804 0.010739092558271324 0.03944450197716627
