1 0.5659057593697738 0.19389531762057377 0.026707945745273777 0.026237168320799586
0 0.4287057412194013 0.1487369830458892 0.04229658430895533 0.02071491439185813
1 0.48473250654110356 0.3187369598865254 0.04539431323171659 0.016172963606069856
1 0.5818580122966401 0.13691757154951517 0.04228749394987581 0.01915241439185813
1 0.5238546147559682 0.1724227320124319 0.05321590359079629 0.018099336641599174
1 0.5516341811109428 0.2304877890845265 0.04694772287263689 0.01468323821317572
1 0.4652143711988758 0.45164150517179574 0.046929542154477664 0.01155823821317572
2 0.502333096998379 0.38118130190480803 0.05004545179539797 0.010141287427387447
1 0.4183489824388026 0.31792363068852436 0.04382272287263689 0.014537688998963993
1 0.5741364158874364 0.12165644458504447 0.05320681323171659 0.016536836641599127
1 0.41799341667300327 0.6475383560814185 0.04382272287263689 0.014537688998963993
1 0.46710464500658927 0.2609801178682428 0.048510222872636885 0.014756012820281583
1 0.5459018106976338 0.276055000209397 0.050072722872636886 0.014828787427387446
1 0.5357086783804682 0.4171166478520322 0.056304542154477846 0.0119948858558109
1 0.4101819584346975 0.3792250037240536 0.04070681323171645 0.015954639784752266
1 0.6002166059753694 0.33757038896069197 0.06256363251355737 0.013848484284234264
1 0.6522467385871227 0.38903868962264576 0.06726022287263689 0.015629308105551853
1 0.6112091690106943 0.1933473540145039 0.05944772287263689 0.015265435070022582
1 0.5579513170423456 0.4871551660489972 0.06100113251355736 0.01377570967712849
1 0.6384422720591975 0.6138396364794927 0.06884090359079628 0.01882708271265763
1 0.628890010057145 0.6447450341221277 0.061046584308955334 0.02158820967712849
1 0.5372787060970065 0.8184972113342674 0.056322722872636885 0.015119885855811078
2 0.3403400735834491 0.8386043118296055 0.03755454215447766 0.011121590570540718
