1 0.7568813417681788 0.5495673379510766 0.011477720542635694 0.033085284639735944
1 0.5413984392395702 0.6387876476636374 0.01979086829088228 0.04112510517284953
1 0.569925155001844 0.6944071618494023 0.01646560919158375 0.03790917695960409
1 0.46052797347729635 0.5816450859060126 0.017266645588778218 0.0504091769596041
1 0.7272148257290498 0.5972319481384911 0.021553627390180984 0.044295569279472244
1 0.48322499383536205 0.6183100116119755 0.015303627390180985 0.04411371285298138
1 0.773669521133258 0.6173686033904829 0.023116127390180985 0.044341033386094963
1 0.7575216918604639 0.515146873844454 0.01640505243632351 0.06130121285298138
2 0.5979068599667761 0.5386799990755632 0.014442034237726276 0.05500574874635866
1 0.47767470311923077 0.546139494918928 0.014542163787375629 0.056568248746358664
1 0.28372564158360863 0.6046781059642723 0.012479016039128954 0.048710284639736125
1 0.7411562122185295 0.5506751968848499 0.01902940468807692 0.05357964106622681
1 0.44284912014580885 0.5521705345732291 0.017466904688076924 0.05353417695960409
1 0.5787062769933542 0.545165679796091 0.017266645588778218 0.0504091769596041
1 0.4316996715023983 0.46966191145369096 0.01776729333702498 0.0582216769596041
1 0.5718635965485408 0.4565207169431096 0.016605311535622037 0.06442621285298138
1 0.7816774899778507 0.3702662828573694 0.021593200184570095 0.06925010517284953
1 0.26159792258213244 0.4858455379384413 0.022154404688076924 0.053670569279472245
1 0.4333913818660012 0.41883519734706826 0.019830441085271565 0.06607964106622681
1 0.652549996917681 0.32111206584775287 0.020431218383167506 0.07545464106622682
1 0.3449062800756731 0.23623799452321664 0.03353199568106326 0.08519335391920828
2 0.32771786860464935 0.6998829573761981 0.01197836829088228 0.040897784639735944
