1 0.6706428809339252 0.47260915738601206 0.012479016039128866 0.04909306386197052
2 0.9702840445644174 0.8746369250670394 0.026681218383167504 0.07652964901126395
1 0.5528360148025113 0.3976634237296571 0.011878238741233105 0.03971806386197034
1 0.6740682695828732 0.4770781360986886 0.014542163787375629 0.05701482450563215
1 0.4323628284976017 0.42806075393527243 0.01227875693983016 0.04596806386197052
1 0.6607090715577714 0.36657767867333557 0.012378886489479513 0.04753056386197034
1 0.41901172732558256 0.4156535890845662 0.012178627390181163 0.044405563861970476
1 0.6239924305924717 0.773291854419805 0.01906897748246621 0.0791083457929556
1 0.5479272717423416 0.4435222269479658 0.012278756939830337 0.04596806386197052
2 0.4784343969730543 0.534704237843729 0.01650518198597286 0.0633740851492938
1 0.4707430104835746 0.48815701977471415 0.015904404688076922 0.05399908514929379
1 0.5012222524640102 0.46169842657964866 0.014041516039128865 0.04920232450563215
1 0.8585212176079751 0.5756145530430817 0.019930570634920743 0.06828010643661742
1 0.38025891039128956 0.45995524614160227 0.015904404688076922 0.05399908514929379
1 0.731501235345147 0.41812947099588094 0.014341904688076923 0.05388982450563216
1 0.27815259715762436 0.6177673821634162 0.016905700184570095 0.06962408514929379
1 0.4129595912975283 0.5416369348775218 0.01620479333702498 0.05868658514929379
1 0.6195192743632353 0.5687846708796653 0.01670544108527139 0.06649908514929379
1 0.6130678177002601 0.6273073650634667 0.019930570634920743 0.06828010643661742
1 0.3290456662513857 0.5302402489915938 0.017867422886674155 0.060358345792955605
1 0.2871036998708031 0.781939142807078 0.023956736581764736 0.08256112772394068
1 0.4799339450904411 0.6805630410620377 0.020030700184570094 0.06984260643661741
2 0.42881872146548633 0.3482639932916106 0.013540868290882458 0.04138982450563215
