1 0.43476942503455984 0.6001962378218402 0.04731150961864685 0.013318206168510116
1 0.608638456252753 0.48143042126217883 0.07554563702330856 0.0169341298696164
1 0.4673091065229055 0.5929564821397972 0.05383432813030105 0.02123980032431163
1 0.38012407585286645 0.5110149610364789 0.05038194591631599 0.011810253246410874
1 0.36912703375008193 0.37496836688067753 0.053670637023308564 0.016552300324311632
1 0.6238815434535467 0.7167094021874554 0.0662252007256395 0.018332988635914305
1 0.42501991360181435 0.5445911201270883 0.053670637023308564 0.016552300324311632
1 0.36640382703399277 0.43113654626382647 0.05032738221398514 0.010247753246410873
1 0.46553827539737946 0.6093218218313717 0.05835813702330857 0.016634120941162678
0 0.47312511922159517 0.8936559115229462 0.05986607332097762 0.01509889448011279
1 0.49173867684865835 0.6441331984545771 0.07549107332097763 0.0153716298696164
1 0.44733885770403187 0.5129689732113436 0.05813988221398514 0.010384120941162677
2 0.47083835588993334 0.4704365998345489 0.059811509618646855 0.01353639448011279
1 0.5272371780297848 0.5651139001588605 0.06778770072563951 0.01836026217486477
1 0.5423661263083533 0.41703095616521485 0.06460813702330856 0.01674321509696384
1 0.4230778906515056 0.10888544520816627 0.05986607332097767 0.015098894480112923
1 0.5242262838349 0.7024775324641087 0.06493551923729371 0.026118215096963836
1 0.6216568114248961 0.4964923595737815 0.066388891832632 0.023020488635914306
1 0.5325248125212045 0.09049572970416525 0.06778770072563951 0.018360262174864618
1 0.5354737416472976 0.24201731939573973 0.0662252007256395 0.018332988635914305
1 0.5987823066155727 0.4898468932590017 0.06940476442797028 0.019950035713814884
