1 0.36588282272436096 0.42709987294739166 0.012972714672181595 0.040697722872636885
1 0.437066932049634 0.3681430294650541 0.008157945337363515 0.029732951795398053
1 0.27660214672181566 0.40783172247985355 0.012899989337999785 0.034447722872636935
1 0.35518168006045175 0.4473487404338344 0.00986589600572696 0.04224204215447767
1 0.5238038633831795 0.3702100443939729 0.006613626670908879 0.031286361436318445
1 0.3027737480505886 0.374392508584207 0.009702264003817972 0.028179542154477665
1 0.5302902207192703 0.39055890583029135 0.012845445337363514 0.02976022287263689
1 0.40276465738381584 0.3741930415653025 0.01440794533736347 0.02976931323171659
2 0.0971911981221762 0.9005045149289188 0.023002242679817587 0.09700226502711473
1 0.7092691960534521 0.39784975194490757 0.008285214672181596 0.040670451795398146
1 0.5121942013844522 0.3795168667008758 0.00981135200509069 0.03755454215447766
1 0.51302145206077 0.45061061670087577 0.012918170671545326 0.03601022287263689
1 0.28678731074949615 0.6117834242752516 0.02416475334181776 0.06263635538619425
1 0.1987044133911337 0.42690845452587267 0.012954533338636099 0.03913522287263689
1 0.633434496737724 0.5270872791704665 0.013136346674090582 0.05476022287263689
1 0.5950072487269062 0.4471816105525557 0.011464758672817866 0.04537613251355736
1 0.8088344860757237 0.5624803993873837 0.019368165340545217 0.053234084308955334
1 0.7034919107256337 0.4384383905085891 0.014535214672181596 0.040706813231716585
1 0.20065835940481488 0.5276942497054125 0.02249316534054513 0.053252265027114734
1 0.2701157893857249 0.387482861043535 0.014535214672181596 0.040706813231716585
2 0.3596691853914519 0.4301885115110732 0.01918635200509069 0.037609084308955334
2 0.6407368247135433 0.34901682132494416 0.009829533338636055 0.039117042154477664
