1 0.08673762492617085 0.4595427885920637 0.01762759099298643 0.032433991701630305
1 0.09035278069398194 0.42762993776222674 0.020591904688076923 0.05442739087179334
0 0.09668671653746612 0.6228007278041832 0.017166516039128953 0.04950309253146727
2 0.0037439103959021626 0.33393729211654877 0.007487820791804325 0.07208848755244537
1 0.08872972393872176 0.4039556394219007 0.0163049228866742 0.0603221933613042
1 0.3769354210409729 0.6597375784335273 0.01510336829088237 0.041572193361304244
1 0.6350483096899209 0.6745859415104263 0.012178627390180986 0.044460395020978184
1 0.3063621051864141 0.6339787166060283 0.012479016039128954 0.04914789502097818
1 0.33592849167589367 0.5891165024987997 0.01394138648947969 0.047703794191141215
1 0.5168781030269457 0.6075383062377104 0.012579145588778217 0.05071039502097818
1 0.23306191240309956 0.4792660605873881 0.013179922886674156 0.060085395020978184
1 0.1687176125876697 0.405306497100215 0.019730311535622123 0.0652464917016303
2 0.40622000771502265 0.5457701668158098 0.01902940468807692 0.0543089917016303
1 0.42711230105204756 0.48926005768760295 0.014742422886674156 0.06020379419114121
1 0.2937781693429299 0.4383343298834199 0.018468200184570092 0.06981559253146727
1 0.13872972393872174 0.4077444128671175 0.01806768198597286 0.06356559253146728
1 0.23519730645071837 0.5806985060232848 0.01882914558877822 0.05118399170163031
1 0.5848828331303055 0.4038697771934164 0.020431218383167506 0.07618399170163026
1 0.3342110070967138 0.34640786162700643 0.020431218383167415 0.07618399170163022
1 0.3095230852897738 0.42539662199996864 0.018167811535622212 0.06512809253146727
1 0.6974224059246946 0.38727611827499103 0.026681218383167504 0.07665758838228234
1 0.5079710772702093 0.4647704657808357 0.01640505243632351 0.06188469336130424
1 0.7993482464562557 0.5363074593565658 0.02109255243632351 0.06223989087179334
2 0.7692044617571041 0.7616859676549355 0.010215609191583753 0.03809199585081515
