2 0.9753939891458661 0.23292766410004767 0.022353034825709273 0.06984206314006221
1 0.7570047580290588 0.38740087442574733 0.02639208163720568 0.028018584186749608
0 0.8013611883776406 0.5218977007905763 0.020960953188503238 0.043279563140062115
1 0.6316938195398765 0.47492253220531566 0.016437227498762752 0.04613154735504672
1 0.8140736295803563 0.36849968500556074 0.019398453188503594 0.04318855787839038
1 0.7782313048405555 0.42822329550066957 0.018409163274411534 0.05403505261671846
1 0.7203302736328909 0.4035564954441998 0.014956614653892508 0.047603042093374806
1 0.49867992367831954 0.5013624768165869 0.011831614653892686 0.04742103157003115
2 0.5693542718238687 0.46063949530302556 0.010432888964152199 0.05045502630835941
1 0.632119865446862 0.541101269051136 0.014792840343632995 0.04447804209337462
1 0.8292891938047073 0.37540213238884224 0.016846663274411356 0.05394404735504672
1 0.30251425260199183 0.5587408792638962 0.014792840343633085 0.0444780420933748
1 0.6893458672558843 0.48947858489262125 0.015038501809022265 0.0491655420933748
1 0.6747311685899369 0.41166439803268345 0.01512038896415202 0.0507280420933748
1 0.5336148456591584 0.42922987158314985 0.012322937584671224 0.056796031570031144
1 0.5707729296712133 0.5524629742563381 0.016191566033373662 0.04144404735504672
1 0.6135347190194781 0.3607081137612293 0.01421298620519007 0.06313703683170288
1 0.5623716887163248 0.31150404528890807 0.016021147670579338 0.0679155420933748
1 0.7578169855278215 0.3421793796874192 0.015611711894930557 0.0601030420933748
1 0.4637084594085398 0.4107143609892191 0.014131099050060315 0.06157453683170293
1 0.33749784147528683 0.33706330033881843 0.019228034825709096 0.06966005261671845
1 0.3065377685445083 0.3482129029414195 0.021943599050060315 0.06202956314006221
1 0.13225706354698272 0.448711973832815 0.015447937584671046 0.05697804209337463
2 0.11100178200063397 0.6462240106645181 0.01134029172311406 0.03804603157003115
