1 0.4234375 0.34765625 0.0109375 0.03828125
1 0.5171875 0.365625 0.009375 0.034375
1 0.4 0.365625 0.0109375 0.0359375
1 0.509375 0.365625 0.01171875 0.0359375
1 0.365625 0.3875 0.0125 0.03515625
1 0.7375 0.378125 0.0171875 0.04296875
1 0.4640625 0.38125 0.01328125 0.0359375
0 0.9640625 0.4671875 0.0109375 0.05234375
1 0.2609375 0.4046875 0.0140625 0.0375
1 0.5484375 0.4453125 0.009375 0.046875
1 0.415625 0.43828125 0.0125 0.04375
1 0.3109375 0.41875 0.01171875 0.04375
1 0.5203125 0.45625 0.0125 0.04453125
1 0.6234375 0.52421875 0.009375 0.053125
2 0.34765625 0.434375 0.01640625 0.0453125
1 0.203125 0.44375 0.0109375 0.04765625
1 0.8875 0.603125 0.0171875 0.0609375
1 0.39921875 0.609375 0.0203125 0.06171875
1 0.7328125 0.4328125 0.01484375 0.04375
2 0.17734375 0.884375 0.025 0.0859375
1 0.24921875 0.63671875 0.0125 0.0640625
1 0.2015625 0.5515625 0.01484375 0.0609375
2 0.6640625 0.3359375 0.0109375 0.03515625
1 0.41640625 0.4234375 0.01171875 0.04296875
