1 0.4335139355985421 0.5402526511443326 0.04087957313826394 0.013540868290882458
1 0.47023268559854214 0.5378996067275736 0.045603440729444424 0.015403756939830338
1 0.5062026339274308 0.3352962384366912 0.0629727786853472 0.02431768198597286
1 0.3726881512136117 0.6834204626799548 0.04396820554708327 0.012178627390180986
2 0.5551324028291323 0.4205736019472116 0.06300914627652787 0.025880181985972684
1 0.47618782560680584 0.3231361998800283 0.059811411094166725 0.022554922886674156
1 0.507711235751042 0.36649617366186654 0.05817617591180557 0.019329793337024892
1 0.4002481471295491 0.5901117512366177 0.04404094072944442 0.015303627390181162
1 0.41056478523795176 0.4282730852897738 0.045603440729444424 0.015403756939830338
1 0.4499617788727785 0.8099143090716121 0.053415940729444424 0.015904404688076922
1 0.5167050292540282 0.3831329611387953 0.06308188145888885 0.02900518198597286
1 0.6950280913743753 0.2793804981542987 0.07543641109416672 0.023556218383167415
1 0.49652308187506994 0.5581224691583598 0.05654094072944442 0.016104663787375628
0 0.4462580573706944 0.01243898750922796 0.058321646276527875 0.02487797501845592
1 0.5501403507767714 0.6430994440199321 0.06449891109416672 0.022855311535622213
1 0.5105076210096531 0.28494578501291856 0.05668641109416654 0.022354663787375627
1 0.6050083823119102 0.5801197802325566 0.06904094072944442 0.016905700184570095
1 0.585834929330278 0.2942020666297512 0.06620688145888884 0.029205441085271476
1 0.8181356702122222 0.12283250463270368 0.07892508700597238 0.03938147748246603
2 0.9528061834143406 0.8024222702104072 0.09438763317131879 0.040983550276855144
1 0.664967223401945 0.7022463016703564 0.07856141109416673 0.02375647748246603
1 0.7948806613785072 0.16579076265226816 0.08030574905006951 0.03166910703211538
1 0.6752208183886113 0.10069429365079192 0.06936824905006951 0.030968200184570104
2 0.3196131301277087 0.4536619139442591 0.039353440729444425 0.015003238741233105
