2 0.5177750207974278 0.4879592452657759 0.04744800296574958 0.014607940006363406
1 0.43430062901010424 0.6069552406110935 0.0411343359695552 0.012972714672181595
1 0.4310430474519924 0.22009103994272988 0.04451400395433271 0.019259077339272502
1 0.3910838923187961 0.27526943594845693 0.03651050296574958 0.014480670671545237
1 0.5457554407593717 0.5032660719287305 0.06013900395433271 0.01944089067472703
1 0.45947043087353984 0.4573728639401846 0.04594916996194378 0.016152258672817867
1 0.5870171107213155 0.5184183572565491 0.05838550296574958 0.014735209341181488
1 0.5800561393902276 0.6545013079249126 0.06339133794672147 0.022602253341817757
1 0.455684903193211 0.32610468260663916 0.045821835969555205 0.013027258672817866
1 0.5029259536109529 0.5647308306015484 0.053889003954332715 0.019368165340545217
1 0.6408318829272559 0.22781099124764032 0.06026633794672147 0.02256589067472694
1 0.48591623125410077 0.30074105593573025 0.05044566897336082 0.011519302673454223
1 0.697113716425353 0.2279377132400043 0.07627333992388792 0.03212270401018138
1 0.4822872124710204 0.21167855593573023 0.05369800296574958 0.01468066534054513
1 0.5354520217488299 0.09694334659454877 0.061446835969555205 0.013209072008272349
1 0.5660281314815622 0.6171467585932762 0.05682300296574958 0.014717028007635946
1 0.5650916670705565 0.7859876652610034 0.05994800296574958 0.014753390674726852
1 0.5195378616727176 0.12839334126354865 0.056886669961943956 0.016279528007636036
1 0.5325258592756218 0.907517767266094 0.053825336958138334 0.01780566534054522
1 0.48615624216569675 0.7478251412715029 0.053889003954332715 0.019368165340545217
1 0.5568255919382352 0.42966493992682153 0.05864017095052709 0.020985209341181487
2 0.3753978142950874 0.6959637439529113 0.03469333498097198 0.008212489337999784
