2 0.4850633778443168 0.4919109485996394 0.014880706168510116 0.047038632001909164
1 0.6045730827950109 0.4022570079169584 0.013209112012708779 0.04077045066836362
1 0.2176361444834082 0.4192568879694559 0.019513659090609536 0.04396817600254525
1 0.2730600300350674 0.37643304129536537 0.014689791395857821 0.03610113200190899
1 0.5002110909126858 0.519072885264185 0.01978639448011279 0.059593176002545434
1 0.4548088620160041 0.43524332527054826 0.016415932629559826 0.04549431333545435
1 0.5151269788999769 0.5595160719287305 0.015071620941162678 0.057976132001908987
1 0.6512826672115797 0.5454342959102769 0.02296594155801355 0.06275453866963616
1 0.32353158847705377 0.4383330572883658 0.013290932629559826 0.045457950668363625
1 0.5619395235422455 0.47305131325591265 0.01967730032431163 0.053343176002545255
1 0.22413774026406266 0.6285137093014106 0.02291139448011297 0.05962953866963616
1 0.297986117698047 0.46987395862509285 0.011810253246410874 0.05012726933481808
1 0.2239371428618504 0.6847546186346378 0.03255912986961631 0.07536362667090887
1 0.208923617698047 0.4709102946371832 0.014989800324311542 0.05328863200190916
1 0.09385199675688441 0.5300500319860006 0.013563668019063257 0.061082950668363625
1 0.6140008555231823 0.5333706479153675 0.015044347402212211 0.056413632001908985
1 0.7828872232179341 0.5235945638924595 0.01509889448011279 0.05953863200190899
1 0.12540200568533816 0.5124989053150918 0.016606847402212254 0.05643181333545435
1 0.9046355381527423 0.4846855105426875 0.01811480032431163 0.05332499466899989
1 0.7451747633959759 0.4467053472310957 0.01967730032431163 0.053343176002545435
1 0.4265281290621328 0.5339899079408209 0.02132162094116268 0.058048857336090796
2 0.6939452743530244 0.3387297625716407 0.0068500178569074425 0.03444772533418181
