1 0.5714286660488852 0.703125 0.05032738221398514 0.009375
1 0.6214286660488851 0.703125 0.053670637023308564 0.015625
0 0.6115105182258034 0.7546875 0.05049107332097762 0.0140625
1 0.6270239016209149 0.684375 0.053670637023308564 0.015625
1 0.5552406708582086 0.709375 0.059811509618646855 0.0125
1 0.5542361876484315 0.56875 0.05356150961864685 0.0125
1 0.5000150014355804 0.8953125 0.053670637023308564 0.015625
1 0.5810020734906137 0.6640625 0.053506945916316086 0.0109375
1 0.5093503067003907 0.8046875 0.059811509618646855 0.0125
1 0.4509177586071565 0.7421875 0.056795637023308566 0.015625
1 0.5626017922724205 0.7859375 0.05668650961864685 0.0125
1 0.585632520588056 0.5953125 0.05049107332097762 0.0140625
1 0.6061533517135821 0.57890625 0.05043650961864685 0.0125
1 0.5053919821982866 0.8703125 0.05674107332097762 0.0140625
2 0.5392808210435429 0.4984375 0.05663194591631608 0.0109375
1 0.5092237880112511 0.57734375 0.05361607332097762 0.0140625
1 0.5783929063454203 0.365625 0.05361607332097762 0.0140625
1 0.4131449400955022 0.734375 0.0571230192372937 0.025
1 0.39700901940692973 0.675 0.06164682813030105 0.0203125
1 0.4950000198702659 0.14765625 0.056795637023308566 0.015625
1 0.4018601442797027 0.1875 0.06310020072563952 0.0171875
1 0.42230161905195923 0.2359375 0.05992063702330856 0.015625
