2 0.50625 0.49765625 0.0140625 0.04765625
1 0.38828125 0.409375 0.01171875 0.04140625
1 0.775 0.421875 0.01796875 0.04453125
1 0.7203125 0.3796875 0.0140625 0.0359375
1 0.490625 0.525 0.01796875 0.05859375
1 0.5375 0.440625 0.015625 0.0453125
1 0.475 0.565625 0.0140625 0.0578125
1 0.3390625 0.553125 0.021875 0.06171875
1 0.66875 0.4421875 0.0125 0.0453125
1 0.4296875 0.4796875 0.01875 0.05234375
1 0.76484375 0.63125 0.021875 0.059375
1 0.69375 0.4734375 0.0109375 0.05
1 0.7640625 0.6875 0.03046875 0.075
1 0.7828125 0.4734375 0.0140625 0.05390625
1 0.896875 0.53125 0.0125 0.0609375
1 0.3765625 0.540625 0.0140625 0.05703125
1 0.2078125 0.5328125 0.0140625 0.059375
1 0.865625 0.5140625 0.01640625 0.05546875
1 0.08671875 0.4953125 0.0171875 0.05234375
1 0.246875 0.45546875 0.01875 0.05234375
1 0.5640625 0.5390625 0.0203125 0.0578125
2 0.3 0.346875 0.0078125 0.034375
