2 0.2558346441312785 0.6392641366963623 0.01119510523343692 0.03135908800127254
1 0.476208057313693 0.6160646360598154 0.009723610495108836 0.032903406667727356
1 0.6902859678652715 0.5920111600890868 0.013303636803468067 0.040752269334818084
1 0.6435929783886152 0.5945907200827234 0.01155912628012441 0.037609088001272536
1 0.16972283888372408 0.6218670040181355 0.011195105233436965 0.03135908800127272
1 0.6952163915710298 0.5694276354232686 0.01155912628012441 0.037609088001272536
2 0.888788026167185 0.1664860907860854 0.026425263083592655 0.07837953866963625
1 0.6416818678935063 0.5617782200827234 0.014593121018452494 0.036082950668363624
1 0.22335607309870859 0.6178067600254534 0.01422909997176518 0.029832950668363622
1 0.8185496628294786 0.3546031614417223 0.01742969468185862 0.057976132001908987
1 0.40324172319753054 0.5160640887173613 0.013485647326811855 0.04387726933481808
1 0.7450652021508433 0.5137958007638137 0.01679265785015538 0.047038632001908984
1 0.4817454257718968 0.5770930427275427 0.011741136803468066 0.04073408800127272
2 0.5200574968750539 0.524449848066497 0.013485647326811723 0.04387726933481808
1 0.6641491311182732 0.491774802752996 0.012287168373499214 0.050109088001272714
1 0.1623128863093579 0.561665300684272 0.01790013154179624 0.03924431333545435
1 0.649328496945641 0.4517856020846325 0.01715667889684287 0.05328863200190899
1 0.8235409997176513 0.30625656810944946 0.016322220990217674 0.06577045066836362
1 0.7691782653614926 0.45864522410085906 0.015685184158514786 0.05483295066836362
1 0.6748143443571575 0.40680036608845055 0.018901189420186527 0.0564318133354544
1 0.35732300746898477 0.45151069271163424 0.015412168373499213 0.05014545066836362
1 0.18299013637994505 0.48773745202099905 0.015321163111827296 0.04858295066836362
1 0.5216045863234753 0.5510123480664969 0.013485647326811723 0.04387726933481808
1 0.47206658888372405 0.6253850920591791 0.00807010523343692 0.03132272533418181
