2 0.4937253116916926 0.48205781943545095 0.047120461850553144 0.015153527735416717
1 0.5799474095009419 0.5979718005337495 0.04084318831160268 0.013445557370694416
1 0.574197610391151 0.21154399126319395 0.04407728246740419 0.019768292553055566
1 0.615430536527889 0.2652495663013189 0.03618296185055314 0.014898954597152781
1 0.4661088263021892 0.49831925228111074 0.059702282467404014 0.02013196846486114
1 0.5513020324706994 0.44948040235736064 0.04558523538950343 0.01667966014423623
1 0.4252110909126857 0.5148898096518051 0.0580579618505531 0.015408100873680653
1 0.4353382930240062 0.6505363689223607 0.06288182954530477 0.02332970364722229
1 0.5520305097425279 0.3182667699485412 0.045530688311602674 0.01355466014423623
1 0.510357658283126 0.5582020921368744 0.05345228246740401 0.019986498100139017
1 0.3646453323879738 0.22657349848138858 0.05975682954530477 0.02325696846486114
1 0.5212168863657334 0.29399412177215234 0.05019091477265238 0.012101262917777866
1 0.3083816956184987 0.22866398176388864 0.07554547077900686 0.03299564437666671
1 0.5227714780859027 0.20493162177215232 0.05337046185055314 0.015298998100138928
1 0.4669499464292775 0.09221472264583294 0.061155688311602674 0.013918336056041713
1 0.4484928579588143 0.6127454281929163 0.05649546185055314 0.015371733282499989
1 0.45335981575217765 0.7813135902370135 0.05962046185055314 0.015444468464861139
1 0.4835919756502708 0.12306467914284683 0.056522735389503254 0.01693423328250008
1 0.4887461164835263 0.90153451804868 0.05342500892845372 0.018423998100139016
1 0.5313854042259362 0.7404508944735759 0.05345228246740419 0.019986498100139017
1 0.4533281826328551 0.4252090606017357 0.0581670560063543 0.02165810087368065
2 0.6409064545502476 0.6847983468865272 0.03448409415580134 0.007050087005972294
