2 0.5035470020687242 0.532331058908826 0.047038632001908984 0.016519114653892684
1 0.41389306138604304 0.40973568464399507 0.04077045066836362 0.014629066033373661
1 0.4308929414385407 0.797109531885033 0.043968176002545434 0.021042840343632997
1 0.38806909476445 0.7402110786965297 0.03610113200190899 0.015945904567984216
1 0.5307089387332697 0.5181390841235967 0.059593176002545434 0.02186171189493056
1 0.4468793787396329 0.56059217774659 0.04549431333545435 0.017999727498762753
1 0.5711521253978151 0.5046431501569701 0.05797613200190917 0.017092324739800803
1 0.5570703493793616 0.3680505529159322 0.06275453866963616 0.02515048620519007
1 0.44996911075745044 0.6919240649017198 0.045457950668363625 0.014874727498762752
1 0.4846873667249973 0.4548268566248338 0.053343176002545435 0.021534163274411534
1 0.6401497627704952 0.7979261606724197 0.05962953866963616 0.024986711894930735
1 0.4815100120941775 0.7185618080043148 0.05012726933481808 0.013557888964152021
1 0.6963906721037225 0.8000928482570909 0.07536362667090887 0.03518058344622821
1 0.48254634810626784 0.8076243080043148 0.05328863200190899 0.016846663274411443
1 0.5416860854550853 0.9247166327441156 0.061082950668363625 0.015693599050060313
1 0.5450067013844522 0.40489545567489416 0.056413632001908985 0.017010437584671044
1 0.5352306173615442 0.2357360198992454 0.05953863200190899 0.01717421189493056
1 0.5241349587841764 0.8925658740376884 0.05643181333545435 0.018572937584671222
1 0.49632156401177213 0.11267697817613134 0.05332499466899989 0.019971663274411532
1 0.4583414007001803 0.2707451057203227 0.053343176002545435 0.021534163274411534
1 0.5456259614099055 0.5923135685197644 0.058048857336090796 0.0233423247398008
2 0.3503658160407254 0.3181789484388049 0.03444772533418181 0.008051517412854547
