1 0.5792954720042871 0.3617552228065837 0.03503056386197034 0.011979781743586493
1 0.493795742535306 0.5842706854639197 0.04429630321830871 0.011127676764564675
1 0.4717893385803631 0.4989018705268542 0.04462408514929379 0.015815176764564676
1 0.422434194764879 0.560147946461582 0.05065556386197034 0.013163773445216798
1 0.5234603712676529 0.27117868961310465 0.04128056386197052 0.012453378424238614
1 0.5278208172930396 0.4977645004009853 0.03815556386197052 0.012216580083912732
1 0.4688068141909465 0.6304595238462021 0.04462408514929379 0.015815176764564676
1 0.5133434180296739 0.5936689962518005 0.03804630321830871 0.010654080083912554
1 0.17486007223671823 0.6333057170070135 0.06871714901126431 0.026966164317009954
1 0.47606157533881144 0.48225882218652816 0.04429630321830871 0.011127676764564675
2 0.37082241828177537 0.5314202178322063 0.0572333457929556 0.018324870125868743
2 0.1775022871267653 0.017634095431252245 0.07663890965492604 0.029120660167825153
1 0.4170739774521688 0.3367463352587827 0.04618658514929397 0.015933575934727707
1 0.36897995692115 0.12435400165038517 0.058905106436617415 0.020005769296031907
1 0.4077818328803799 0.614101740652723 0.05421760643661737 0.01965057178554286
1 0.38762142423386015 0.34674921990679863 0.05087408514929388 0.016288773445216797
1 0.3167740566493779 0.5153108883729935 0.061920845792955606 0.018680067636357833
1 0.39280168906489576 0.6727430348438642 0.050874085149293966 0.016288773445216797
1 0.19811117398175856 0.4341578219860354 0.0697333457929556 0.019272063487172985
1 0.2673646464902488 0.6884649684569061 0.06203010643661733 0.020242567636357834
1 0.3241055914303547 0.45491784003266744 0.06024908514929388 0.016999168466194804
1 0.22766228016627438 0.48942473982753043 0.07296760643661733 0.021071361827499045
2 0.5890371867191073 0.5669512856690568 0.03346806386197034 0.01186138257342364
