1 0.3973938383371524 0.40458874249746496 0.013591027735416716 0.047165940729444425
1 0.515122932942569 0.5798770703853815 0.01737064437666671 0.07536367591180557
1 0.4044426189223607 0.43721940454156216 0.021548998100138973 0.05359777868534721
1 0.48687521884611085 0.35097147359576353 0.012101262917777689 0.05025457313826394
1 0.622958189210833 0.34155749316305506 0.016861498100139018 0.053488675911805575
1 0.2798030287822565 0.5923816428580553 0.018714938829583437 0.06602504350298624
1 0.4530444262930552 0.3954851930105551 0.016861498100139018 0.053488675911805575
1 0.5668172919843747 0.3381792264455551 0.010538762917777866 0.05021820554708336
1 0.38809092030913156 0.435257514248958 0.016970600873680564 0.05817617591180557
0 0.10377047169590241 0.43953266584381934 0.015444468464861139 0.05970230832062491
1 0.3531340388502427 0.4610576012549302 0.01580814437666671 0.07532730832062491
1 0.48453016242534686 0.41817715739135375 0.010720600873680652 0.05803070554708327
2 0.5269170309664579 0.4421770486338884 0.013881968464861139 0.05966594072944442
1 0.431930532866319 0.4974841041047219 0.018751306420763926 0.06758754350298606
1 0.5798952541809718 0.5143416829425689 0.017116071238402773 0.06442617591180558
1 0.8886728017680205 0.3986198850711798 0.015444468464860962 0.059702308320625085
1 0.2946123708222218 0.49287195212861085 0.026491071238402775 0.06464438145888884
1 0.4999882422131245 0.5927225625015968 0.023402438829583438 0.06613414627652787
1 0.9064213865897912 0.5083033563858326 0.018751306420763926 0.06758754350298606
1 0.7549134379765621 0.5094872627303466 0.01871493882958326 0.06602504350298606
1 0.5067655722852425 0.5699208421368746 0.02035017401194459 0.06918641109416672
