1 0.6059332110430694 0.592827463916322 0.006822744317957152 0.03288522533418181
1 0.5323417524389272 0.5577535772597306 0.009975017856907442 0.03448408800127254
1 0.4433610730557783 0.554102413271821 0.010029564934808199 0.03760908800127272
1 0.5532930008140742 0.3419285825907307 0.013345479707460584 0.04858295066836362
2 0.4576787175358912 0.49457287193668475 0.007013659090609537 0.043822725334181814
1 0.2626156335263596 0.5273051979630926 0.013181838473758489 0.03920795066836362
1 0.7468815393705582 0.5279189845640048 0.011673885551659246 0.04231476933481808
0 0.9568974675358912 0.48876393586891514 0.010193206168510471 0.04698408800127272
1 0.37143152597787765 0.5580637546149114 0.010029564934808199 0.03760908800127272
1 0.5672894967568844 0.5245410879217308 0.00849433847375849 0.039153406667727354
1 0.173067938314898 0.46664096530872834 0.014880706168510205 0.047038632001909164
1 0.7898736087695932 0.4813343385582777 0.014853432629559826 0.04547613200190899
1 0.31114859091268576 0.5212728266231839 0.010111385551659247 0.04229658800127254
1 0.690896366480231 0.42390419390518624 0.01945911201270878 0.04084317600254543
1 0.6804713352306428 0.48416953190645884 0.010138659090609537 0.043859088001272716
1 0.2335862471606262 0.22145518730109243 0.016825035713814974 0.06893181333545444
1 0.2567083271129681 0.37349894529759253 0.013427300324311543 0.053270450668363535
1 0.6431077029253947 0.47679338391154946 0.010138659090609537 0.04385908800127254
1 0.4396747857171103 0.4073001386060028 0.010247753246410873 0.050109088001272714
1 0.8470509090939047 0.42755481055064165 0.010247753246410696 0.05010908800127254
1 0.3665179293864443 0.4815739799490933 0.014880706168510205 0.047038632001908984
1 0.2732588530875504 0.4545398599618199 0.007122753246410873 0.05007272533418181
2 0.331523546270417 0.6069557879535477 0.009975017856907442 0.034484088001272714
