1 0.561005734907916 0.6428100440801782 0.010976041356328814 0.034484088001272714
1 0.6023392103008102 0.6448543494191324 0.01424659057054054 0.037645450668363625
1 0.17023949379925618 0.574165848026726 0.014828787427387446 0.05014545066836362
1 0.5841179032287156 0.6165020827498143 0.011412688998963994 0.04385908800127254
1 0.32912003412212776 0.6369851160486796 0.017517139784752268 0.04080681333545435
1 0.11686193672716164 0.5454045013526354 0.01490156203449331 0.051707950668363624
1 0.388555000209397 0.5524743033895428 0.011703787427387447 0.050109088001272714
1 0.20025028722249966 0.3493931146960441 0.021952082712657715 0.06896817600254534
1 0.19131828122664363 0.5243840240292714 0.013702935070022581 0.05950226933481808
1 0.2697536503332315 0.5018465000397709 0.018099336641599174 0.05330681333545435
2 0.5304535558337495 0.5267668734086329 0.016536836641599172 0.05328863200190899
1 0.23895956865403106 0.47491128270208927 0.01846320967712849 0.06111931333545435
1 0.7544689445850444 0.5840906667727224 0.017953787427387447 0.05018181333545435
1 0.7392849003332315 0.507309990770177 0.024640435070022625 0.05962953866963616
1 0.8007361306885243 0.42985770011135854 0.019952935070022448 0.05957499466899989
1 0.4182682330458892 0.43478736405949725 0.018608758891340216 0.06424431333545436
1 0.6087219509951852 0.5581628714194505 0.01966183664159917 0.05332499466899989
1 0.3032490086864524 0.33652149204327075 0.02380568114108117 0.0752363573360908
1 0.7320396346174658 0.44469181210213166 0.021660984284234176 0.06271817600254526
1 0.7907746257261257 0.5094724747771767 0.024640435070022625 0.05962953866963616
1 0.6240088107961481 0.44812480008749594 0.021660984284234176 0.06271817600254544
2 0.6550446792835636 0.6712628554264504 0.01112159057054054 0.037609088001272536
