1 0.33136155037066894 0.4238885145361353 0.014246038474587408 0.050072722872636935
1 0.7136085659797655 0.4870622428697213 0.012137901451278844 0.03443863251355737
1 0.5071750275051782 0.5358714058302914 0.010848219962933215 0.04224204215447767
1 0.6197469493748771 0.5568429568635637 0.010575401451278842 0.03442954215447767
1 0.3323883370311578 0.41686180971567516 0.020714293283910834 0.05635908430895533
1 0.40248503830495136 0.6024634873105764 0.012137901451278844 0.03443863251355737
1 0.667194868249351 0.5407094176359521 0.010684528855940557 0.037554542154477843
1 0.48197413086322277 0.5638555052645573 0.01046627404661713 0.031304542154477845
2 0.4970931885751038 0.4889282281371942 0.01079365626060227 0.040679542154477666
1 0.17856144338442728 0.4808237948849522 0.012356156260602269 0.040688632513557366
1 0.254503895291193 0.5437783128389331 0.010739092558271412 0.039117042154477845
1 0.6569939782308175 0.5195520351223949 0.010902783665263982 0.04380454215447767
1 0.7140277174310443 0.45268269769018143 0.014355165879249121 0.05319772287263689
1 0.14622265853803693 0.44469085216474047 0.017261911069925695 0.04696590359079629
1 0.383201814165667 0.5281174722834617 0.010684528855940557 0.037554542154477843
1 0.5801785070867581 0.481597517168414 0.014136911069925696 0.04694772287263689
0 0.006254928724788912 0.49387726502711465 0.012509857449577824 0.048519313231716585
1 0.3002082980084162 0.2642998910977643 0.02082342068857255 0.05948408430895542
1 0.5069989566312711 0.3842770895735127 0.011121038474587407 0.05005454215447776
1 0.7096676327621394 0.19713667963800474 0.021314494009550343 0.07354658430895541
1 0.1983407192451429 0.406705038834828 0.017316474772256552 0.04852840359079624
1 0.7522494584453697 0.34272643558993304 0.014464293283910834 0.056322722872636885
2 0.6396576560909663 0.6132202218906783 0.013700401451278843 0.034447722872636886
