1 0.5765625 0.34765625 0.0109375 0.03828125
1 0.4828125 0.365625 0.009375 0.034375
1 0.6 0.365625 0.0109375 0.0359375
1 0.490625 0.365625 0.01171875 0.0359375
1 0.634375 0.3875 0.0125 0.03515625
1 0.2625 0.378125 0.0171875 0.04296875
1 0.5359375 0.38125 0.01328125 0.0359375
0 0.0359375 0.4671875 0.0109375 0.05234375
1 0.7390625 0.4046875 0.0140625 0.0375
1 0.4515625 0.4453125 0.009375 0.046875
1 0.584375 0.43828125 0.0125 0.04375
1 0.6890625 0.41875 0.01171875 0.04375
1 0.4796875 0.45625 0.0125 0.04453125
1 0.3765625 0.52421875 0.009375 0.053125
2 0.65234375 0.434375 0.01640625 0.0453125
1 0.796875 0.44375 0.0109375 0.04765625
1 0.1125 0.603125 0.0171875 0.0609375
1 0.60078125 0.609375 0.0203125 0.06171875
1 0.2671875 0.4328125 0.01484375 0.04375
2 0.82265625 0.884375 0.025 0.0859375
1 0.75078125 0.63671875 0.0125 0.0640625
1 0.7984375 0.5515625 0.01484375 0.0609375
2 0.3359375 0.3359375 0.0109375 0.03515625
1 0.58359375 0.4234375 0.01171875 0.04296875
