2 0.7099210315700312 0.04241467162605926 0.06984206314006229 0.02195208271265773
1 0.5800192418957307 0.24672968237942622 0.028018584186749608 0.026237168320799586
0 0.4395160682605598 0.1887630169541108 0.043279563140062295 0.02071491439185813
1 0.506603399675299 0.3640755401134746 0.04613154735504672 0.016172963606069856
1 0.5923680524755441 0.19120742845048483 0.043188557878390196 0.01915241439185813
1 0.536466662970653 0.2213272679875681 0.05403505261671846 0.018099336641599174
1 0.5680498629141832 0.2820122109154735 0.047603042093374626 0.01468323821317572
1 0.49554334428657026 0.4952334948282043 0.04742103157003115 0.01155823821317572
2 0.5282578627730089 0.428193698095192 0.05045502630835923 0.010141287427387447
1 0.4399696365211194 0.3570763693114756 0.0444780420933748 0.014537688998963993
1 0.5836454998588257 0.1752185554149555 0.05394404735504672 0.016536836641599127
1 0.4607342467338795 0.6868366439185815 0.0444780420933748 0.014537688998963993
1 0.48522195236260474 0.3046448821317572 0.04916554209337463 0.014756012820281583
1 0.5652202655026668 0.327069999790603 0.0507280420933748 0.014828787427387446
1 0.5640357390531333 0.46725835214796785 0.056796031570031144 0.0119948858558109
1 0.43570634172632144 0.4176499962759463 0.04144404735504672 0.015954639784752443
1 0.6236389812312126 0.39367961103930804 0.06313703683170288 0.013848484284234264
1 0.6791224127588915 0.4500238103773542 0.0679155420933748 0.015629308105551944
1 0.6254227471574025 0.2504026459854961 0.0601030420933748 0.015265435070022626
1 0.5908327284592024 0.5394073339510028 0.061574536831702886 0.01377570967712849
1 0.6796816678088018 0.6736603635205073 0.06966005261671845 0.01882708271265763
1 0.6720812704114028 0.7036924658778723 0.06202956314006229 0.02158820967712849
1 0.5913303413027985 0.8690027886657326 0.0569780420933748 0.015119885855811078
2 0.39509237813450143 0.8707706881703945 0.03804603157003106 0.011121590570540718
