1 0.2203943801277087 0.4893029888018452 0.01013871941479163 0.03352289502097818
1 0.4275509570656947 0.4098559776036904 0.018133057370694417 0.04192739087179329
1 0.39424684137437527 0.3527412946153484 0.014935322188333355 0.038565592531467276
1 0.5131988227570142 0.47093703279249366 0.015226262917777688 0.05106559253146727
1 0.24582948480111147 0.44287827469461655 0.019768292553055566 0.045170790041956364
1 0.48736236815986145 0.43310514606988537 0.013518292553055566 0.04469719336130425
1 0.1977368237069448 0.4205171000046444 0.021330792553055568 0.0452891892121194
1 0.222756967133681 0.5237963879720082 0.013918336056041803 0.06188469336130424
2 0.37991485049243096 0.5076297041584736 0.012210365691319502 0.055516294191141215
1 0.499191527354167 0.505749740675945 0.012246733282499988 0.057078794191141216
1 0.6875442061157642 0.45607273985075236 0.01050239532659738 0.04914789502097818
1 0.23598301253652817 0.4889244805034755 0.016861498100138927 0.0543089917016303
1 0.5334028731938545 0.5013232724195316 0.015298998100139016 0.054190592531467276
1 0.39850119633211845 0.50201924420043 0.015226262917777867 0.05106559253146727
1 0.5517184217308337 0.5845977137062432 0.015408100873680653 0.05887809253146727
1 0.41305596523381993 0.5912476875617342 0.013991071238402953 0.06500969336130424
1 0.21129540311347278 0.6679840958554595 0.01878767401194459 0.07005239087179334
1 0.7199774592498963 0.5762910740838498 0.019986498100139017 0.054545790041956366
1 0.5544628684442019 0.6354973628764062 0.01715243882958344 0.06680899170163031
1 0.34438131325770893 0.723301325734235 0.01737064437666671 0.0761839917016303
1 0.658645141429966 0.8227624097668398 0.03008884992375016 0.08650618506293455
2 0.6353621506449307 0.3585339664055357 0.010320557370694417 0.04133539502097818
