1 0.3888864078695181 0.594801645545647 0.014015878424238615 0.04100694591631608
1 0.3916687883683492 0.558082895545647 0.015933575934727707 0.04574900961864685
1 0.5947471667925879 0.5244420494439966 0.025048466806520862 0.06320932813030104
1 0.2449695418928341 0.6540079760382009 0.012690176764564676 0.04407738221398514
2 0.5100178918974786 0.47448420026230326 0.026610966806520864 0.063263891832632
1 0.6065600825594903 0.5546206227649744 0.02324916846619498 0.06002976442797028
1 0.5635563663776694 0.5225695253973794 0.02000576929603177 0.05835813702330857
1 0.3386253761259316 0.627512452624556 0.015815176764564676 0.044186509618646855
1 0.5006284686573987 0.6190700139646341 0.015933575934727707 0.04574900961864685
1 0.11934350247557776 0.575205875042409 0.018088071785542816 0.05361607332097762
1 0.547020061813566 0.5133755746717401 0.029735966806520863 0.0633730192372937
1 0.6528826659673952 0.3361260831092606 0.024433160167825107 0.07565476442797028
1 0.371747374676039 0.531537753713015 0.016762370125868918 0.05668650961864685
0 0.9173432945921265 0.5881896132311455 0.026255769296031774 0.05857639183263199
1 0.28737329729141886 0.47689240453132176 0.023604365976683982 0.06471726442797028
1 0.6451615638881585 0.520719337918584 0.023012370125868743 0.05690476442797028
1 0.3510106674172877 0.42271582521989426 0.017709563487172987 0.06918650961864685
1 0.6367822240559835 0.44522826459760634 0.029972765146846925 0.0664980192372937
1 0.8109104987506001 0.21474713483069188 0.040294958508151166 0.07932540145127884
2 0.13276403319347904 0.06730160580511532 0.04218934523075957 0.10432540145127882
1 0.2295509871282381 0.36129219718226036 0.02466995850815117 0.07877976442797027
1 0.7676690616130732 0.23751994671892418 0.0326008576783142 0.08061508293962456
1 0.831386174265765 0.358025908877309 0.03189046265733601 0.07124008293962455
2 0.47417086720286183 0.7097942176854983 0.015459979254075584 0.03949900961864685
