2 0.009375 0.7097023822139852 0.01875 0.06940476442797028
1 0.2203125 0.5748809820286507 0.025 0.027435519237293704
0 0.16875 0.4355803798517324 0.01875 0.042842264427970275
1 0.34140625 0.4986409189592919 0.0140625 0.04580357332097762
1 0.1640625 0.5885416887447399 0.0171875 0.04278770072563951
1 0.196875 0.5318750264936878 0.015625 0.053670637023308564
1 0.25625 0.5620734471822604 0.0125 0.04731150961864685
1 0.4734375 0.4845015518062493 0.009375 0.047202382213985136
2 0.4046875 0.5188194989036917 0.0078125 0.050272818511654195
1 0.3375 0.4320982597034648 0.0125 0.044186509618646855
1 0.1484375 0.5801835517214313 0.0140625 0.05361607332097762
1 0.6671875 0.44517370089527547 0.0125 0.044186509618646855
1 0.2828125 0.4786260301218849 0.0125 0.04887400961864685
1 0.3015625 0.5581870445498552 0.0125 0.05043650961864685
1 0.4421875 0.5537227777596322 0.009375 0.05657738221398514
1 0.3984375 0.42641374409436833 0.0140625 0.04111607332097762
1 0.365625 0.6151116563454202 0.0109375 0.06288194591631609
1 0.41953125 0.6693378540758348 0.0125 0.06762400961864685
1 0.221875 0.6202480457309816 0.0125 0.059811509618646855
1 0.51328125 0.5788616762156862 0.0109375 0.061319445916316086
1 0.64375 0.6646677453603126 0.015625 0.06929563702330857
1 0.67421875 0.6563567375557643 0.01875 0.06159226442797028
1 0.84375 0.5716518992586621 0.0125 0.05668650961864685
2 0.8546875 0.37515884517497816 0.009375 0.03782738221398514
