1 0.703125 0.453125 0.009375 0.05
1 0.703125 0.403125 0.01484375 0.05234375
0 0.7546875 0.41484375 0.0140625 0.05
1 0.684375 0.396875 0.01484375 0.05234375
1 0.709375 0.46953125 0.0125 0.059375
1 0.56875 0.465625 0.0125 0.05234375
1 0.8953125 0.53125 0.01484375 0.05234375
1 0.6640625 0.4421875 0.0109375 0.05234375
1 0.8046875 0.51875 0.0125 0.05859375
1 0.7421875 0.575 0.015625 0.05703125
1 0.7859375 0.46484375 0.0125 0.05546875
1 0.5953125 0.43515625 0.0140625 0.05
1 0.57890625 0.4140625 0.0125 0.05
1 0.8703125 0.525 0.0140625 0.05703125
2 0.4984375 0.478125 0.0109375 0.05703125
1 0.57734375 0.5109375 0.0140625 0.05234375
1 0.365625 0.434375 0.0140625 0.053125
1 0.734375 0.6125 0.025 0.05546875
1 0.675 0.6265625 0.0203125 0.0609375
1 0.14765625 0.51015625 0.015625 0.05546875
1 0.1875 0.6046875 0.0171875 0.06328125
1 0.2359375 0.5859375 0.015625 0.059375
