1 0.28600524213731904 0.40898828038021484 0.011477720542635694 0.033413277297895935
1 0.2983061806016969 0.4741021406515328 0.01237888648947969 0.04747577729789594
0 0.17989614204503396 0.436704665328535 0.01902940468807692 0.05412629549649317
1 0.409616315550017 0.5855681716500565 0.025579793337024936 0.05921431369509058
1 0.4024558551864141 0.6360990977759332 0.02684190468807692 0.054626943244739934
1 0.2779529102436312 0.43671276218161753 0.015904404688076922 0.05392603639719447
1 0.22344947563676473 0.626196764341086 0.019830441085271565 0.06662629549649317
1 0.46991107033037893 0.5015727058877827 0.019229663787375628 0.057251295496493174
1 0.3160746715023982 0.4783786304725 0.017266645588778308 0.05090116594684382
1 0.38712765114433256 0.4468468306570701 0.01862888648947969 0.04787629549649317
1 0.36707955968992084 0.6495212476836482 0.020030700184570094 0.06975129549649317
1 0.1432112631136935 0.6296839073089705 0.022955441085271477 0.06682655459579187
1 0.2911957850129186 0.5238518167774094 0.019630181985972862 0.06350129549649317
1 0.6560641116648191 0.7794332973421946 0.031068329734219448 0.07201470234403846
2 0.4601064713178281 0.5566409376891854 0.019630181985972862 0.06350129549649317
1 0.38022110734588244 0.6770349784053167 0.022093847932816768 0.07766392504614253
1 0.20313697563676475 0.6248950801956448 0.019630181985972862 0.06350129549649317
1 0.13025828501291858 0.5135384731635295 0.01806768198597286 0.06340116594684382
1 0.6718788787836821 0.7529907132890384 0.02501858883351815 0.07473918414544123
1 0.6792360055555543 0.5157713155407918 0.019429922886674333 0.06037629549649317
1 0.47955977329272625 0.669280640033224 0.023556218383167505 0.07620155459579188
1 0.8280368460871154 0.6665094000553732 0.0311684592838688 0.07357720234403846
2 0.95830984114987 0.3963749776301243 0.01520349784053181 0.042988536397194556
