1 0.4828456976050918 0.21108256181356594 0.047320668973360826 0.014489475104890737
1 0.32826167387909555 0.33494888214921625 0.03813666996194396 0.018466580083912554
1 0.343145233156905 0.44753139252217844 0.03513900395433271 0.021354781743586494
2 0.4594069031188489 0.42314485393011464 0.05401633794672147 0.02590057178554268
1 0.3871406308757274 0.5337639678322061 0.04438666996194396 0.018940176764564675
1 0.4035348823957833 0.1314202178322062 0.049074169961943956 0.019295374275053723
1 0.5106987835746468 0.19651057633571303 0.058703837946721474 0.02625576929603186
1 0.38871505973491993 0.4760106674172877 0.04138900395433272 0.021828378424238615
1 0.4619031393158656 0.09428614812125583 0.046076503954332534 0.022183575934727685
1 0.44707799946852733 0.3625508960466634 0.05050933596955502 0.016288773445216797
1 0.4504537143738247 0.5281875514406037 0.05076400395433254 0.0225387734452168
1 0.45899170353659074 0.18485194853617432 0.06001166996194378 0.020124168466194893
1 0.5592583700013126 0.572124960359029 0.06313666996194378 0.020360966806520865
1 0.5668665760465423 0.38540621035902906 0.06788783695813834 0.022278664317010043
1 0.7038810977953721 0.27221728089517205 0.07882533695813834 0.023107458508151168
1 0.5954067756288005 0.621567930690035 0.06964133794672164 0.027084563487172985
1 0.408441333423735 0.7564551840140272 0.05369800296574954 0.01808807178554268
1 0.6713126314072001 0.11580226014924759 0.0727026709505271 0.02575886182749909
1 0.46163927068588456 0.6550693601538919 0.057205004942915846 0.02769987012586892
1 0.5115689920169725 0.7868036896131047 0.06326400395433271 0.023485966806520864
1 0.698458838366651 0.7111138375338678 0.07601867193911023 0.03068316016782511
2 0.3080686017125238 0.6776099788298684 0.04119800296574958 0.017140878424238615
