1 0.300273546270417 0.6272330438708206 0.009947744317957152 0.033303822930778534
1 0.317798011367381 0.564030358999683 0.010193206168510206 0.04736632293077854
0 0.19696731412732454 0.5874125480546921 0.016552300324311587 0.05394387155129756
1 0.43758045170757853 0.46630658921197926 0.022884120941162676 0.05895892017181659
1 0.4345605917234646 0.41532062132415487 0.024364800324311632 0.05435330732694634
1 0.2945144699715232 0.5987804952503015 0.013427300324311543 0.05378009724103805
1 0.255681615262415 0.40438204206179834 0.016770488635914304 0.06644387155129756
1 0.49074063352635955 0.5566726396415206 0.01660684740221221 0.05706887155129756
1 0.3358213084452817 0.5618470612836751 0.016497753246410875 0.050818871551297565
1 0.40394401704942384 0.6013875961093842 0.01644320616851016 0.04769387155129756
1 0.4004583271129681 0.3978941039113003 0.016825035713814884 0.06956887155129757
1 0.17614411972664187 0.39161204715018094 0.019895488635914303 0.06660764586155707
1 0.3147645146137919 0.5138256411118587 0.016715941558013637 0.06331887155129756
1 0.6984884983784422 0.30247421980838834 0.027789809252765352 0.07170458163720576
2 0.4854588441590966 0.5008763410210015 0.016715941558013724 0.06331887155129756
1 0.4157657272751239 0.37210953188503304 0.018523903408566512 0.07746325870642731
1 0.23536911526241502 0.4033175090451115 0.016715941558013547 0.06331887155129756
1 0.1538270146137919 0.5053912641334942 0.015153441558013592 0.0632369843961678
1 0.7120737114468112 0.33055495420455616 0.02159435633066593 0.07450203301668683
1 0.7001292702958347 0.5668642684289074 0.01666139448011279 0.06019387155129756
1 0.5139577654245707 0.3913309226582074 0.020059129869616398 0.07598264586155708
1 0.8603963888013654 0.4345098710970123 0.027844356330665933 0.07482958163720585
2 0.96805533563768 0.7177494962663544 0.013236385551659069 0.04284259724103805
