1 0.9953125 0.4984375 0.00859375 0.0484375
1 0.5328125 0.64765625 0.01796875 0.04765625
1 0.58828125 0.38671875 0.01015625 0.034375
2 0.45 0.5453125 0.0109375 0.0484375
1 0.346875 0.4546875 0.009375 0.0390625
1 0.72578125 0.5515625 0.025 0.04765625
1 0.465625 0.428125 0.01015625 0.0359375
1 0.4765625 0.48046875 0.01171875 0.04296875
1 0.5359375 0.475 0.01015625 0.03984375
1 0.721875 0.446875 0.0109375 0.04296875
1 0.5203125 0.6671875 0.0203125 0.0546875
1 0.3640625 0.7875 0.015625 0.071875
1 0.825 0.5703125 0.015625 0.053125
1 0.32109375 0.478125 0.0125 0.04453125
1 0.55 0.77421875 0.021875 0.06875
2 0.97890625 0.8109375 0.02578125 0.0734375
1 0.39375 0.5296875 0.0125 0.04921875
1 0.7125 0.6375 0.0171875 0.05546875
1 0.3140625 0.528125 0.01171875 0.05234375
1 0.2546875 0.55234375 0.0125 0.05078125
1 0.2765625 0.7265625 0.01875 0.0640625
1 0.4796875 0.7375 0.021875 0.06015625
2 0.3453125 0.36875 0.00859375 0.03203125
1 0.3453125 0.434375 0.0078125 0.0359375
