1 0.5955437645149694 0.6288506284042695 0.012028638558944316 0.037945668973360824
1 0.5012709272888085 0.6147018981759331 0.010375210345699059 0.03475700197716627
1 0.6184584272888085 0.6099268734613537 0.011983174452321776 0.03638316897336082
1 0.5090834272888085 0.614383563194961 0.013545674452321776 0.03644683596955502
1 0.652196929796091 0.5866511995450769 0.01350021034569906 0.03488433596955502
1 0.28059471443582706 0.6111789446393422 0.018460494985435096 0.04445033695813834
1 0.5539412862225817 0.5969122203053236 0.013545674452321776 0.03644683596955502
0 0.05144076035833427 0.531348159087529 0.012483279625171168 0.053570668973360824
1 0.7563843246232416 0.5651980108000527 0.015153638558944315 0.03807300296574958
1 0.4677022578510518 0.5362877380998208 0.01073892319868044 0.04725700197716627
1 0.6007193463308539 0.5379072934232976 0.013772994985435005 0.04425933596955502
1 0.7059751476636373 0.5531728546782734 0.013772994985435005 0.04425933596955502
1 0.49550900910469303 0.5242042321683218 0.013772994985435005 0.04425933596955502
1 0.39040632046660645 0.46043750391715166 0.010920779625171129 0.05350700197716627
2 0.6688017565974105 0.5390440290888415 0.016943459092057724 0.04594916996194396
1 0.8130602219576744 0.5237798319408604 0.012301423198680439 0.047320668973360826
1 0.12404788308216101 0.3922909762740038 0.018960600158284536 0.061637836958138334
1 0.6121472766556704 0.3661450399632565 0.02213106426490725 0.06332767095052709
1 0.28369097070403326 0.556300443650759 0.016897994985435094 0.04438666996194396
2 0.8260205938900785 0.08210432650365287 0.027500525864247293 0.08695617193911025
1 0.7613516547897733 0.33268925832859486 0.01436402837152997 0.06457183596955511
1 0.8114856986007094 0.41590366494466596 0.017398100158284534 0.06157416996194396
2 0.35525974531463944 0.6503740958182058 0.01193771034569897 0.03482066897336082
1 0.6003700053437694 0.5527828769213947 0.013772994985435005 0.04425933596955502
