1 0.4447099094254631 0.631796718114967 0.05043650961864685 0.01512038896415202
1 0.4922247386520727 0.24422811906490666 0.03475694591631608 0.012739017412854547
1 0.5493725836574147 0.44629523010075456 0.04251488221398514 0.01158595318850324
1 0.5657292152384277 0.3319494470840678 0.03470238221398514 0.01117651741285446
1 0.43765137757429773 0.6313839603130509 0.05690476442797028 0.021697937584671045
1 0.6201340061600857 0.5451178324301752 0.03475694591631608 0.012739017412854636
1 0.547686054168502 0.2859342622129303 0.03782738221398496 0.01134029172311397
1 0.578343321043543 0.4690400113084191 0.031577382213985136 0.011012743102595124
2 0.5029068114248962 0.46047059475464713 0.04095238221398514 0.011504066033373483
1 0.5077878067003908 0.7795481433751662 0.04100694591631608 0.013066566033373483
1 0.567559621583848 0.6981476571699761 0.03938988221398496 0.011422178878243728
1 0.526974250084818 0.29797723880718185 0.04407738221398514 0.011667840343632996
1 0.4578770205032381 0.24681088647776123 0.05356150961864685 0.015284163274411533
1 0.4730234263005041 0.8150252979431505 0.047420637023308565 0.018081614653892686
1 0.5466791479927178 0.5708824722988386 0.03782738221398514 0.011340291723114149
1 0.4922024352013608 0.37806753053029596 0.04731150961864685 0.014956614653892508
0 0.5279068776591158 0.9522486589789985 0.04892857332097762 0.016601001809022263
1 0.2866171564302383 0.6768679579382016 0.06002976442797028 0.02186171189493056
1 0.3980010566155728 0.4597070341483406 0.05032738221398514 0.011995388964152021
1 0.20287206197305033 0.27348068634147565 0.07409226442797028 0.022598696291098362
1 0.4329688559747513 0.7662502832438294 0.048983137023308566 0.018163501809022264
1 0.34652036905195926 0.2182089309144087 0.05668650961864685 0.015447937584671046
2 0.6212153234057957 0.3071265094993968 0.03481150961864685 0.014301517412854547
