1 0.5371887279599109 0.3331166827069603 0.04698408800127272 0.01265281930985207
1 0.34814550397836463 0.18384938418022864 0.06580681333545453 0.020213947033792888
1 0.5567557932845477 0.39859957107456284 0.057921588001272714 0.013417643815484225
0 0.5818114319700923 0.2611759807294889 0.053270450668363625 0.016214861884498964
1 0.5305194626034575 0.5031014007759751 0.053270450668363625 0.016214861884498964
1 0.5663307879535475 0.3820676349365333 0.05639545066836362 0.016433383171822413
1 0.4640779446212748 0.3670985627766896 0.056413632001908985 0.017995883171822415
1 0.5891137599459115 0.43995654459145933 0.050109088001272714 0.012871340597175518
1 0.5362983899586382 0.34243705238512945 0.05643181333545435 0.019558383171822413
1 0.5797927566040938 0.5018556110513198 0.053270450668363625 0.016214861884498964
1 0.601758663271821 0.495572760062584 0.05012726933481808 0.014433840597175517
1 0.5362432986155478 0.41436668270696037 0.05483295066836362 0.016324122528160602
2 0.5318092426002757 0.5266481614196369 0.05481476933481808 0.0147616225281606
1 0.3228909653087284 0.20397621388164086 0.04718408267027252 0.02984031930985207
1 0.4377694359484569 0.41060826215627094 0.0658249946689999 0.02177644703379289
1 0.5645661039147312 0.668114395580195 0.053234088001272536 0.013089861884498965
1 0.2935489106460919 0.17221276165206792 0.0752363573360908 0.025557010895763278
1 0.3412580626193658 0.37258410224924343 0.06896817600254534 0.02355746832111638
1 0.35470184993636655 0.49393457836403 0.07518181333545444 0.020869510895763277
1 0.4502036119112313 0.6859196185928884 0.06111931333545435 0.019886165102807673
1 0.33558548655318704 0.8600841022492436 0.08303067600254535 0.024540814114072163
1 0.5262650305538233 0.8687264007759751 0.05953863200190899 0.018214404459146037
