1 0.47849891339417605 0.27427289744343675 0.04751203683170289 0.013394114653892508
1 0.3219465345538029 0.3789117305509805 0.03841005261671846 0.017590291723113972
1 0.3348344004517579 0.4939978199901024 0.035467063140062205 0.020551517412854638
2 0.45136945306847637 0.4844324694697041 0.05439907366340595 0.024659163274411533
1 0.3772578479056266 0.5863391282215599 0.04466005261671846 0.017917840343633175
1 0.40069170278612776 0.18399537822155987 0.04934755261671846 0.01816350180902231
1 0.5065707054875508 0.2632059226582074 0.05908657366340577 0.024904824739800803
1 0.379843792587485 0.528485684643995 0.041717063140062204 0.02087906603337366
1 0.45963406328123657 0.15417175938379582 0.04640456314006229 0.021124727498762798
1 0.4401204109045144 0.4219357914959714 0.0507280420933748 0.015120388964152198
1 0.4405846005364625 0.5888743080043148 0.051092063140062295 0.02137038896415202
1 0.45513700810426927 0.2448377029613607 0.06028505261671846 0.018736711894930556
1 0.5484734242704555 0.6470320460185273 0.06341005261671846 0.01890048620519007
1 0.5593485530402414 0.4603132960185272 0.0681885578783902 0.02070864767057934
1 0.6981674003105836 0.36414870420455614 0.07912605787839037 0.02128185775648763
1 0.5837059980044487 0.7013820313192062 0.07002407366340577 0.025478034825708918
1 0.3946218402248803 0.8129359277465902 0.05394404735504663 0.016846663274411356
1 0.6683874370011121 0.20272652532631233 0.07305806840173404 0.024079309135968608
1 0.44952841907937086 0.7178591231331772 0.05761507892507769 0.026385437584671045
1 0.49707971131392004 0.8567036171402833 0.0635920631400623 0.022025486205190247
1 0.685049419149958 0.8046475514455942 0.07645608418674961 0.02893058344622821
2 0.29576638224766794 0.7207716819304615 0.04144404735504663 0.016191566033373662
