1 0.45488338512439197 0.32785949061620423 0.020386911069925694 0.04785764586155707
1 0.39030249683513907 0.5917039846233104 0.010575401451278842 0.034866322930778536
2 0.5341219626217211 0.4258632213943273 0.01262897477225664 0.04901071008590829
1 0.6340822678865313 0.5110836691557636 0.010739092558271324 0.03955382293077854
1 0.25855896743104434 0.4340663042747286 0.026636911069925696 0.0481851944820761
1 0.5144046849469067 0.5438695929456248 0.010629965153609788 0.03642882293077854
1 0.5052950689749904 0.4920990530315331 0.014027783665263981 0.04440509724103805
1 0.4457290960168324 0.5006795149264637 0.01079365626060209 0.041116322930778534
1 0.25880944937487704 0.5385490863869042 0.012465283665263982 0.044323210085908296
1 0.46806543140352763 0.30767314337516616 0.022222229581580065 0.05575203301668683
1 0.6285168364830036 0.179171927862191 0.0181349303072194 0.07269387155129751
1 0.15999498185901465 0.4205161386254678 0.01748016587924912 0.05394387155129756
1 0.6606819734214942 0.4862950310961228 0.014027783665263981 0.04440509724103805
1 0.4421155450131913 0.20219774932263146 0.024275802902557687 0.06989642017181649
2 0.014527519511370778 0.18795702340574832 0.029055039022741556 0.07482958163720577
1 0.5898263255984124 0.43854028380965626 0.014246038474587408 0.05065509724103805
1 0.27484122105924147 0.34743276345612567 0.019151793283910833 0.057150758706427315
1 0.6694592618960815 0.435926538898039 0.014355165879249121 0.05378009724103805
1 0.7296799992822098 0.40859607700310835 0.014246038474587408 0.05065509724103805
1 0.7138888520921002 0.23552374717492489 0.020987111795565026 0.06504514586155699
1 0.5111457980084162 0.23523157734179262 0.023948420688572548 0.06052142017181659
2 0.6326437642583342 0.596939282000634 0.01046627404661713 0.03174132293077854
1 0.6349354397562301 0.5313142820006339 0.009067465153609788 0.036346935775648605
