1 0.3921875 0.66015625 0.0171875 0.02265625
1 0.54375 0.44140625 0.0078125 0.03984375
1 0.6125 0.39921875 0.009375 0.02578125
1 0.55 0.4359375 0.0078125 0.028125
1 0.39765625 0.66171875 0.0171875 0.025
2 0.65625 0.3890625 0.00703125 0.034375
2 0.1828125 0.890625 0.0140625 0.06953125
1 0.60546875 0.403125 0.0078125 0.03203125
1 0.540625 0.421875 0.01171875 0.03671875
1 0.4234375 0.4125 0.0109375 0.03046875
1 0.40703125 0.4171875 0.0125 0.03046875
1 0.61953125 0.44921875 0.01171875 0.0390625
2 0.53125 0.478125 0.00859375 0.04375
1 0.4015625 0.7 0.0171875 0.0640625
0 0.990625 0.490625 0.01015625 0.04453125
1 0.2890625 0.46015625 0.01015625 0.04453125
1 0.725 0.42578125 0.0109375 0.0375
1 0.5203125 0.44296875 0.009375 0.03828125
1 0.7328125 0.49296875 0.01015625 0.0453125
1 0.4203125 0.49375 0.009375 0.04453125
1 0.4359375 0.5828125 0.01640625 0.05
1 0.25390625 0.5046875 0.0109375 0.046875
1 0.5484375 0.509375 0.0125 0.0453125
1 0.23515625 0.5046875 0.01328125 0.04765625
1 0.71875 0.5296875 0.0125 0.04765625
