1 0.43709483690906303 0.6710963389724857 0.05029094072944442 0.014537343878220454
1 0.48908590947864605 0.28920435182406695 0.03462957313826394 0.012338173916276585
1 0.5438500639232989 0.49592919570228744 0.04240570554708327 0.011094008897248564
1 0.5615259135627086 0.38347561665281454 0.03459320554708327 0.010775673916276674
1 0.4300454031134728 0.6700285874896109 0.05668641109416672 0.021042011862998145
1 0.6134196411456255 0.6010106265386463 0.03462957313826394 0.012338173916276673
1 0.5440286358272919 0.3359321131927735 0.03771820554708327 0.01090300790866543
1 0.5725387615865977 0.5212939516337866 0.031468205547083274 0.010648339923887917
2 0.49724782085715324 0.5057379358164558 0.040843205547083275 0.011030341901054185
1 0.4984168094579868 0.8242332678316782 0.04087957313826394 0.012592841901054187
1 0.559098429898959 0.7486549476794538 0.039280705547083274 0.010966674904859808
1 0.5231894589655559 0.3460101087441492 0.04396820554708327 0.011157675893442942
1 0.4547290932742364 0.28858492790779033 0.053415940729444424 0.014664677870609388
1 0.4632612126683687 0.8563626769192073 0.04723867591180557 0.017535009885831697
1 0.5397100374221533 0.6198614442194128 0.03771820554708327 0.01090300790866543
1 0.48750783852458374 0.4226071008354838 0.0471659407294446 0.014410009885831698
0 0.5165161120790286 0.9951128411782072 0.04876480832062491 0.009774317643585561
1 0.2785744753018061 0.7013210553606577 0.059811411094166725 0.0211693458553869
1 0.39241485049243097 0.4952222470714315 0.05021820554708336 0.011412343878220455
1 0.19956946779927107 0.2914566240300073 0.07387391109416672 0.021742348821136393
1 0.42379801595500066 0.8040215855124446 0.04880117591180557 0.017598676882026255
1 0.3437727562682641 0.24972140467608578 0.05654094072944442 0.014792011862998144
2 0.6172667672861809 0.3638926285158127 0.03466594072944442 0.013900673916276673
