2 0.404224827564876 0.768563939208076 0.03174132293077854 0.01046627404661713
1 0.4183781015364511 0.5457886381196169 0.0332219357756486 0.008958337748947897
1 0.4336401741285454 0.3292360551799923 0.04119821008590829 0.012356156260602269
1 0.43297178878243797 0.37622018258465406 0.03799132293077854 0.010684528855940557
1 0.4250939275194474 0.8531472703336019 0.03174132293077854 0.01046627404661713
1 0.45596887550802645 0.3221948814961949 0.03799132293077854 0.010684528855940557
2 0.8500553109449909 0.09084810074133785 0.07927142017181658 0.024603185116542803
1 0.465784288782438 0.37507434483570606 0.03659259724103805 0.01375496515360961
1 0.4269563206674709 0.7990773292266095 0.03034259724103805 0.013536710344286362
1 0.665250943011738 0.1787003087233714 0.058549484396167625 0.01608135698624169
1 0.5211179992070305 0.6095113430216076 0.04440509724103805 0.014027783665263981
1 0.5094347122336148 0.26710558821228414 0.0476119843961678 0.015699411069925694
1 0.45703116576080244 0.5366120455613455 0.041116322930778534 0.01079365626060227
2 0.507986156149864 0.49335062968209636 0.044323210085908296 0.012465283665263982
1 0.5347047071452322 0.3460564782308176 0.050491322930778536 0.011121038474587407
1 0.4854548954072718 0.854952817793864 0.03988137155129756 0.016989092558271322
1 0.5752035543862701 0.3571651038213807 0.05386198439616781 0.015917665879249122
1 0.7132790072360893 0.16919633395111489 0.06628009724103805 0.014791675497895973
1 0.5634704370188441 0.23782482677953878 0.05534259724103805 0.014409729581579888
1 0.6190420855939347 0.32745775645378594 0.05706887155129756 0.017589293283910835
1 0.5873914523955338 0.6494617312260424 0.05065509724103805 0.014246038474587408
1 0.5583634509251958 0.8273610419331483 0.04909259724103805 0.01419147477225664
1 0.481423656149864 0.49427821262172095 0.044323210085908296 0.012465283665263982
1 0.4092487630018404 0.550803520333602 0.03157754862051902 0.00734127404661713
