1 0.7022594814804964 0.4586865982570908 0.01191964664195524 0.028698210085908116
1 0.4920040277596322 0.4671630823145743 0.010684528855940557 0.03799132293077854
2 0.5553968943645208 0.5406691813646346 0.012410719962933215 0.042760710085908295
1 0.6887351840202345 0.5180239767057933 0.010575401451278842 0.034866322930778536
1 0.4233085914619631 0.4651225474888652 0.009012901451278843 0.034784435775648784
1 0.849610685834333 0.569345216529028 0.017261911069925518 0.04769387155129756
1 0.6313666281224519 0.48304478912112225 0.010575401451278842 0.034866322930778536
1 0.7813591936388813 0.5353553188584487 0.012356156260602269 0.04119821008590829
1 0.37316474772256536 0.5030452713695834 0.012356156260602269 0.04119821008590829
1 0.580704429210911 0.5061237630018404 0.007559528855940556 0.03782754862051903
1 0.17222229581579956 0.5548999412027157 0.011066474772256552 0.048928822930778534
1 0.41593509028083664 0.5442777809805218 0.012356156260602092 0.04119821008590811
1 0.26861365697839246 0.50146508197589 0.012356156260602269 0.04119821008590829
1 0.3347222958157995 0.5634162053362098 0.011121038474587407 0.050491322930778536
1 0.7316865758528663 0.5421099298942966 0.012301592558271323 0.03963571008590829
1 0.31245048093234234 0.6402310108541338 0.011230165879249122 0.05361632293077854
1 0.7466965061600858 0.6146400271353347 0.011011911069925695 0.04736632293077854
0 0.9835218943645205 0.5631062618701866 0.012574411069925873 0.04744821008590829
1 0.8636111876484316 0.612969063770066 0.015808538474587408 0.050736984396167625
1 0.4551092068857252 0.616514629126071 0.014246038474587408 0.05065509724103805
1 0.5210442309323423 0.6511629460639557 0.014246038474587408 0.05065509724103805
1 0.30008194490482565 0.7549961957252714 0.016299611795565116 0.06479948439616763
2 0.38913199890369166 0.4243404172311404 0.010575401451278842 0.034866322930778536
