2 0.5259227227022978 0.5296470361845331 0.04752997146395259 0.01624573821317572
1 0.6087094898658055 0.4157900514860141 0.04120719685684691 0.014392139784752267
1 0.6142212051245053 0.8019266046291673 0.044623295285270356 0.020787688998963817
1 0.6538615938758003 0.7492040190210254 0.03659247146395259 0.015736315963434677
1 0.49785122663123926 0.5127484805601806 0.060248295285270356 0.021515435070022626
1 0.584409464844415 0.5635533093438969 0.04604024607105863 0.017735463606069857
1 0.45649848056018066 0.4952313407754284 0.05846747146395277 0.016755160462916762
1 0.46266708974197107 0.3598760376322752 0.06351884449948209 0.024785984284234352
1 0.588960031841307 0.694730534736791 0.045894696856846905 0.014610463606069856
1 0.5403255169541108 0.4539214441662505 0.05399829528527036 0.021224336641599173
1 0.40437317017831714 0.7820185572769823 0.06039384449948204 0.02464043507002245
1 0.5588744255550007 0.718275042594674 0.050509422249741046 0.013266287427387446
1 0.3480867828747643 0.7786174214211714 0.07645549214211708 0.03474318114108108
1 0.5630225781600345 0.8073375425946739 0.05377997146395277 0.016536836641598995
1 0.5105226244787622 0.9187073821317572 0.061519696856846905 0.015338209677128489
1 0.47691368031251163 0.39795823448912204 0.05690497146395277 0.016682385855810812
1 0.4768665227450791 0.22957210752465135 0.06002997146395259 0.016827935070022625
1 0.526254632336645 0.8882579028099216 0.056977746071058634 0.018244885855811077
1 0.5087264906943751 0.11022494809519193 0.05392552067816432 0.01966183664159917
1 0.5560296379227255 0.2722369505763913 0.05399829528527036 0.021224336641599173
1 0.4872091331652145 0.5855310090962279 0.058758569892376045 0.023005160462916764
2 0.6670977245643247 0.3304197857702484 0.03473887303552914 0.009413541356328903
