1 0.3605003124958809 0.5954532272751238 0.05021818831160267 0.01337275324641105
1 0.3985457832748877 0.6260486623403156 0.044077282467404014 0.019513659090609536
0 0.448933341309837 0.7369219326328551 0.05024546185055314 0.01493525324641105
1 0.4722208368456101 0.7279190795486 0.06905000892845373 0.018387535713814886
1 0.38532698863261905 0.5403157138824433 0.05646818831160268 0.01348184740221221
1 0.49143448700776593 0.754154297081196 0.06118296185055314 0.015126168019063257
1 0.49181276785361216 0.507197476464345 0.06589773538950343 0.016770488635914304
1 0.49611625851812136 0.6642014529253946 0.06606137662320535 0.026145488635914305
1 0.5299515162287591 0.7222224586074375 0.07861592370110611 0.02948867694751698
1 0.3922104139585782 0.352638435879266 0.06444432954530477 0.022993215096963927
1 0.45432422483290125 0.6875940884770537 0.05822160308425506 0.024446620941162678
2 0.34970353977100477 0.24553504789197483 0.06277273538950343 0.016715941558013547
1 0.4569934829505762 0.5718872678602028 0.07217500892845372 0.018442082791715643
1 0.37709570291880407 0.4716884448077197 0.06452615016215582 0.027680715096963838
1 0.4358139581938098 0.6121128474055075 0.05975682954530477 0.02291139448011279
1 0.49998950648952645 0.5726997455390684 0.06142842370110611 0.02918866801906326
1 0.46601610673440774 0.3724503295486 0.07521818831160268 0.01380912986961631
1 0.33375125730360067 0.22705778328147827 0.06277273538950343 0.016715941558013547
1 0.5279763644450455 0.4299804115295368 0.08152273538950325 0.017043224025417737
1 0.575086738225582 0.7112752759778775 0.09728410308425524 0.025128459414921166
1 0.5530352711033183 0.07474744075053 0.08481137662320534 0.02647277110331836
