1 0.6119220378034029 0.1411614532096507 0.016425087005972294 0.03528505261671846
2 0.9564144134657994 0.9260931061510702 0.014971689779513752 0.03988154735504672
1 0.546043771085903 0.20132467946154026 0.016497822188333445 0.03841005261671848
2 0.48826633225631955 0.1389758688817268 0.010102351823611144 0.0317960315700311
1 0.7008767414506252 0.19856515855602716 0.013409189779513931 0.039790542093374806
1 0.5555278738594447 0.2054661478915091 0.013518292553055566 0.04447804209337478
1 0.6456073599917362 0.17675034271454187 0.011883057370694417 0.04126203683170293
0 0.03899629692145861 0.330992394766563 0.013881968464861161 0.0601030420933748
1 0.6992603432742364 0.2299516664485349 0.01675239532659738 0.04934755261671846
1 0.5658120636389585 0.24398261632147805 0.012101262917777866 0.050637036831702883
1 0.6714983659756599 0.2135755085277923 0.016643292553055744 0.04466005261671846
1 0.5347802691860419 0.255177721554915 0.010611498100139016 0.05367103157003115
1 0.436088196047778 0.24997355304024152 0.012101262917777866 0.050637036831702974
1 0.40147811312586834 0.3090979240586941 0.013954703647222289 0.0632280420933748
1 0.36890200246854193 0.3211652845538029 0.013881968464861139 0.0601030420933748
1 0.5678122811538893 0.32992011632147805 0.013881968464861139 0.0601030420933748
1 0.7712632830537502 0.2648734270424658 0.013881968464861316 0.0601030420933748
2 0.5380520459715281 0.3285242162932432 0.013954703647222289 0.0632280420933748
1 0.3529873681598614 0.3768538424321932 0.015626306420763923 0.06800654735504663
1 0.5369649374984032 0.4834847320782587 0.017225174011944587 0.06966005261671845
1 0.43500108757465317 0.40493406882525707 0.013991071238402774 0.0647905420933748
1 0.887726044071667 0.3613550429404208 0.018751306420763926 0.06818855787839037
1 0.3058227338511809 0.43436250554402056 0.014063806420763925 0.0679155420933748
1 0.458316526688577 0.6672142609468666 0.024057055470833432 0.09502407366340578
