1 0.4472194679363377 0.2959996615229462 0.009975017856907442 0.034538641233702094
1 0.6515933222384088 0.2816037451254408 0.013072744317957153 0.03303068831160268
1 0.29033822240056456 0.30185242085843705 0.010029564934808199 0.03766364123370201
1 0.25334673701106125 0.2855864926931041 0.010029564934808199 0.0376636412337021
1 0.2162558400953163 0.3083694277582959 0.011701159090609536 0.043940914772652384
1 0.3479149431795714 0.3340979050301245 0.010138659090609537 0.043913641233702096
1 0.8065183758091312 0.3874015519425741 0.010165932629559648 0.0454761412337021
1 0.13384453489974077 0.41939665665497755 0.011919347402212255 0.05644091477265238
1 0.837181994721699 0.35435327272158085 0.010138659090609537 0.043913641233702096
1 0.24547178165332992 0.371360351459402 0.013263659090609536 0.04396818831160267
1 0.3171206850618965 0.44915016071216735 0.01035684740221221 0.05641364123370209
1 0.1871138108743231 0.3391012305182394 0.013290932629559826 0.045530688311602764
1 0.669482025971287 0.41156398051494414 0.016388659090609537 0.04402273538950343
1 0.3363558802733581 0.3877859667185217 0.014935253246410873 0.05024546185055314
2 0.4878092861175568 0.3841814999967047 0.010220479707460584 0.04860114123370209
0 0.9115604318154856 0.40954137905224686 0.016470479707460583 0.048710235389503434
1 0.11754915340527136 0.5596943741875735 0.01984094155801359 0.06282728246740402
1 0.15611282142433464 0.6212864391223816 0.01693412986961631 0.07527273538950326
1 0.19272070291880405 0.48134327759614004 0.016688668019063258 0.06121023538950325
1 0.4708923417168741 0.5783581939903503 0.021457988635914305 0.0659795560063543
1 0.5411344780793123 0.7545309561652148 0.0263091298696164 0.07543637662320535
2 0.6899467102257 0.24166058359919926 0.009920470779006863 0.03141364123370209
1 0.39396205438150134 0.24274224796810984 0.013045470779006862 0.031468188311602675
