1 0.5235277529285686 0.3592848863129349 0.010775673916276674 0.03475700197716636
1 0.4174634367306768 0.28249157604654235 0.009213173916276674 0.03469333498097198
1 0.5197024159704302 0.37659972030532374 0.011094008897248564 0.04256950197716636
1 0.551968429316303 0.31210879737763025 0.007650673916276674 0.03462966798477751
1 0.4285495394689649 0.5846615711036265 0.01935217787060921 0.053825336958138334
1 0.3980475918638732 0.3378794130046806 0.009340507908665429 0.03781833498097189
1 0.48940742091334605 0.3544355602292116 0.011157675893442942 0.04413200197716636
1 0.37911190806176476 0.4197660829666246 0.01278384288963732 0.04575816897336078
1 0.363261414981847 0.3876539199247629 0.011157675893442942 0.04413200197716636
1 0.23562455182625458 0.5340261956279255 0.012911176882026166 0.04888316897336083
0 0.05812824600848625 0.41100648418266916 0.014410009885831743 0.04738433596955507
1 0.4284990958182059 0.3179197400769872 0.01090300790866543 0.03788200197716636
1 0.31535315559030686 0.4340633463124973 0.014410009885831698 0.047384335969555026
1 0.7593379189361797 0.3527961698875818 0.011094008897248564 0.04256950197716627
1 0.3376565785180003 0.40351634186387314 0.014410009885831698 0.04738433596955507
1 0.45519956418354435 0.46658273315690496 0.013102177870609211 0.053570668973360824
1 0.7558680676435854 0.4379524198875819 0.014473676882026254 0.04894683596955503
1 0.6447714001530993 0.4463790266173836 0.011412343878220455 0.05038200197716627
2 0.5056717494685274 0.37639147327107325 0.014219008897248564 0.04269683596955511
1 0.7403611313700191 0.5313986723590398 0.017980678859192523 0.058449169961943784
1 0.143673179279122 0.7234017134224225 0.0211693458553869 0.06013900395433271
2 0.01424228899326382 0.8559024901141683 0.02848457798652764 0.08558467292769337
2 0.7349692717116488 0.26175467581908085 0.010712006920082118 0.033194501977166356
1 0.47584893969642633 0.26607339718734985 0.010775673916276674 0.03475700197716636
