1 0.6026750559516371 0.19070949296923662 0.01662521034569906 0.03473867591180557
2 0.9050650230942676 0.9912517407850352 0.01519910266556721 0.01749651842992961
1 0.5338508481132205 0.24539568654847269 0.016716138558944316 0.037863675911805575
2 0.4795103405913731 0.17846145326597265 0.010284282132453627 0.031468205547083364
1 0.6883564916867299 0.25524607807534777 0.013636602665566855 0.039353440729444425
1 0.5430894557933524 0.250301392095556 0.013772994985435005 0.04404094072944442
1 0.6343964173926927 0.2289732123840283 0.01211956677218975 0.04087957313826394
0 0.02156614528936892 0.3335398518236111 0.014227636051661885 0.05966594072944442
1 0.6851034595542762 0.286441526688577 0.017034387305303156 0.04880117591180557
1 0.5513278531277855 0.28958209764263937 0.012392351411925873 0.05025457313826394
1 0.658282546780437 0.2678363438429172 0.016897994985435004 0.044113675911805574
1 0.5198050684880494 0.2982297458190282 0.010920779625171306 0.05334320554708336
1 0.42168581723440807 0.28500108757465314 0.012392351411925873 0.05025457313826394
1 0.38408887734268027 0.34119588297750036 0.014318564264907251 0.06279094072944442
1 0.35098086064963285 0.35058841356270865 0.014227636051661907 0.05966594072944442
1 0.548827327263538 0.37551959764263937 0.014227636051661819 0.05966594072944442
1 0.7550606068887091 0.3271587520872923 0.014227636051661819 0.05966594072944442
2 0.5192307554767833 0.3717036134102088 0.014318564264907251 0.06279094072944442
1 0.33220211691783896 0.4048758700597225 0.016017456584775314 0.06751480832062509
1 0.5100423089211379 0.5262820106366671 0.01762542069139794 0.06911367591180557
1 0.41249737067876263 0.4395794848011114 0.01436402837152997 0.0643534407294446
1 0.8661224758516122 0.43293858624347303 0.019142456584775404 0.0675875435029862
1 0.28217337318604513 0.4584359747331252 0.014454956584775224 0.0674784407294446
1 0.4220241687128409 0.7032607783040976 0.024602846397360878 0.09425914627652787
