1 0.6575904635057507 0.801086229411944 0.014015878424238792 0.04100694591631608
2 0.9914654495850815 0.005495965616945842 0.01706910082983697 0.010991931233891684
1 0.39120291121673234 0.5315277306778883 0.024196361827499135 0.07252976442797028
1 0.42478685105355163 0.6439359614405946 0.0185616684661948 0.05986607332097762
1 0.4475032232540129 0.6956249470126243 0.01965057178554286 0.053670637023308564
1 0.7613988572773289 0.6204314517371298 0.0185616684661948 0.05986607332097762
1 0.6341044966992296 0.7392409938399143 0.011364475104890559 0.04714781851165419
1 0.38819723300227515 0.5848982673383771 0.020360966806520952 0.06304563702330857
1 0.8363764691048281 0.6898783669834067 0.019413773445216977 0.05054563702330857
2 0.5178604995990147 0.5490376344914198 0.017709563487172987 0.06918650961864685
1 0.3086845639113803 0.43492803838976934 0.02466995850815117 0.07877976442797027
1 0.5132573552027365 0.6330133304077359 0.015199870125868742 0.05663194591631608
1 0.6747258062377105 0.5310267005560034 0.024314760997662076 0.07409226442797028
1 0.3600479995990147 0.5545485684268362 0.01891686597668398 0.06455357332097762
1 0.6817346680652095 0.6028471368536726 0.0185616684661948 0.05986607332097762
1 0.5659213365314045 0.6664235419331485 0.01664397095570589 0.05512400961864685
1 0.845676923664287 0.4921576295972784 0.023107458508151168 0.07872520072563952
1 0.4945898655756986 0.6140822811333753 0.019035265146846926 0.06611607332097762
1 0.5404906709649946 0.4135167967424718 0.02154495850815117 0.07867063702330857
1 0.42912804109086344 0.4738045107149552 0.024196361827499048 0.07252976442797028
1 0.4362945427412487 0.0928620455613455 0.030991736102552812 0.121076391832632
1 0.45036811412580613 0.7127578833102934 0.014726273445216797 0.05038194591631608
2 0.535573753547707 0.8241467618960815 0.012453378424238614 0.04095238221398532
