1 0.3213180722417041 0.20337304103444417 0.04402273538950343 0.016643292553055567
1 0.4161317402607674 0.14025348556361075 0.05953864123370205 0.010756968464861138
1 0.3078731810080021 0.2130571655594789 0.045503414772652385 0.011992160144236142
1 0.2316907362035776 0.32728462614055537 0.04081591477265238 0.011883057370694505
1 0.21958047402871297 0.3947266992788193 0.0472022824674041 0.019841027735416718
1 0.22575438190150648 0.30946134650527757 0.03763636769475163 0.008685322188333355
0 0.3358363141240293 0.08745710030499972 0.059538641233702096 0.01075696846486116
1 0.36310219764709356 0.13602123366374969 0.0532886412337021 0.010611498100138927
1 0.24125487662650072 0.4504493692067012 0.043940914772652384 0.011955792553055566
1 0.28457995698258437 0.2948163118360067 0.05328864123370201 0.010611498100138927
1 0.2301792345820198 0.5928368909581943 0.04243296185055314 0.01504442496187508
1 0.31003569886490956 0.17864579796829835 0.054905688311602675 0.013772865691319502
2 0.27235091802235856 0.41380270117868034 0.05019091477265238 0.012101262917777689
1 0.3732936294658745 0.22324847672989553 0.05959318831160267 0.013881968464861139
1 0.3824113051955755 0.103553572569583 0.05964773538950343 0.01700696846486115
1 0.321807221593081 0.3095684896476733 0.05655000892845372 0.01849673328249999
1 0.44546113555495453 0.4285158985576386 0.06902273538950325 0.017225174011944587
1 0.32947803084914157 0.720160497531458 0.06269091477265239 0.012392203647222289
1 0.3345240409954113 0.7442519609623262 0.06433523538950343 0.017116071238402773
1 0.2973588263021892 0.5022469521286108 0.05496023538950343 0.016897865691319503
1 0.28769785958366745 0.8320253711065622 0.059565914772652384 0.01231946846486096
1 0.21914982589515208 0.32991931686999976 0.05019091477265238 0.012101262917777866
