1 0.3424095364942494 0.8265839653882703 0.014015878424238615 0.040752269334818084
2 0.008534550414918487 0.02354658800127267 0.017069100829836974 0.04393181333545444
1 0.6087970887832677 0.551313434754905 0.024196361827499048 0.07209317600254543
1 0.5752131489464484 0.664303783418178 0.0185616684661948 0.05953863200190899
1 0.5524967767459871 0.7164293574156325 0.01965057178554286 0.05330681333545435
1 0.23860114272267108 0.6486578653723618 0.018561668466194982 0.05953863200190899
1 0.36589550330077036 0.7643021413908155 0.011364475104890737 0.046965906667727354
1 0.6118027669977248 0.6045202507558596 0.020360966806521042 0.06268181333545435
1 0.16362353089517198 0.7197237960295896 0.019413773445216796 0.05018181333545435
2 0.4821395004009853 0.5717339280712694 0.017709563487172987 0.06889545066836363
1 0.6913154360886197 0.45296738876508635 0.02466995850815117 0.07834317600254544
1 0.4867426447972635 0.6554549474060876 0.01676237012586874 0.05639545066836362
1 0.3252741937622895 0.5573976133831795 0.024314760997662076 0.07365567600254544
1 0.6399520004009853 0.5735702427593594 0.018916865976683895 0.06422613200190916
1 0.3182653319347904 0.629254432049634 0.018561668466194982 0.05953863200190899
1 0.43407866346859547 0.6900293947326334 0.015081470955705889 0.05481476933481808
1 0.15432307633571302 0.5225669853596352 0.023107458508151168 0.07832499466899989
1 0.5054101344243014 0.6361236920750875 0.020597765146846924 0.06580681333545453
1 0.45950932903500535 0.43697712006681505 0.02154495850815117 0.07830681333545439
1 0.5708719589091366 0.49457253874917806 0.024196361827499048 0.07209317600254543
1 0.5637054572587513 0.1144668680776328 0.030991736102552812 0.12056703866963625
1 0.5496318858741939 0.7335986760820872 0.016288773445216797 0.05014545066836362
2 0.4644262464522931 0.8467702907383604 0.012453378424238614 0.04073408800127254
