1 0.1616352479856526 0.3932727313399774 0.04107066897336074 0.013540868290882368
1 0.4297645295831331 0.6207621715023983 0.07263900395433272 0.0233559592838688
1 0.3175019515222434 0.603021563851974 0.05994800296574958 0.017867422886674155
1 0.26592220547657613 0.5876259037652263 0.05376166996194396 0.01902940468807692
1 0.34297277270023196 0.2647705922296041 0.05994800296574958 0.017867422886674245
1 0.2233712440313199 0.40801754935400447 0.04719333498097198 0.010816386489479513
1 0.3763530281002584 0.6311978261904752 0.06313666996194386 0.019630181985972682
1 0.2739309540308824 0.19984530151347285 0.05063666996194396 0.018829145588778306
2 0.41298288927868443 0.49716398519748867 0.0692593359695552 0.016905700184570095
1 0.5259272637658023 0.6894039450996663 0.07888900395433271 0.02375647748246603
1 0.32894347030532367 0.5134584161037274 0.0567593359695552 0.016104663787375628
1 0.43191325589431795 0.3385504488002941 0.07420150395433271 0.02345608883351815
1 0.4065525226630509 0.6549764851974886 0.06463550296574957 0.018167811535622035
1 0.3601019228905124 0.3415939080841629 0.05994800296574958 0.017867422886674155
1 0.29582456418354425 0.46571133097083717 0.055133168973360736 0.014442034237726276
1 0.47179279247189543 0.16301022825765843 0.07882533695813834 0.022193977482466033
1 0.34777438334718547 0.5293942967331109 0.06626166996194396 0.019830441085271565
1 0.5486948961987667 0.4557403439276471 0.07876166996194378 0.02063147748246603
1 0.4877335384803817 0.5749700077150226 0.07263900395433272 0.0233559592838688
1 0.8688853793928526 0.5147010271502376 0.12120383794672165 0.029584975322997663
1 0.24879837247277053 0.5871648288113688 0.0505093359695552 0.015704145588778216
2 0.13785555528629567 0.5179117859357693 0.041007001977166356 0.011978368290882457
