1 0.6758828413164275 0.21005986990773154 0.013427300324311631 0.053270450668363535
2 0.5861499598219582 0.07050756858691276 0.010165932629559827 0.045421588001272675
1 0.5966338977298191 0.3648570052514583 0.01687958279171564 0.07205681333545436
1 0.46407040827983065 0.08364446260345745 0.011728432629559827 0.0454397693348181
1 0.834403084419864 0.6151638985519143 0.02973413879807012 0.09251476400381797
1 0.6755964691574491 0.22646611990773152 0.012055715096963838 0.06418976933481808
1 0.5176476014626973 0.23611493459582142 0.010465941558013725 0.06260908800127271
2 0.5994861623403157 0.3804456425843674 0.015317082791715642 0.07203863200190899
1 0.4274141136375619 0.16999104260822998 0.01030230032431163 0.053234088001272675
1 0.17623166883313743 0.28539096530872843 0.019895488635914303 0.06584317600254534
1 0.558771433443634 0.29656153859009443 0.01816934740221221 0.056449994668999894
1 0.8320144699715233 0.5730127612190052 0.029597771103318137 0.08470226400381797
1 0.7224384671288541 0.3173087485678227 0.016770488635914304 0.06580681333545443
1 0.45430212175523677 0.28527968793763925 0.013645488635914305 0.06577045066836354
1 0.34002143344363406 0.2991069252864567 0.015262535713814973 0.06891363200190899
1 0.7524884314150391 0.38569512189691385 0.0169341298696164 0.07518181333545434
1 0.6028645324706993 0.45539109858373106 0.0216216298696164 0.0752363573360908
1 0.7646747857171102 0.4035184212285503 0.023238676947516978 0.07837953866963616
1 0.15515768953271397 0.5082472099777282 0.024992091720169363 0.0893352200031817
1 0.34633211445163614 0.5193012466184113 0.024910271103318317 0.0846477200031817
1 0.6043258465947285 0.5506672359166401 0.023347771103318492 0.08462953866963616
1 0.6608529415646041 0.8921274825748224 0.03165119480442442 0.11284544533736351
