1 0.7701334055722554 0.32959063133520694 0.018173147326811724 0.0438409035907962
1 0.8256105898719444 0.4236951553393121 0.01283319994353036 0.0594295421544778
1 0.7615319502964661 0.3162548391807293 0.01357665258848364 0.04537613251355736
1 0.6533547002258789 0.24138158332699672 0.013303636803468067 0.040688632513557366
1 0.5868042370575818 0.2300531978865732 0.02148015785015538 0.04698408430895542
1 0.6716874712725663 0.2352361224564124 0.00999662628012441 0.037545451795398144
0 0.8850303634788805 0.3427633179070987 0.01283319994353036 0.05942954215447767
1 0.8341735187687874 0.3706019715960907 0.012469178896842691 0.05317954215447766
1 0.52923466076334 0.25238219495970693 0.013485647326811723 0.04381363251355737
1 0.681556023959872 0.2939071405085891 0.01246917889684287 0.05317954215447766
1 0.3875476897025353 0.24296122228346176 0.016519642065139985 0.042269313231716586
1 0.7958159450347942 0.31801732708048086 0.015685184158514786 0.05476022287263689
2 0.563397558160739 0.2830600232185382 0.013849668373499213 0.05006363251355737
1 0.7459909793062485 0.3818116614876321 0.01595819994353036 0.05944772287263689
1 0.8651127056287251 0.3895383239572229 0.01908319994353036 0.0594659035907962
1 0.6637468976797477 0.33131623691779294 0.020463689420186525 0.05634999394987581
1 0.5345459741151638 0.45638843890958275 0.01962923151356133 0.06884090359079628
1 0.2519448476938651 0.3437692224798535 0.014577710466874016 0.06256363251355737
1 0.22740757927801356 0.34909707191411943 0.019356215728545755 0.0641534035907962
1 0.4727879687123176 0.309104372751 0.018810184158514785 0.05477840359079611
1 0.1433279818664972 0.30328005698520066 0.014395699943530271 0.05943863251355737
1 0.6517389923192537 0.22886794778837735 0.013849668373499213 0.05006363251355737
