1 0.34219479023899774 0.7774815997282281 0.009814615756780665 0.034921303218308705
1 0.3486407532661205 0.6400908603718898 0.016974668373499213 0.0509833457929556
2 0.4530552374811049 0.6374578972465536 0.023224668373499215 0.0514203883676025
1 0.6989600007058717 0.690288694260676 0.0150481473268119 0.04462408514929379
1 0.4434380427992465 0.6957074398212004 0.01670165258848364 0.046295845792955606
1 0.219348095415965 0.6958159725084903 0.013758663111827297 0.04920232450563215
1 0.2972224664344175 0.6545793312908961 0.01679265785015547 0.0478583457929556
1 0.33183195584048664 0.5813549987394924 0.019083199943530183 0.060467606436617416
1 0.2427100007058717 0.7221928022099025 0.01670165258848364 0.046295845792955606
1 0.17621972169608935 0.6614845311746806 0.01403167889684287 0.05388982450563216
1 0.8366713742845728 0.5701733001930901 0.017338689420186883 0.0572333457929556
1 0.5766586084289702 0.5191070989719233 0.02845819994353036 0.061123170298587756
1 0.3100472320782587 0.5011811796817417 0.02377069994353027 0.060795388367602496
1 0.8737009374246352 0.5489103053888702 0.02064569994353036 0.060576867080279054
1 0.21661647951800997 0.5824090363704606 0.01871917889684287 0.05421760643661742
1 0.15033903213472843 0.5714822440479153 0.022208199943530273 0.060686127723940865
1 0.3331625685429084 0.10430617968174176 0.03809080517696728 0.09291947351689646
1 0.157255432021789 0.45273224404791523 0.021373742036905074 0.07307686708027905
1 0.40791485565696 0.3838519320275303 0.026152247298576903 0.0749671490112643
1 0.27692318991429676 0.44203005480779256 0.022936242036905075 0.07318612772394087
1 0.08946869254513268 0.45436008204720074 0.019447220990217673 0.06671760643661742
2 0.6921037849773259 0.7545697155479993 0.014866136803468067 0.04149908514929379
