1 0.22983273944339794 0.6771512039704104 0.053343188311602674 0.013118165340545218
2 0.08759860064532783 0.5866000239895005 0.04547614123370205 0.009902258672817865
1 0.38240258603483124 0.5987978426161842 0.07214773538950343 0.016461341343090297
1 0.09719001460720131 0.46458866398790966 0.045503414772652385 0.011464758672817866
1 0.639754984572134 0.8380399665818221 0.09267842370110628 0.02919769867918127
1 0.2462389894433979 0.6769602999681833 0.06425341477265238 0.011682934675363299
1 0.25129686200941354 0.519056893300456 0.06269091477265239 0.011664753341817758
2 0.3980821331127319 0.6017410292807297 0.07212046185055314 0.014898841343090297
1 0.18251385998081865 0.4284324406429102 0.05328864123370201 0.009993165340545219
1 0.29066373051823946 0.17790463462763814 0.0659522824674041 0.019513616008908663
1 0.31297074756107274 0.5605353212921838 0.05655000892845372 0.017842028007635947
1 0.5975129374942332 0.8354058625875492 0.0848659237011061 0.029106792011454274
1 0.33849071915085843 0.7243341919557748 0.06589773538950343 0.016388616008908664
1 0.29864342045139997 0.4559932719605473 0.06584318831160267 0.013263616008908663
1 0.30915245210802517 0.3417853212921837 0.06899546185055314 0.014862478675999569
1 0.4077861899298652 0.7547842132797752 0.07527273538950344 0.01649770401018138
1 0.47316395372958286 0.6055558252705484 0.0753545560063543 0.02118520401018138
1 0.42597312824146794 0.7670751279440026 0.07850682954530477 0.022784066677272286
1 0.5130199715897857 0.1581262945974123 0.08947160308425524 0.024473836012090366
1 0.5296422301112024 0.34937800326227597 0.08478410308425524 0.024419292011454097
1 0.5685310008074836 0.6075717639242763 0.08478410308425506 0.02441929201145392
1 0.9118094423654972 0.6660900518778238 0.11301819724005639 0.03099655601527207
