1 0.71875 0.3734375 0.01171875 0.05546875
1 0.54375 0.290625 0.0109375 0.04296875
1 0.6921875 0.38671875 0.01171875 0.0546875
1 0.8203125 0.478125 0.015625 0.06875
1 0.6 0.33203125 0.0109375 0.05078125
0 0.953125 0.4359375 0.0125 0.06484375
1 0.5015625 0.2984375 0.01171875 0.046875
1 0.4421875 0.30546875 0.01484375 0.05
1 0.475 0.39375 0.01484375 0.059375
1 0.91171875 0.478125 0.02265625 0.065625
1 0.55625 0.4859375 0.0203125 0.06796875
1 0.428125 0.3765625 0.0140625 0.0625
1 0.7359375 0.403125 0.021875 0.06328125
1 0.640625 0.434375 0.0140625 0.0640625
1 0.8265625 0.4171875 0.0140625 0.06328125
1 0.8078125 0.51171875 0.01953125 0.06796875
1 0.8921875 0.465625 0.01796875 0.065625
2 0.44375 0.371875 0.0125 0.0640625
1 0.0859375 0.48125 0.0171875 0.0703125
1 0.675 0.525 0.021875 0.07734375
1 0.4171875 0.4796875 0.02109375 0.071875
1 0.73828125 0.3671875 0.01484375 0.053125
