1 0.6396619292790543 0.2921866891190863 0.05683219685684691 0.01348184740221221
1 0.7306251852749104 0.4686321866834543 0.04425942224974104 0.011701159090609536
1 0.627617847599854 0.31851736403800845 0.055269696856846906 0.013454573863261921
1 0.5302440798171736 0.18879686200941354 0.06947774607105864 0.016825035713814974
1 0.6865990494190994 0.4116594379012703 0.050509422249741046 0.011810253246410874
0 0.5662457382131757 0.056720747561072725 0.06620719685684691 0.013645488635914282
1 0.7247775996667685 0.5106833189887027 0.047457196856846906 0.013318206168510116
1 0.720511784736791 0.5699355880634261 0.050727746071058635 0.016497753246410875
1 0.6307022679875681 0.535582133112732 0.06010274607105863 0.016661394480112966
1 0.525986765301481 0.09739061200941355 0.06664384449948209 0.02302048863591428
1 0.5347304884180636 0.4527229943146619 0.06969606989237605 0.021512535713814885
1 0.6500730062007438 0.5827571420411857 0.06315497146395277 0.015153441558013726
1 0.6091739086008898 0.2744809918790299 0.06351884449948209 0.02296594155801355
1 0.5823631596343473 0.3692480211000231 0.06471747146395276 0.015180715096963926
1 0.5908904813887501 0.1836105300284768 0.06315497146395259 0.015153441558013635
1 0.49723252667402046 0.20071048092198124 0.06962329528527036 0.019950035713814974
1 0.5393964478903042 0.11714005032101626 0.06649829528527036 0.019895488635914303
2 0.6540327601296851 0.5672139626580367 0.0646446968568469 0.013618215096964014
1 0.5613231451569266 0.9231173149315129 0.07111302067816432 0.01841480925276535
1 0.4901371182780183 0.3332911558409034 0.07914384449948209 0.023238676947516978
1 0.5474574284504848 0.5918945884704632 0.07289384449948208 0.02312958279171564
1 0.6450022466902311 0.2727645332748877 0.05385274607105863 0.016552300324311542
