0 0.3446125423508694 0.10624209384103948 0.048519313231716585 0.01603617688202612
1 0.2503069886853185 0.4740609466165086 0.05317954215447766 0.011539677870609211
1 0.33342960265571975 0.14887526281440022 0.0516534035907962 0.017726010874414923
1 0.21942060304850322 0.41283428654039633 0.05476931323171659 0.016290844866803766
1 0.220655850121637 0.469020619544202 0.04851022287263691 0.014473676882026254
1 0.26283880494209716 0.4680828606469534 0.05319772287263689 0.01466467787060921
1 0.3759034489667277 0.09793750391715164 0.05944772287263689 0.014919345855386878
1 0.2317660669441497 0.43888745057084133 0.050081813231716586 0.016099843878220454
1 0.30854271126336785 0.2647058512554133 0.048501132513557366 0.012911176882026077
1 0.3090456635497453 0.5810166007611217 0.06256363251355737 0.013484179847775658
1 0.22612407924078984 0.6031409515594245 0.05005454215447767 0.011412343878220455
2 0.2726450761175319 0.5278252751716899 0.05950226502711464 0.02429434585538672
1 0.32731491628021975 0.39437876380298337 0.05318863251355736 0.013102177870609388
1 0.27860470550783123 0.4432274406850095 0.06101022287263689 0.014983012851581278
1 0.37877391891249845 0.1415601699247629 0.06571590359079611 0.018299013840164413
1 0.30139783177487267 0.2845236027382881 0.05944772287263689 0.0149193458553869
1 0.39800064188333123 0.19310808247233296 0.06257272287263689 0.015046679847775657
1 0.32193759075186307 0.24463343178776098 0.0672784035907962 0.01836268083635879
1 0.33443550722847454 0.7814967618258171 0.07195681323171658 0.016991181824942102
1 0.3498514289696434 0.8167975918638731 0.06887726502711464 0.024676347832553347
1 0.46719450683569114 0.5167737341454881 0.07822499394987581 0.020370849809719614
1 0.2853025947588838 0.9030016887078431 0.06573408430895541 0.02142401384016459
