1 0.17041870448799293 0.6098012051150479 0.03469333498097198 0.008012487899751619
1 0.30785503749179854 0.6105637535160414 0.05057300296574958 0.01435339149054773
2 0.3074332262368228 0.5059035245932803 0.05082767095052709 0.02060339149054773
1 0.2473074456279254 0.2563125907518631 0.04419566897336073 0.011192030054229285
1 0.24936605825204516 0.5124898678792261 0.04588550296574958 0.014326120413308985
1 0.2558230108000528 0.73739896428843 0.048819501977166356 0.009656801131468207
1 0.2948483601154808 0.6614086360295988 0.04744800296574949 0.014335210772388507
1 0.36718361654127146 0.6305262746914762 0.06001166996194396 0.015970433645025393
1 0.22871668273916307 0.712562590751863 0.04588550296574958 0.014326120413308985
1 0.2914766679104155 0.7824932956705192 0.053570668973360734 0.01124657220870695
1 0.3635929733082543 0.12441717525721022 0.05682300296574958 0.014389752926866261
1 0.4223645009514021 0.3880751542781672 0.06039367193911036 0.02534543364502557
1 0.4481325276059668 0.6566115308397962 0.060202670950527094 0.020657933645025394
1 0.3838073142207253 0.0883705909482548 0.06007533695813834 0.017532933645025485
1 0.3695035088228865 0.7461103680756178 0.05376166996194396 0.01593407220870695
1 0.3823908279865276 0.8132069644848217 0.06013900395433271 0.019095433645025396
1 0.8450075276059668 0.6543025796335733 0.09196200692008212 0.03333974082661797
1 0.5011408279865276 0.8125160971947707 0.07257533695813834 0.017605656517662282
1 0.5627945468833386 0.5645598653451434 0.07432883794672147 0.02230224687674216
1 0.5083551031953986 0.6929712116561513 0.07263900395433272 0.019168156517662283
1 0.5014963136520716 0.8804666664766115 0.06626166996194396 0.01600679508134384
2 0.18311761163553664 0.2598102954741274 0.04113433596955511 0.012736349336070063
