1 0.28125 0.3734375 0.01171875 0.05546875
1 0.45625 0.290625 0.0109375 0.04296875
1 0.3078125 0.38671875 0.01171875 0.0546875
1 0.1796875 0.478125 0.015625 0.06875
1 0.4 0.33203125 0.0109375 0.05078125
0 0.046875 0.4359375 0.0125 0.06484375
1 0.4984375 0.2984375 0.01171875 0.046875
1 0.5578125 0.30546875 0.01484375 0.05
1 0.525 0.39375 0.01484375 0.059375
1 0.08828125 0.478125 0.02265625 0.065625
1 0.44375 0.4859375 0.0203125 0.06796875
1 0.571875 0.3765625 0.0140625 0.0625
1 0.2640625 0.403125 0.021875 0.06328125
1 0.359375 0.434375 0.0140625 0.0640625
1 0.1734375 0.4171875 0.0140625 0.06328125
1 0.1921875 0.51171875 0.01953125 0.06796875
1 0.1078125 0.465625 0.01796875 0.065625
2 0.55625 0.371875 0.0125 0.0640625
1 0.9140625 0.48125 0.0171875 0.0703125
1 0.325 0.525 0.021875 0.07734375
1 0.5828125 0.4796875 0.02109375 0.071875
1 0.26171875 0.3671875 0.01484375 0.053125
