1 0.4609375 0.38125 0.00859375 0.034375
1 0.5703125 0.3 0.0078125 0.03359375
1 0.4640625 0.3984375 0.01015625 0.0421875
1 0.434375 0.33515625 0.00703125 0.03515625
1 0.546875 0.603125 0.0171875 0.05234375
1 0.5875 0.3546875 0.0078125 0.0375
1 0.4953125 0.375 0.00859375 0.04296875
1 0.603125 0.4359375 0.0109375 0.0453125
1 0.6203125 0.403125 0.009375 0.04296875
1 0.7421875 0.54453125 0.0109375 0.0484375
0 0.925 0.4140625 0.0125 0.046875
1 0.5578125 0.3359375 0.00859375 0.0375
1 0.66640625 0.44765625 0.01328125 0.04765625
1 0.225 0.384375 0.009375 0.0421875
1 0.6453125 0.41796875 0.01171875 0.04765625
1 0.525 0.4859375 0.0109375 0.05234375
1 0.225 0.46953125 0.01328125 0.0484375
1 0.3359375 0.4734375 0.01015625 0.05
2 0.478125 0.39765625 0.01328125 0.0421875
1 0.23671875 0.5625 0.01484375 0.0578125
1 0.8265625 0.73046875 0.01953125 0.059375
2 0.953125 0.8578125 0.0296875 0.084375
2 0.253125 0.2921875 0.00859375 0.0328125
1 0.5125 0.2859375 0.01015625 0.03515625
