1 0.710058145707847 0.3943509890464333 0.01380923328249999 0.05661371285298138
1 0.5369856280404164 0.306446509104693 0.011955792553055566 0.04406824874635875
1 0.6831865211828122 0.40685934923384776 0.012210365691319502 0.05500574874635884
1 0.8091840170987495 0.5019936559769076 0.017225174011944587 0.06920464106622681
1 0.5922718868741317 0.34948946694310956 0.012101262917777866 0.05031824874635875
0 0.9429784420606246 0.4636706050398354 0.014027438829583261 0.06598871285298138
1 0.49461629008451363 0.3130314782258806 0.013591027735416716 0.047238712852981465
1 0.4350776359242012 0.31833509217421874 0.01678876291777769 0.05045464106622681
1 0.4658353670224997 0.4075710884132951 0.017006968464861317 0.05982964106622681
1 0.9005902670987496 0.5046533062143345 0.023402438829583615 0.06626149749271767
1 0.5449396791428468 0.5021227219576745 0.021912674011944588 0.06934103338609479
1 0.4193604105254858 0.3890196652146146 0.015517203647222288 0.0629091769596041
1 0.7265546614754164 0.42453859421928286 0.02332970364722229 0.0631364974927175
1 0.6305148096518052 0.45301528371529926 0.015553571238402952 0.0644716769596041
1 0.8168523531547913 0.4412380124033984 0.015517203647222288 0.0629091769596041
1 0.7959021138883676 0.5352236931239261 0.02035017401194459 0.06929556927947225
1 0.8813499578281941 0.4915850048815509 0.020277438829583615 0.06617056927947225
2 0.43509451329902743 0.38478680628084144 0.013991071238402953 0.06442621285298138
1 0.07473628191638848 0.4837505258642475 0.017261541603125076 0.07076714106622681
1 0.6627804893633329 0.5446404940609982 0.02369337955902786 0.07876149749271769
1 0.40602264950756906 0.4918264164682558 0.02354790919430556 0.07251149749271768
1 0.7297348660725691 0.3886692903792168 0.016861498100139018 0.05357964106622681
