1 0.805751962523777 0.6126031192349586 0.03482964106622681 0.01582498789975162
2 0.006051142386375047 0.9337073794884951 0.012102284772750094 0.014289758976990186
1 0.7514569191085523 0.5450883663080923 0.03795464106622681 0.015843168617910842
2 0.8187186269469688 0.4892201613894363 0.031522784639736304 0.00955680718159222
1 0.7407059725529068 0.6997395048717738 0.03942621285298138 0.012727258976990364
1 0.7464966344688163 0.5544360952308535 0.04411371285298138 0.012754530054229284
1 0.7672972162847007 0.6451974506170477 0.040943248746358664 0.011173849336070064
0 0.6662782178675464 0.03513158332699677 0.05973871285298138 0.012845433645025472
1 0.7095241687128409 0.6972139476901814 0.048892141066226816 0.01590680113146803
1 0.7071613498290802 0.563583836253863 0.05031824874635884 0.011228391490547728
1 0.7282885405787378 0.6699747368195971 0.04420464106622681 0.015879530054229284
1 0.6986956319615338 0.5322792940993853 0.05339778463973612 0.009684072208706951
1 0.7124973706787626 0.4339054266129426 0.050318248746358665 0.011228391490547728
1 0.6565117951310844 0.39763612850653657 0.06286371285298138 0.012863614363184794
1 0.6473102913701606 0.36476454117251905 0.05973871285298138 0.012845433645025484
1 0.6212238498290802 0.563083866504484 0.05973871285298138 0.012845433645025394
1 0.6683930518615089 0.7680804387131911 0.05973871285298138 0.012845433645025394
2 0.625212667854911 0.5334145472226434 0.06286371285298138 0.012863614363184794
1 0.5931228965430101 0.3472588786047324 0.0675966769596041 0.014453385440423539
1 0.4706615601747791 0.527827101673761 0.06920464106622681 0.016024975799503238
1 0.5579462629986308 0.4283179810640605 0.06442621285298138 0.012872704722264317
1 0.5619491720780532 0.8815429750139362 0.06768760517284952 0.017578385440423717
1 0.5398447838483132 0.29850321603694585 0.06755121285298138 0.01289088544042354
1 0.29416490782578125 0.4439737555591449 0.0943864974927175 0.022420421544777015
