1 0.2071557826225475 0.3213180722417041 0.01613407733927248 0.04402273538950343
1 0.1451274026098208 0.4161317402607674 0.010065890674726897 0.05953864123370205
1 0.21668532395768375 0.30787318100800204 0.013027258672817866 0.045530688311602674
1 0.3300489373010924 0.2316907362035776 0.011410214672181595 0.04081591477265238
1 0.3973637066359105 0.21958047402871297 0.019295440006363407 0.0472022824674041
1 0.31215291263527417 0.22575438190150648 0.00824885200509069 0.03763636769475163
0 0.09138533195418393 0.3358363141240293 0.010065890674726897 0.059538641233702096
1 0.1402768179503659 0.36310219764709356 0.009993165340545129 0.0532886412337021
1 0.45335007729950155 0.24125487662650072 0.013009077339272502 0.04396818831160267
1 0.29818986262731995 0.28457995698258437 0.00999316534054504 0.05328864123370201
1 0.5956375746340015 0.2301792345820198 0.01455339600572696 0.04243296185055314
1 0.18229214262413831 0.31003569886490956 0.013136346674090582 0.054905688311602675
2 0.41705804129536544 0.27235091802235856 0.011519302673454135 0.05019091477265238
1 0.22764045794877505 0.3732936294658745 0.013190890674726851 0.05959318831160267
1 0.10802739194782059 0.3824113051955755 0.016315890674726895 0.05964773538950343
1 0.3133785106222293 0.321807221593081 0.017842028007636034 0.05655000892845372
1 0.433789913271821 0.44546113555495453 0.01642497867599957 0.06902273538950325
1 0.7241432879535477 0.32947803084914157 0.011664753341817758 0.06269091477265239
1 0.7482984032861385 0.3345240409954113 0.0163704346753633 0.06433523538950343
1 0.5058114586250928 0.2973588263021892 0.01626134667409058 0.05496023538950343
1 0.8355444119589563 0.28769785958366745 0.01162839067472703 0.059565914772652384
1 0.33253813796945597 0.21914982589515208 0.011519302673454223 0.05019091477265238
