1 0.6307440651766242 0.6822568900695886 0.056322722872636885 0.015776189420186527
1 0.712538444959707 0.5024336112009806 0.04381363251355737 0.0134856473268119
1 0.6173082790722706 0.6564679347937993 0.054751132513557364 0.014122684158514786
1 0.5266474385167993 0.7899167426016025 0.06884090359079612 0.019629231513561506
1 0.6714594478865732 0.5610952506352845 0.05006363251355737 0.013849668373499213
0 0.5696076190385668 0.9202721005364625 0.0656977228726369 0.016322220990217674
1 0.7044805052645573 0.46070113750933983 0.04694772287263689 0.01523015785015538
1 0.6971038216195318 0.4017356611868631 0.050090903590796286 0.018537168373499214
1 0.6090134691602038 0.4396899584713225 0.05946590359079611 0.01908319994353036
1 0.527179224522957 0.8813229926016024 0.06575226502711473 0.02569722099021767
1 0.5172986678323439 0.5263092689099617 0.06886817466803503 0.02431673151356133
1 0.6259282583878153 0.3918139005929322 0.06258181323171659 0.017702710466874015
1 0.6011565591264999 0.7011734900413537 0.06262726502711473 0.025515210466873838
1 0.5693520472226432 0.6076810952747906 0.06414431323171658 0.017793715728545757
1 0.5876212999531177 0.7926175373964004 0.06258181323171659 0.017702710466873838
1 0.49298096564416233 0.7793733557275472 0.06885908430895533 0.02275423151356133
1 0.5395655950344617 0.8610637005082277 0.06573408430895533 0.022572220990217672
2 0.6307066619786115 0.4071658848079167 0.06413522287263689 0.01623121572854589
1 0.5192499697493791 0.05572375312494611 0.07040340359079629 0.019720236775233203
1 0.47892703512239476 0.6473344004517579 0.07825226502711473 0.026425263083592478
1 0.522739625874258 0.38688274786327426 0.07200226502711474 0.026061242036904984
1 0.6371076946651193 0.7014241190229011 0.05321590359079629 0.01871917889684287
