1 0.3984375 0.35 0.0125 0.05078125
1 0.3671875 0.3875 0.01796875 0.04296875
0 0.25546875 0.4359375 0.0140625 0.04921875
1 0.2640625 0.459375 0.0171875 0.06796875
1 0.453125 0.37578125 0.01171875 0.05703125
1 0.2375 0.478125 0.0140625 0.0609375
1 0.484375 0.4828125 0.01640625 0.06484375
1 0.32734375 0.484375 0.02578125 0.065625
1 0.26875 0.5171875 0.02734375 0.07890625
1 0.640625 0.3859375 0.021875 0.0640625
1 0.3046875 0.4421875 0.0234375 0.0578125
2 0.7484375 0.3453125 0.015625 0.0625
1 0.4203125 0.446875 0.0171875 0.07265625
1 0.521875 0.36875 0.0265625 0.0640625
1 0.38046875 0.425 0.021875 0.06015625
1 0.41875 0.48984375 0.02890625 0.0609375
1 0.61953125 0.459375 0.0125 0.07578125
1 0.7671875 0.3296875 0.015625 0.0625
1 0.5609375 0.5203125 0.01640625 0.08203125
1 0.27890625 0.5625 0.0234375 0.096875
1 0.915625 0.5515625 0.025 0.08359375
