0 0.6546875 0.16992175229830703 0.0484375 0.017732874275053722
1 0.746875 0.5409698033379254 0.053125 0.013400571785542858
1 0.665625 0.21293804648944822 0.0515625 0.019532172615379827
1 0.778125 0.480837786741186 0.0546875 0.01820647095570571
1 0.7765625 0.536969387571023 0.0484375 0.01617037427505359
1 0.734375 0.5345538599766213 0.053125 0.016525571785542682
1 0.6234375 0.1605225188950466 0.059375 0.01699916846619489
1 0.765625 0.5064530933798818 0.05 0.0178512734452168
1 0.68984375 0.3296169836269751 0.0484375 0.014607874275053768
1 0.6875 0.6458456348717305 0.0625 0.015673466806520864
1 0.7703125 0.6708707908903708 0.05 0.013163773445216798
2 0.72421875 0.5939405153705616 0.059375 0.0263741684661948
1 0.6703125 0.45860574399993725 0.053125 0.014963071785542681
1 0.71875 0.509151118274991 0.0609375 0.017117567636357835
1 0.6203125 0.20403572055472052 0.065625 0.020597765146847014
1 0.696875 0.3496810298927087 0.059375 0.01699916846619489
1 0.60078125 0.2548994809276827 0.0625 0.017235966806520953
1 0.6765625 0.3090793406805894 0.0671875 0.020716164317010045
1 0.6609375 0.8453953489789591 0.071875 0.0195088618274994
1 0.6453125 0.8801488572773289 0.06875 0.027084563487172985
1 0.5296875 0.5760748186852651 0.078125 0.023107458508151168
1 0.709375 0.968596973254013 0.065625 0.02372276514684728
