1 0.24601274625180042 0.5477454969199571 0.03508539502097818 0.010575401451278842
1 0.2435542875431566 0.3436854794967619 0.033759693361304244 0.013645837748947898
1 0.24270737965041653 0.7044766465571375 0.038210395020978186 0.010684528855940557
1 0.22429999915158544 0.741741033580446 0.038210395020978186 0.010684528855940557
1 0.24489591906767288 0.7784225780454831 0.04457879419114121 0.012465283665263982
1 0.27827894936136693 0.6463541225105203 0.044460395020978184 0.010902783665263982
1 0.3582824062191329 0.18695927514292549 0.046022895020978186 0.01095734736759484
1 0.3510023638788696 0.8588689914776616 0.057078794191141216 0.012901793283910478
1 0.3270566396223934 0.15688239474303883 0.044460395020978184 0.010902783665263982
1 0.30952710413060736 0.7481150299522489 0.04469719336130425 0.014027783665263981
1 0.39141756678794337 0.675128908538037 0.05696039502097818 0.011339293283910834
1 0.27389633483457543 0.8070188039988662 0.04625969336130424 0.014082347367595015
1 0.3744257792447868 0.3235316922033009 0.0449339917016303 0.01715278366526398
1 0.3312380060000627 0.6569716747801058 0.05106559253146718 0.015808538474587408
2 0.33647272550587604 0.5056274295894292 0.04914789502097818 0.01106647477225664
0 0.38652765062005556 0.08156244701262433 0.049621491701630216 0.017316474772256528
1 0.49020657383691335 0.8727082582678845 0.06392079004195636 0.02093254809323426
1 0.5539856539208259 0.8330802738769811 0.0761839917016303 0.01824405771188111
1 0.4163206331749015 0.7989285070867581 0.0621214917016303 0.017752984390903493
1 0.5294647862937568 0.5191467486492376 0.06716418921211939 0.02260417549789597
1 0.7095559506107667 0.4458481139881817 0.07689438672260848 0.027619057711881112
2 0.2058892667972322 0.3060416357573642 0.03196039502097816 0.01046627404661713
1 0.18970262405133914 0.6019171309480408 0.0321971933613042 0.01359127404661713
