2 0.5613299565847752 0.10630281043090113 0.010375210345699059 0.03503056386197042
1 0.4510744181841154 0.12198280473091797 0.013772994985435005 0.04462408514929388
1 0.6352795851145897 0.2362195393956792 0.014045779625171307 0.05399908514929388
1 0.6478621531404207 0.2667264942231422 0.009403743731793845 0.05523380321830871
1 0.7195134957768579 0.39804183222242767 0.017716348904643197 0.07296760643661741
1 0.5550250984424249 0.4255227039942838 0.014591348904643198 0.07274908514929379
1 0.3545704573761981 0.39591234160558175 0.01155727711788863 0.07565556386197034
1 0.5119390250063176 0.2845099379027404 0.014273100158284535 0.06181158514929388
1 0.7739402344940868 0.5000849334632649 0.014773205331134066 0.0789990851492938
1 0.4022624966347877 0.2129084534900807 0.014182171945039146 0.05868658514929388
1 0.5891213021242063 0.3647544487985037 0.019006064264907252 0.06370186708027906
1 0.5557561873179384 0.5846245523851294 0.01835284639736088 0.09484260643661742
2 0.6134058997752084 0.449096597809768 0.01785274122451135 0.07765510643661741
1 0.5699610913162889 0.6440923875344233 0.021341454077492727 0.09037362772394086
1 0.41474342775102696 0.3471031370302202 0.03325042069139794 0.07093521287323465
1 0.10179714687221457 0.2831181386197041 0.017625420691397952 0.06984260643661733
1 0.7477808997752085 0.45849301316467717 0.019460705331134066 0.07932686708027922
1 0.8312228517411302 0.7270734043822713 0.024784702823851746 0.10152964901126431
1 0.8086742503292044 0.6755983856928379 0.024284597651002215 0.08434214901126431
1 0.34742451326132817 0.6862259851689643 0.03241534639736088 0.09582595222957302
1 0.598942863815324 0.9166611562238568 0.03286998746358769 0.11145095222957266
1 0.191395822115959 0.6293154314464526 0.04179034639736088 0.09648151609154336
