1 0.675 0.8323184654485069 0.04375 0.01842862739018116
1 0.58125 0.8872481924695474 0.059375 0.013179922886674333
1 0.68828125 0.823794566620526 0.0453125 0.013841256939830515
1 0.7625 0.7160507202288687 0.040625 0.01354086829088228
1 0.7734375 0.6495641270764139 0.046875 0.021753886489479513
1 0.76875 0.734419988427466 0.0375 0.010215609191583753
0 0.6625 0.947142429051312 0.059375 0.013179922886673977
1 0.634375 0.8961213471576244 0.053125 0.012779404688076923
1 0.75078125 0.5918622486064988 0.04375 0.013741127390180985
1 0.71015625 0.7439463803156164 0.053125 0.012779404688076923
1 0.759375 0.45022546112957007 0.0421875 0.01676599784053181
1 0.68671875 0.8580694370708766 0.0546875 0.016004534237726277
2 0.7203125 0.625847222388337 0.05 0.014141645588778218
1 0.62265625 0.8078703755352545 0.059375 0.016304922886674067
1 0.615625 0.9269510425618325 0.059375 0.01942992288667398
1 0.67265625 0.7259182711240328 0.05625 0.02079216378737563
1 0.546875 0.5959828423772624 0.06875 0.020030700184570094
1 0.6578125 0.3140295404023642 0.0625 0.014942681985972862
1 0.65234375 0.2894603369785916 0.0640625 0.019730311535622214
1 0.69375 0.5350825200442986 0.0546875 0.019129534237726276
1 0.69765625 0.2056453439184219 0.059375 0.014742422886674178
1 0.775 0.7145080066260633 0.05 0.014141645588778218
