1 0.37671014003818004 0.2986431310982999 0.05639545066836353 0.0151198858558109
1 0.2959339493952699 0.4697860769216895 0.04387726933481808 0.012975188998963993
1 0.3903004727084526 0.32582421525869976 0.05481476933481808 0.013484611248705036
1 0.4802158533577261 0.20195652977439238 0.06893181333545435 0.018827082712657716
1 0.3366856713876339 0.4154646040099947 0.05012726933481808 0.013266287427387446
0 0.4364829400063634 0.06717911538253421 0.06577045066836362 0.015556533498446013
1 0.3042373454009969 0.5123374499572187 0.04702045066836362 0.01468323821317572
1 0.3119594860757238 0.5720399356891951 0.05018181333545453 0.017953787427387447
1 0.39985892807126944 0.5433392009906761 0.05955681333545444 0.01839043507002245
1 0.4791522453453176 0.11055027977439238 0.06587953866963617 0.024931533498446002
1 0.49110099872690627 0.4663829028099217 0.06898635733609079 0.023514582712657627
1 0.3832168680776328 0.5894136803125116 0.06266363200190898 0.016973484284234352
1 0.4061976453691802 0.2828383486333112 0.06275453866963616 0.024785984284234265
1 0.43855670671545227 0.3796063407754284 0.06422613200190899 0.017046258891340215
1 0.4192056280235444 0.19286832009726393 0.06266363200190898 0.016973484284234265
1 0.5139550540260898 0.2160211838271683 0.06896817600254543 0.021952082712657715
1 0.4668795120146356 0.1294993329175455 0.06584317600254544 0.02180653349844599
2 0.3783475547421783 0.573570356491194 0.06420795066836353 0.015483758891340215
1 0.4918860801240852 0.9364770789886041 0.07049431333545435 0.01889985731976367
1 0.5287817173774526 0.3494522679875681 0.07837953866963616 0.025513730355292807
1 0.48646913741245096 0.6051543043814982 0.07212953866963616 0.025222631926869354
1 0.370232873368862 0.2788207826698765 0.05330681333545444 0.018099336641599174
