1 0.800687328642729 0.3021105206141313 0.053853042093374714 0.013736498100138928
2 0.9466816390813682 0.3910249374078812 0.04585853157003115 0.01042966014423614
1 0.6512403364646497 0.38225522834541614 0.07278505261671846 0.017297909194305648
1 0.9420612994917723 0.5131726943417354 0.045949536831702886 0.011992160144236052
1 0.38400952090551305 0.14595927811666637 0.09382559471009326 0.03027068787965286
1 0.7842810786427291 0.30249238032152714 0.06469953683170289 0.012428571238402774
1 0.7856601100715859 0.46048671827742993 0.06313703683170288 0.012392203647222289
2 0.6354333259413061 0.37949390425722174 0.07269404735504673 0.01573540919430556
1 0.858171417879389 0.550329161856666 0.05367103157003115 0.010611498100139016
1 0.7601867571160489 0.8021663784216659 0.06680806840173403 0.021839938829583527
1 0.7222654680064459 0.41971755433347163 0.0572510578783902 0.01849673328249999
1 0.4263790314288568 0.1481023531547913 0.08601309471009326 0.03008884992375007
1 0.6900536655309017 0.2561823844055897 0.06653505261671847 0.01715243882958335
1 0.7408628205384598 0.5241141136040272 0.06635304209337481 0.014027438829583261
1 0.7350062046405048 0.6384675543334716 0.06956904735504672 0.01566267401194459
1 0.6194835602974648 0.22653255841753422 0.07591005261671846 0.01737064437666671
1 0.5601603101562904 0.3765520486338884 0.07618306840173403 0.02205814437666671
1 0.6007867682040899 0.21445078571611065 0.07939907366340578 0.02369337955902786
1 0.5385315649944392 0.8245362601648955 0.09042757892507787 0.025510452697291797
1 0.5141021704396378 0.6334391346899302 0.08574007892507787 0.02540134992375016
1 0.46466579963294674 0.3756454716959024 0.08574007892507769 0.025401349923750073
1 0.11883808916607275 0.32110997416444437 0.11422909997176514 0.032305966565000066
