0 0.40168543645256777 0.8595753371705215 0.049338665946843864 0.016883663111827475
1 0.28616775138427597 0.5008821476091605 0.05372577729789594 0.01246917889684287
1 0.38804443861203614 0.8180248740022243 0.05256379549649317 0.018628173635170952
1 0.25892293337024885 0.5652022528425974 0.05558866594684382 0.017247684158514787
1 0.25688076958287326 0.5088612475809257 0.049238536397194554 0.015321163111827473
1 0.29901820480804864 0.5056228555157857 0.05392603639719464 0.01559417889684287
1 0.43338601942598964 0.8647864819370843 0.06017603639719447 0.01595819994353036
1 0.26972073102621036 0.5379117107492226 0.05090116594684391 0.016974668373499213
1 0.356466166712811 0.704591705558138 0.04913840684754529 0.013758663111827297
1 0.3385336829088235 0.3880489476656302 0.06320090684754529 0.014577710466873927
1 0.25451962831303165 0.37412222653423816 0.05060077729789594 0.012287168373499214
2 0.30531946714654973 0.44487507131491866 0.06077681369509049 0.02533319994353036
1 0.36763659931709275 0.5729853897872398 0.05382590684754529 0.01403167889684287
1 0.31619521282761304 0.5289315528990672 0.06173853639719464 0.0160492052052021
1 0.43370739203580877 0.8208544714137407 0.06662629549649317 0.019447220990217673
1 0.3481832973421945 0.6854699792356612 0.06017603639719456 0.01595819994353036
1 0.4498843021225564 0.7673731556428425 0.06330103639719446 0.01614021046687384
1 0.37099903608342755 0.7233494108339272 0.06818879549649318 0.01953822625188941
1 0.35217947100406105 0.18493935821720875 0.07267603639719455 0.016686242036905073
1 0.3655014913621267 0.14809180560049023 0.07015181369509049 0.025879231513561328
1 0.5000509762458484 0.4366699162367734 0.07922642504614252 0.021737763083592477
1 0.29608206045588803 0.06822927132903607 0.06682655459579187 0.022572220990217672
