1 0.5967848863129349 0.49217642861544253 0.03475700197716627 0.011979781743586493
1 0.6824915760465423 0.37664467176696526 0.03469333498097207 0.010417281743586493
1 0.5797247203053237 0.4903538194872358 0.04256950197716627 0.012571777594401645
1 0.6417962973776303 0.5152461530956333 0.03462966798477751 0.008854781743586494
1 0.37841157110362644 0.4230516107785919 0.053825336958138334 0.02121307178554268
1 0.6285044130046806 0.3636011427226711 0.03781833498097207 0.010654080083912554
1 0.6044355602292116 0.4573278319347904 0.04413200197716627 0.012690176764564676
1 0.5478910829666246 0.35413289957114835 0.045758168973360824 0.014371075934727705
1 0.5814039199247629 0.33445901699772485 0.04413200197716627 0.012690176764564676
1 0.4449636956279255 0.2232991418974785 0.04888316897336083 0.014607874275053768
0 0.5828814841826692 0.030600311188866015 0.047384335969555026 0.016051975104890717
1 0.6460447400769873 0.3918678526807148 0.03788200197716627 0.012216580083912553
1 0.5387508463124974 0.291739643347371 0.047384335969555026 0.016051975104890738
1 0.5840461698875818 0.7283507269557685 0.04256950197716627 0.012571777594401645
1 0.5675788418638732 0.3105838091142735 0.047384335969555026 0.016051975104890738
1 0.49470773315690497 0.4360466730163651 0.053570668973360824 0.014963071785542858
1 0.4988899198875819 0.7348034817296534 0.04894683596955503 0.016170374275053766
1 0.49950402661738363 0.6241619796550609 0.05038200197716627 0.013163773445216798
2 0.5810789732710733 0.47623211990215425 0.04269683596955502 0.015696777594401645
1 0.4063986723590397 0.7301294823543533 0.05844916996194396 0.02000576929603177
1 0.26246421342242254 0.15301364314687835 0.06013900395433271 0.023249168466194892
2 0.14027749011416826 0.03610067551516482 0.08558467292769345 0.0360810551888033
2 0.6773796758190809 0.6932401759161502 0.033194501977166266 0.011861382573423462
1 0.6941983971873499 0.4333915792354981 0.03475700197716627 0.01197978174358667
