1 0.3011475921742187 0.4556144150110307 0.034647784639736126 0.010976041356328814
1 0.28913464014178997 0.6594650070293133 0.03317621285298147 0.01402826674922295
1 0.3051721994586393 0.2989834253501129 0.03777278463973612 0.01112159057054054
1 0.28847879295300627 0.2615369292790543 0.03777278463973612 0.01112159057054054
1 0.310825154394062 0.22512854838564217 0.04406824874635884 0.012975188998963993
1 0.33808163935036717 0.35747016749223004 0.04402278463973612 0.011412688998963994
1 0.3967151225908127 0.8173931310982999 0.04558528463973612 0.011485463606069857
1 0.4208700926364372 0.14599332009726393 0.056568248746358706 0.0135573858558109
1 0.36403065472326634 0.847078477045524 0.04402278463973612 0.01141268899896417
1 0.3741435083132702 0.2561645326698765 0.04406824874635875 0.012975188998963993
1 0.4527518931112908 0.33004298841806345 0.056522784639735944 0.0119948858558109
1 0.34121133636823103 0.19689654052775935 0.04567621285298147 0.014610463606069856
1 0.4192767812080168 0.6811302994190995 0.04420464106622681 0.017662688998963994
1 0.3916241764973857 0.34748089143738214 0.0504091769596041 0.016391287427387446
2 0.38978419483978577 0.4987522930089587 0.048710284639736125 0.011631012820281584
0 0.42007371773453234 0.9230267009906761 0.048892141066226816 0.017881012820281584
1 0.560949523356965 0.1337930347367911 0.06304556927947225 0.021660984284234262
1 0.6229781619159094 0.17413124441391953 0.07545464106622682 0.01911818114108117
1 0.4834897645814764 0.2066440297743924 0.06139214106622681 0.018463209677128466
1 0.583724411453691 0.487500231593638 0.06621603338609497 0.02336903349844608
1 0.7606793680384663 0.562838487589494 0.07572742570596294 0.02849318114108108
2 0.249646242807357 0.696635367244561 0.03152278463973612 0.010830492142117265
1 0.24728079460235897 0.40083271567298445 0.03161371285298138 0.013955492142117087
