1 0.3374957819305996 0.8364463936509992 0.010015350092285047 0.03501272878817261
1 0.34474468229973987 0.6988188478933648 0.017266645588778218 0.05114791181871077
2 0.44913179365079187 0.7120519136548786 0.023516645588778216 0.05165809484924892
1 0.6946259639165724 0.8027717348764043 0.015303627390180985 0.04477036606107632
1 0.43917700031376705 0.7693542306243405 0.01696625693983016 0.046460411818710766
1 0.21517829581026024 0.7353626415249674 0.014041516039128954 0.049330320303441685
1 0.29326252545219467 0.7056111107702424 0.01706638648947969 0.04802291181871077
1 0.32828716996123875 0.6370045030441158 0.019429922886674156 0.06065045757634539
1 0.23837596391657243 0.7655283736471199 0.016966256939830338 0.046460411818710766
1 0.17226890500184394 0.6941638145535659 0.014341904688076923 0.05401782030344186
1 0.8329851619416744 0.7025480785177052 0.017667163787375272 0.05739791181871077
1 0.5733784269010691 0.6114615954774688 0.028804922886674335 0.061415732122152636
1 0.3069814713178281 0.5528049751643287 0.024117422886674157 0.061033094849248924
1 0.8701242165374662 0.6867316309432996 0.020992422886673977 0.06077800333398002
1 0.21311275293466067 0.6205348669791603 0.01902940468807692 0.05440045757634522
1 0.14692654843115388 0.5994253994008751 0.0225549228866742 0.060905549091614476
1 0.33241437692875564 0.1559299751643287 0.03862001387966067 0.09330346091032524
1 0.1545363942045023 0.4806753994008751 0.021793459283868798 0.07327800333398002
1 0.4054969193429299 0.4493289019859491 0.026581088833518153 0.07522314060688337
1 0.2742178385289763 0.4880888998599172 0.0233559592838688 0.07340554909161448
1 0.08676790330380095 0.4720021589437729 0.019830441085271478 0.0669004575763454
2 0.6873956523809504 0.8665791433611352 0.015103368290882279 0.041645366061076314
