1 0.4088334053945834 0.178125 0.011883057370694417 0.040625
2 0.032104744487848044 0.9765625 0.016643292553055588 0.04375
1 0.6606193366247226 0.45625 0.02042290919430556 0.071875
1 0.6329826862641322 0.34296875 0.015444468464861139 0.059375
1 0.6130143719595835 0.290625 0.016861498100139018 0.053125
1 0.2957554431979864 0.3546875 0.015444468464861139 0.059375
1 0.4290381090418058 0.240625 0.008903527735416717 0.046875
1 0.6664140885245836 0.403125 0.017079703647222288 0.0625
1 0.2245512840036808 0.2828125 0.016788762917777866 0.05
2 0.5351101903481948 0.434375 0.014100174011944588 0.06875
1 0.7379286786646879 0.55546875 0.02056837955902786 0.078125
1 0.5441020242200351 0.35078125 0.012246733282499988 0.05625
1 0.3775886310776393 0.446875 0.020459276785486223 0.0734375
1 0.6929226903481949 0.434375 0.015553571238402952 0.0640625
1 0.37435322188333364 0.375 0.015444468464861139 0.059375
1 0.4932837534184725 0.315625 0.013772865691319502 0.0546875
1 0.20491485049243097 0.4796875 0.019005879559027862 0.078125
1 0.5617441191097919 0.3703125 0.01558993882958326 0.065625
1 0.5054253031897227 0.56875 0.01744337955902786 0.078125
1 0.6197410699072227 0.5125 0.02042290919430556 0.071875
1 0.592640894564098 0.8921875 0.02467530452090294 0.1203125
1 0.6110518284565976 0.2734375 0.012101262917777689 0.05
2 0.5318344943004168 0.159375 0.010320557370694417 0.040625
