2 0.047653694565553614 0.5621126808363588 0.034702382213985125 0.010775673916276674
1 0.07496521743104438 0.4521301857792747 0.044131945916315994 0.012720175893442941
1 0.17019832796066509 0.6375185405319101 0.05356150961864685 0.01466467787060921
1 0.19947660019318367 0.6504469634596036 0.05496031851165428 0.010040844866803766
1 0.32366557914179145 0.7235727401513493 0.07242063702330856 0.018553681824942103
1 0.3685118315888622 0.5595394150562092 0.07231150961864685 0.015428681824942104
1 0.3598709854872117 0.3589027450942652 0.07532738221398513 0.01243101581733086
1 0.23159467414713358 0.5148423858930055 0.06137400961864685 0.014983012851581278
1 0.4203024769648732 0.779146260911596 0.07856150961864686 0.015683349809719617
1 0.17129706960796262 0.4044195390490354 0.05824900961864685 0.014855678859192523
1 0.3039756164352525 0.5928984017103363 0.06310020072563942 0.019734179847775656
1 0.5280232408446893 0.562127198668037 0.09429563702330857 0.019445019771663397
2 0.38602422460262054 0.618147752508639 0.07710813702330857 0.01874468281352506
1 0.5861804812260425 0.5770147110253268 0.08971726442797028 0.02237901878308044
1 0.3045907192451429 0.4184568172236558 0.06984127404661714 0.03405134783255335
1 0.27328867786014865 0.1050190583264073 0.06929563702330857 0.018426347832553213
1 0.3813317462021669 0.752522752508639 0.07872520072563942 0.020370849809719614
1 0.6419666566391203 0.8390318913673941 0.10076389183263199 0.02594968775644091
1 0.5927032666205869 0.8159007974891732 0.08357639183263199 0.025249350798302574
1 0.6518228725105203 0.3551516398845192 0.09478671034428636 0.03350751977166348
1 0.8565376212445759 0.6091546848650535 0.11041171034428636 0.034144189733607534
1 0.611130929041275 0.19858596349678465 0.09511409255827133 0.042882519771663484
