1 0.20610476055660212 0.6834921586835725 0.053343188311602674 0.013427300324311631
2 0.06708889935467217 0.5888500401780419 0.04547614123370204 0.010165932629559827
1 0.3613474139651688 0.6096161022701809 0.07214773538950343 0.01687958279171564
1 0.08093498539279868 0.4671795917201694 0.045503414772652385 0.011728432629559827
1 0.610245015427866 0.856221915580136 0.09267842370110628 0.02973413879807012
1 0.2225110105566021 0.6837785308425509 0.06425341477265238 0.012055715096963838
1 0.23307813799058646 0.5261023985373028 0.06269091477265239 0.012028441558013725
2 0.3769178668872681 0.6130138376596843 0.07212046185055296 0.015317082791715642
1 0.16748614001918133 0.43352338636243815 0.05328864123370205 0.01030230032431163
1 0.28433626948176055 0.18626833116686256 0.0659522824674041 0.019895488635914303
1 0.2932792524389273 0.569353566556366 0.05655000892845372 0.01816934740221221
1 0.5681120625057667 0.8523605300284768 0.0848659237011061 0.029597771103318137
1 0.31307178084914156 0.7338115328711459 0.06589773538950343 0.016770488635914304
1 0.2826065795486 0.46444787824476325 0.06584318831160267 0.013645488635914305
1 0.29709754789197484 0.35060356655636593 0.06899546185055314 0.015262535713814973
1 0.38127631007013474 0.7662615685849609 0.07527273538950334 0.0169341298696164
1 0.4518360462704171 0.6190104675293007 0.0753545560063543 0.0216216298696164
1 0.399026871758532 0.7790752142828897 0.07850682954530477 0.023238676947516978
1 0.5072925284102142 0.17296731046728603 0.08947160308425524 0.024992091720169363
1 0.5172327698887976 0.36460538554836386 0.08478410308425524 0.024910271103318317
1 0.5470939991925163 0.6237991534052714 0.08478410308425506 0.024910271103318494
1 0.8881905576345028 0.6922720584353959 0.11301819724005639 0.03165119480442442
