1 0.5864335820688884 0.6569998134149962 0.013663762917777867 0.05014545066836362
1 0.6185564042572217 0.6198634400859051 0.019768292553055566 0.043968176002545434
0 0.7314025495838189 0.5727259054344044 0.015226262917777688 0.05016363200190917
1 0.7233543134515272 0.5491884080999044 0.01878767401194459 0.0689499946689999
1 0.5323461473233675 0.6305822167409056 0.01380923328249999 0.05639545066836362
1 0.750353224545694 0.530747490770177 0.015480836056041624 0.06110113200190899
1 0.5035873273192356 0.5231873400699968 0.017152438829583262 0.06580681333545435
1 0.6606549449104163 0.523452064091314 0.02652743882958326 0.06591590133672724
1 0.7200124143252079 0.4913213640992682 0.02994337955902786 0.07845226400381797
1 0.34508253666604116 0.6182442067154523 0.023366071238402775 0.06431703866963616
1 0.6823292699485413 0.565903193427723 0.02478310087368065 0.058085220003181705
2 0.23632447929534667 0.6576146947008166 0.017079703647222288 0.06268181333545435
1 0.5668133727220829 0.55987027474536 0.01886040919430556 0.07207499466899989
1 0.463432493163055 0.6368134880649061 0.028053571238402953 0.06437158267027243
1 0.6061479764455551 0.5822088987507689 0.02325696846486114 0.05962953866963616
1 0.5693759814795483 0.5169197060789055 0.029543336056041626 0.06126476400381797
1 0.36788556345152734 0.5450521547183158 0.01424564437666671 0.07514545066836362
1 0.2172108033835411 0.6730215186982713 0.017079703647222288 0.06268181333545435
1 0.4278976495075691 0.48479645472627003 0.01751611474138883 0.08143181333545435
1 0.7109108244694441 0.4458906854312228 0.02569229065319458 0.0971477200031817
1 0.07393750133118018 0.44941929201145403 0.02696384992375007 0.08466590133672706
