1 0.34300018658500375 0.6199052227490645 0.05014545066836362 0.01512038896415202
1 0.38013655991409484 0.6531205144721784 0.043968176002545344 0.021042840343632997
0 0.4272740945655956 0.7673777662812007 0.05016363200190917 0.0166828889641522
1 0.45081159190009557 0.7600123236081471 0.0689499946689999 0.020790534825709094
1 0.36941778325909436 0.5665688608087053 0.05639545066836362 0.015447937584671046
1 0.4692525092298229 0.7875574694697041 0.06110113200190899 0.017256099050060314
1 0.4768126599300032 0.5409281309350933 0.06580681333545435 0.019064260515449582
1 0.47654793590868605 0.698041268090223 0.06591590133672724 0.028439260515449583
1 0.5086786359007318 0.7583546483479479 0.07845226400381797 0.032219357756487634
1 0.38175579328454773 0.3796011273170487 0.06431703866963616 0.025232373360319825
1 0.43409680657227706 0.7184865649017198 0.058085220003181705 0.0264673247398008
2 0.3423853052991834 0.26965956128367513 0.06268181333545444 0.01890048620519007
1 0.44012972525464 0.603107226367109 0.07207499466899989 0.02095430913596861
1 0.36318651193509394 0.4974503686106214 0.06437158267027261 0.029919873360319826
1 0.41779110124923113 0.6418045561952925 0.0596295386696362 0.02498671189493056
1 0.4830802939210946 0.6069216231331772 0.06126476400381797 0.03131859905006031
1 0.45494784528168425 0.4045435736081471 0.07514545066836362 0.016430583446227987
1 0.32697848130172874 0.2500906897323777 0.06268181333545444 0.01890048620519007
1 0.51520354527373 0.4663309226582074 0.08143181333545435 0.019883132066746967
1 0.5541093145687772 0.7505731258467107 0.0971477200031817 0.02851450361804453
1 0.550580707988546 0.11328116576080241 0.08466590133672706 0.02942190637700661
