1 0.8080189477602078 0.6192266200835302 0.04087957313826394 0.012119566772189571
2 0.011218642573714865 0.9913069615993402 0.02243728514742973 0.016897994985435004
1 0.5356036595755553 0.365821509104693 0.07231141109416654 0.020841348904643377
1 0.6483030281166664 0.3941176568348374 0.059702308320625085 0.015790136051661817
1 0.7002103670224996 0.4143907044066973 0.053488675911805575 0.017170779625171308
1 0.628728878421666 0.7312766760351673 0.059702308320625085 0.015790136051661817
1 0.7459553588543745 0.5986580558186231 0.047056837955902785 0.00917642319868044
1 0.5888923137358677 0.3603360387298642 0.06286367591180557 0.01744356426490725
1 0.6989855206141313 0.8028992749398107 0.05036367591180557 0.017079851411925872
2 0.5545692522811108 0.4914580065974105 0.06904094072944442 0.01450042069139812
1 0.438130553952222 0.2879345383341528 0.07856141109416673 0.021023205331134064
1 0.6384175754193746 0.48295283630172403 0.0565409407294446 0.014136707838416562
1 0.5383961255718746 0.6489067937444292 0.07387391109416655 0.020886813011265916
1 0.5582423789903469 0.33364550659741055 0.06438980832062491 0.01592652837152997
1 0.6102347579806938 0.6525606426490725 0.05970230832062491 0.015790136051661817
1 0.6724100625015967 0.5339757787007343 0.054942073138263936 0.012528743731793846
1 0.5015468229508327 0.8213895475053528 0.07852504350298624 0.019460705331134066
1 0.6192863689223607 0.4651970349689405 0.06598867591180557 0.017534492478152686
1 0.419430532866319 0.52036059342786 0.07848867591180557 0.017898205331134065
1 0.4783717346136802 0.40637230126627644 0.07231141109416672 0.02084134890464324
1 0.09784778001652741 0.43126202335696495 0.1208216462765278 0.025375736209946355
1 0.7173614994313191 0.4164533095795468 0.0502909407294446 0.013954851411925873
2 0.8296419874634718 0.49633468936300246 0.040843205547083275 0.010557066772189571
