0 0.33760252467700225 0.13840956128367515 0.049338665946843815 0.016601001809022308
1 0.22208483960871045 0.4976407191310198 0.05372577729789594 0.012159163274411532
1 0.3239615268364706 0.1800238511977669 0.05256379549649317 0.018327276119281775
1 0.19484002159468328 0.43350297602842475 0.055588665946843904 0.01692855042954129
1 0.19279785780730774 0.4898348631835545 0.049238536397194554 0.015038501809022265
1 0.23493529303248306 0.49282706637205786 0.05392603639719455 0.015284163274411533
1 0.36930310765042423 0.1330160543862702 0.06017603639719464 0.015611711894930557
1 0.2056378192506448 0.4607205732694627 0.05090116594684391 0.0166828889641522
1 0.2923832549372455 0.2935983502932557 0.04913840684754529 0.013476001809022264
1 0.274450771133258 0.6101274310259504 0.06320090684754529 0.01421298620519007
1 0.19043671653746613 0.6245374118040735 0.05060077729789594 0.011995388964152021
2 0.24123655537098423 0.5535155828804011 0.06077681369509049 0.02498671189493056
1 0.30355368754152723 0.4250906897323777 0.05382590684754529 0.013721663274411534
1 0.2521123010520475 0.4694271879233553 0.06173853639719455 0.015693599050060313
1 0.36962448026024325 0.1769298286965297 0.06662629549649317 0.019064260515449582
1 0.284100385566629 0.3127611080951719 0.06017603639719456 0.015611711894930557
1 0.38580139034699096 0.2302971681356516 0.06330103639719456 0.01577548620519007
1 0.306916124307862 0.2747631411118586 0.06818879549649318 0.019146147670579337
1 0.28809655922849553 0.8130820126631562 0.07277616594684391 0.01782930913596843
1 0.30141857958656115 0.8498383842144538 0.07015181369509049 0.025478034825709272
1 0.4359680644702829 0.5605855336940554 0.07922642504614252 0.021281857756487454
1 0.23199914868032248 0.930074760854134 0.06682655459579187 0.022189260515449404
