1 0.7739253817219817 0.361751176588458 0.017662688998963994 0.04447774607105863
1 0.8304964052956301 0.4583393862655864 0.012140435070022448 0.05981164764263518
1 0.7651689658823815 0.3480332789458228 0.013047963606069857 0.04582192224974104
1 0.6561257597199097 0.2685747572342011 0.012829639784752267 0.041134422249741044
1 0.5894476819696507 0.25450794912864927 0.02093323821317572 0.04774829528527036
1 0.6743856081483331 0.26316166521591844 0.009559090570540541 0.037863873035529315
0 0.8889681848651347 0.37963649751429146 0.012140435070022448 0.05981164764263518
1 0.8384394919372294 0.40546909739045695 0.011849336641598995 0.05356164764263518
1 0.5321424501666158 0.27454431327283835 0.01297518899896417 0.04425942224974104
1 0.6849378103818634 0.3223739993763183 0.011849336641599173 0.05356164764263518
1 0.39035521050569794 0.25932807402620534 0.01602741439185813 0.04284247146395277
1 0.7994711912752756 0.3511968203021517 0.015047111248705036 0.055269696856846906
2 0.5666608453280515 0.30668687923627314 0.013266287427387446 0.050509422249741046
1 0.7503936823839354 0.4131124693925289 0.015265435070022626 0.05995719685684686
1 0.869597446651959 0.42571097683612696 0.01839043507002245 0.06010274607105859
1 0.6675662198113229 0.3591462533052597 0.019807385855810898 0.0570505206781645
1 0.5398328639393014 0.4792510839510028 0.01882708271265763 0.06947774607105864
1 0.25593736104381726 0.35485028163641924 0.013848484284234264 0.06300942224974104
1 0.23146389991894675 0.3591910252262784 0.018608758891340216 0.06479024607105854
1 0.47636117700725195 0.3291012266312392 0.018172111248705037 0.05541524607105863
1 0.14685561352501658 0.30983953453190327 0.013702935070022581 0.05988442224974104
1 0.6543642065767565 0.25596559532354235 0.01326628742738727 0.050509422249741046
