1 0.6962772222403678 0.4919557231879203 0.03470238221398514 0.011778734160558102
1 0.7070981272350256 0.6978997205900302 0.03324900961864685 0.014794473516896467
1 0.6931671243246188 0.3343235396477807 0.03782738221398514 0.011997255447881638
1 0.7100743713293939 0.2986973960843981 0.03782738221398514 0.011997255447881638
1 0.6879464001853345 0.2595584864294721 0.044131945916315904 0.013996798022528623
1 0.6599255491895426 0.38916957677454606 0.04407738221398514 0.012434298022528623
1 0.5986258844066018 0.8438135181083556 0.04563988221398514 0.01254355866619008
1 0.5783928401112007 0.16731672008582715 0.05663194591631608 0.014870883171822457
1 0.6311283603599847 0.877412621947083 0.04407738221398514 0.012434298022528623
1 0.6244642535433791 0.28331306068300266 0.044186509618646855 0.015559298022528622
1 0.5454463869384906 0.3482717891435777 0.056577382213984964 0.013308383171822414
1 0.6577331105296207 0.22768577355623737 0.04574900961864685 0.015668558666190345
1 0.5768649902117171 0.7044560871661062 0.04429563702330856 0.018684298022528623
1 0.6064558088081894 0.3729000845682162 0.05049107332097762 0.017558840597175517
2 0.6074131296820964 0.5248996271428631 0.04876488221398514 0.012762079953513705
0 0.5746576163504344 0.9470806297407531 0.048983137023308566 0.019012079953513707
1 0.438422604539171 0.138733262156271 0.06315476442797027 0.023120425746469397
1 0.37617557568323046 0.17197209705346334 0.07554563702330856 0.020869510895763277
1 0.515436483124959 0.22086805498301948 0.061483137023308564 0.019886165102807673
1 0.4135912078123976 0.49098417700697716 0.06633432813030109 0.024901447033792934
1 0.23624496861217073 0.5459344849168628 0.0758730192372937 0.030244510895763455
2 0.7463590346767542 0.7398029973252354 0.031577382213985136 0.011560212873234655
1 0.7504488562684515 0.44327220475058837 0.03168650961864685 0.014685212873234831
