1 0.17441239590254531 0.686029742873864 0.0539260363971946 0.014045779625171128
2 0.03969503933185526 0.5897504732778227 0.045913277297895926 0.010693459092057721
1 0.3332249938353621 0.6139454573761981 0.07287629549649317 0.017716348904643197
1 0.0592238942045023 0.4682164540774928 0.04601340684754525 0.012255959092057723
1 0.5708299136397172 0.8634981426490725 0.09398983189368781 0.03080738229073816
1 0.19081864590254533 0.6865071159934022 0.06476340684754525 0.01280152837152997
1 0.20874423041712675 0.5289219365265156 0.0632009068475452 0.012756064264907252
2 0.3486497347360634 0.6175250984424249 0.07277616594684391 0.0161538489046432
1 0.14741430907161202 0.4355607299417403 0.05372577729789594 0.010920779625171129
1 0.27588497224067876 0.18961539561857332 0.06682655459579187 0.020659492478152595
1 0.2669782325765951 0.5728825366848002 0.057351425046142525 0.01882420783841656
1 0.5288426727390159 0.85914561177026 0.08617733189368781 0.030580061757624934
1 0.2791208798634163 0.737604266230829 0.06662629549649317 0.017534492478152686
1 0.26118691240309955 0.46783132383181875 0.06642603639719465 0.014409492478152685
1 0.2809963695275 0.35413253668480016 0.06965116594684381 0.01606292069139794
1 0.3458682888704299 0.7708546869222269 0.07600129549649318 0.017807277117888633
1 0.4233493460871154 0.6243948755603136 0.07630168414544118 0.02249477711788863
1 0.36303600247323536 0.7838775241483878 0.07952681369509058 0.024148205331134064
1 0.49964264728682134 0.1789065308123054 0.09056444324473993 0.026028954077492818
1 0.5006580274547794 0.37069922571859815 0.08587694324473993 0.025892561757624756
1 0.5184615869878169 0.6302931860642971 0.08587694324473993 0.025892561757624933
1 0.856643905001844 0.7027498254146642 0.11440246144333699 0.032960915676833125
