1 0.40809655219319546 0.48314278384793125 0.034921031570031145 0.011377115756780753
1 0.33321692051022495 0.5877855102409951 0.03483002630835923 0.009814615756780753
1 0.4254660627165391 0.4872688417263215 0.042733531570031145 0.011832142065139984
1 0.36045571274477406 0.45389562862861155 0.0347390210466874 0.008252115756780753
1 0.6349768415851471 0.5820030310053338 0.05412605787839038 0.020281678896842868
1 0.3889054783886152 0.6081581943995097 0.03795502630835923 0.009996626280124233
1 0.4038486679499761 0.5171537628012437 0.04429603157003115 0.0119231473268119
1 0.47106553100533366 0.6285154680064459 0.045949536831702886 0.01357665258848364
1 0.4392540888837241 0.643791857511337 0.04429603157003115 0.0119231473268119
1 0.5877587492941283 0.7739028336926393 0.04907453683170289 0.013758663111827473
0 0.4679376149097346 0.9491163943430401 0.047603042093374806 0.015230157850155735
1 0.3684263784168501 0.5773786312594476 0.03804603157003115 0.011559126280124232
1 0.48646999410304365 0.6924792574689848 0.047603042093374806 0.01523015785015538
1 0.3974797576807463 0.24738729437127488 0.042733531570031145 0.011832142065139984
1 0.45555392307047365 0.6696564074972196 0.047603042093374806 0.01523015785015538
1 0.5165152679217413 0.553302636379945 0.053762036831702886 0.01403167889684287
1 0.48263600768074627 0.2523470811323906 0.0491655420933748 0.015321163111827296
1 0.4930036312594476 0.3635120942865703 0.050546031570031145 0.012287168373499214
2 0.4255038600715858 0.5012858390954855 0.0429155420933748 0.014957142065139806
1 0.5762872971432851 0.2694806442018657 0.05872255261671846 0.01899219468185844
1 0.7786105334244081 0.8691074598315893 0.060467063140062116 0.02220819994353036
2 0.9133257096198278 0.9928929982963526 0.08610409997176519 0.01421400340729484
2 0.30693035239083954 0.2701429839326358 0.033358531570031144 0.011286110495108836
1 0.3157872258283665 0.5291539628859484 0.034921031570031055 0.011377115756780753
