2 0.543092697246647 0.9100197153624079 0.009975017856907442 0.03475700197716627
1 0.4325643003309022 0.8911025720922098 0.011701159090609536 0.04419566897336082
1 0.6155870803626742 0.7821547005336603 0.013427300324311631 0.053634335969555025
1 0.6278240276027307 0.7519896980622023 0.00876707386326192 0.05500583498097189
1 0.6980019342577083 0.6226576837277463 0.01687958279171564 0.07251166996194378
1 0.5330587727314667 0.5903438853243518 0.013754582791715642 0.07238433596955503
1 0.3327860373419633 0.6141182608372338 0.01068412986961631 0.07538200197716627
1 0.49158256453436167 0.7302168102292116 0.013563668019063257 0.061446835969555025
1 0.7512826672115797 0.5221191728533313 0.013863676947516978 0.07863433596955502
1 0.3826518494373977 0.7986723329666245 0.013509120941162588 0.05832183596955502
1 0.567891694403978 0.6521607944118808 0.018278441558013548 0.06320033695813834
1 0.5319344237044014 0.43112805281483774 0.01726141233702041 0.09438666996194396
2 0.591212191968346 0.5684569564651593 0.016961403408566687 0.07719916996194395
1 0.5454571814150391 0.37202496684528263 0.02030459172016954 0.08982650395433271
1 0.3935774870176518 0.6647284144875554 0.032450035713814884 0.07002333992388791
1 0.08112235146599259 0.7196174802283365 0.016825035713814974 0.06938666996194395
1 0.725587191968346 0.5629815947924416 0.018551176947516977 0.07882533695813834
1 0.8059640332814781 0.2966124954770136 0.023620506492821748 0.10089133794672148
1 0.7839975300350674 0.34747199992563793 0.023320497564368027 0.08370383794672147
1 0.3222475523562017 0.3233486807991778 0.03132391233702041 0.09495967292769344
1 0.5712828904229232 0.10007171239665831 0.03159664772652384 0.11058467292769344
1 0.1667554829571667 0.37574546342242254 0.04069891233702041 0.09534167490485981
