1 0.5695590607978651 0.2492752002127606 0.010775673916276674 0.03503056386197043
1 0.36413939034162973 0.2456195945324479 0.013837006920082207 0.03368658514929388
1 0.7269404792769343 0.24688825552475624 0.01090300790866543 0.038155563861970346
1 0.7630225593149904 0.22869563039870547 0.01090300790866543 0.03815556386197043
1 0.8014775642579064 0.24951087495082383 0.012720175893442941 0.044514824505632156
1 0.6711825692008222 0.28212626901840954 0.011157675893442942 0.044405563861970435
1 0.21521641209045955 0.3594521376112979 0.011221342889637321 0.045968063861970346
1 0.8904365879839025 0.3561108001930901 0.013229511862997968 0.05701482450563215
1 0.18259757167228016 0.3280436004845326 0.011157675893442942 0.044405563861970435
1 0.775899244105682 0.3139775665367351 0.012720175893442941 0.044514824505632156
1 0.7087064269192072 0.39545679550151314 0.011667011862998145 0.05690556386197043
1 0.8324384041817943 0.27868492272125084 0.014346342889637497 0.04618658514929388
1 0.3537987510257642 0.3763997009690653 0.017407675893442942 0.044842606436617416
1 0.6858790805695287 0.3351584338691157 0.016099843878220454 0.0509833457929556
2 0.5340619125847512 0.33950671630430396 0.011348676882026254 0.04909306386197034
0 0.11135658304098665 0.38708510073663416 0.01759867688202612 0.04953010643661741
1 0.9149166176413978 0.4954246724691493 0.021296679847775835 0.06381112772394086
1 0.879899630492979 0.558984427917031 0.018681015817330858 0.07609260643661742
1 0.8351071008354838 0.4210909440085743 0.018108012851581277 0.06203010643661742
1 0.5623009536109529 0.5326175779367015 0.022986513840164414 0.0670453883676025
1 0.5022441571847247 0.712315785614156 0.02805601581733086 0.07674817029858776
2 0.3234215484405755 0.20772611062399124 0.010648339923887829 0.03190556386197043
1 0.6197699664253531 0.1932712186500925 0.013773339923887917 0.03212408514929388
