1 0.5953125 0.178125 0.0109375 0.03984375
2 0.990625 0.9765625 0.01484375 0.04453125
1 0.35 0.45625 0.01953125 0.07265625
1 0.375 0.34296875 0.0140625 0.05859375
1 0.39375 0.290625 0.015625 0.05234375
1 0.7125 0.3546875 0.0140625 0.05859375
1 0.5765625 0.240625 0.0078125 0.04765625
1 0.34296875 0.403125 0.01484375 0.06328125
1 0.78203125 0.2828125 0.015625 0.05
2 0.475 0.434375 0.01328125 0.06875
1 0.275 0.55546875 0.01875 0.07734375
1 0.4640625 0.35078125 0.0109375 0.05546875
1 0.6328125 0.446875 0.01796875 0.0734375
1 0.3171875 0.434375 0.0140625 0.0640625
1 0.634375 0.375 0.0140625 0.06015625
1 0.5140625 0.315625 0.01171875 0.0546875
1 0.80625 0.4796875 0.0171875 0.07734375
1 0.446875 0.3703125 0.0140625 0.065625
1 0.5078125 0.56875 0.01640625 0.07890625
1 0.3921875 0.5125 0.01796875 0.07265625
1 0.428125 0.8921875 0.02109375 0.1203125
1 0.3953125 0.2734375 0.0109375 0.04921875
2 0.471875 0.159375 0.009375 0.04140625
