2 0.922556839287083 0.47863419672805174 0.03459320554708327 0.010775673916276674
1 0.8965372403132633 0.5886166917851359 0.04400457313826393 0.012720175893442941
1 0.799193380890208 0.4032283370325004 0.053415940729444424 0.01466467787060921
1 0.7697786378240622 0.39029991410480697 0.054869337955902785 0.010040844866803678
1 0.6447981280404165 0.3171741374130613 0.07223867591180558 0.018553681824942013
1 0.6018806633752775 0.48120746250820157 0.0721659407294446 0.015428681824942104
1 0.6128506117041661 0.6818441324701453 0.07521820554708328 0.01243101581733086
1 0.7392527235957636 0.5259044916714052 0.0612284407294446 0.014983012851581278
1 0.5475607585493748 0.26160061665281453 0.07841594072944442 0.015683349809719617
1 0.800805859804305 0.6363273385153752 0.05810344072944451 0.014855678859192523
1 0.6659983679724302 0.4478484758540743 0.06290004350298624 0.019734179847775656
1 0.44241474439732603 0.4786196788963736 0.09411367591180557 0.019445019771663397
2 0.583695014248958 0.4225991250557716 0.07692617591180557 0.01874468281352506
1 0.38411193512677044 0.46373216653908383 0.08949891109416672 0.02237901878308026
1 0.6674121315557981 0.6222900603407547 0.06947735182361114 0.03405134783255335
1 0.702344297115277 0.9357278192380033 0.06911367591180557 0.01842634783255335
1 0.5868226270904859 0.28822412505577155 0.07852504350298624 0.020370849809719614
1 0.32530520526274287 0.2017149861970166 0.10050914627652778 0.025949687756441065
1 0.3748142427818054 0.22484608007523713 0.08332164627652779 0.02524935079830275
1 0.32108068579236054 0.6855952376798914 0.09444098423243057 0.0335075197716634
1 0.11350914760770799 0.43159219269935695 0.11006598423243057 0.034144189733607354
1 0.36357404426548545 0.842160914067626 0.09465918977951393 0.042882519771663394
