1 0.3832589664195541 0.2921159214828208 0.05668650961864685 0.014136707838416562
1 0.3065576010806099 0.46470632383181876 0.044131945916315994 0.012210494985435005
1 0.3974677993591786 0.3190648663891136 0.055069445916316 0.012528743731793846
1 0.4843998257680484 0.19359951662654043 0.06929563702330857 0.01762542069139794
1 0.3459995577966991 0.4096611226573197 0.05038194591631599 0.012392351411925873
0 0.4375744110699257 0.05955948574772803 0.06606150961864685 0.014409492478152597
1 0.315843321043543 0.507121144364932 0.04731150961864685 0.013863923198680439
1 0.3249479917321155 0.5667007328447342 0.05054563702330857 0.017079851411925872
1 0.4120834039831675 0.5364569548689155 0.05992063702330856 0.01735263605166182
1 0.48120784918169335 0.10219326662654042 0.066388891832632 0.023784492478152598
1 0.5014335914619631 0.45788933715965385 0.06945932813030105 0.022312920691397942
1 0.39653281505309323 0.5828318496960662 0.06299107332097771 0.015881064264907253
1 0.41234626569391464 0.2757922395086517 0.063263891832632 0.023693564264907253
1 0.44692465153609684 0.3720140216411053 0.06455357332097762 0.01592652837152997
1 0.42324407095872496 0.18557641646825584 0.0629910733209778 0.015881064264907253
1 0.5184300853866952 0.2070769949189281 0.06940476442797028 0.02075042069139794
1 0.469389895460829 0.12136080377355898 0.06627976442797028 0.020659492478152595
2 0.39129967802978466 0.5670704573761981 0.06449900961864685 0.01436402837152997
1 0.5131697658635507 0.9280654448397858 0.07085813702330857 0.017670884798020835
1 0.5363492500848179 0.34027593982522086 0.078888891832632 0.024148205331134064
1 0.5000397609694092 0.596769980733163 0.07263889183263199 0.0239663489046432
1 0.37632692014041835 0.27240281505633007 0.053670637023308564 0.017170779625171127
