1 0.3890625 0.1953125 0.0078125 0.03515625
1 0.3875 0.3328125 0.0140625 0.05
2 0.4921875 0.328125 0.0203125 0.05078125
1 0.7421875 0.2578125 0.01171875 0.04453125
1 0.4859375 0.2703125 0.0140625 0.0453125
1 0.2609375 0.2859375 0.0109375 0.0484375
1 0.33671875 0.321875 0.0140625 0.046875
1 0.3671875 0.39296875 0.015625 0.06015625
1 0.2859375 0.2578125 0.0140625 0.0453125
1 0.215625 0.3234375 0.0109375 0.053125
1 0.8734375 0.36875 0.0140625 0.05703125
1 0.609375 0.43828125 0.025 0.05859375
1 0.340625 0.475 0.0203125 0.05859375
1 0.909375 0.3875 0.0171875 0.05859375
1 0.2515625 0.4 0.01484375 0.053125
1 0.184375 0.415625 0.01875 0.06015625
1 0.340625 0.871875 0.0328125 0.090625
1 0.184375 0.534375 0.0171875 0.071875
1 0.43203125 0.5859375 0.02265625 0.0734375
1 0.30390625 0.53671875 0.01796875 0.071875
1 0.11640625 0.5375 0.01640625 0.06484375
2 0.7390625 0.19375 0.01328125 0.03984375
