1 0.35405762757429776 0.6318975354743439 0.034647818511654285 0.010015350092285047
0 0.370959929295729 0.779584063851974 0.03626488221398514 0.0116779796419344
1 0.36831110053245575 0.6364651195275 0.034647818511654285 0.010015350092285047
2 0.2975868835647475 0.5619145049372455 0.028343254809323426 0.008052331893687814
1 0.33044402358328095 0.538667969619785 0.028343254809323426 0.008052331893687637
1 0.3500521738534334 0.6517291741232919 0.03777281851165419 0.010215609191583753
1 0.33055311787083286 0.2951485070967138 0.028397818511654283 0.009614831893687814
1 0.33464788474587387 0.4796737014211878 0.034593254809323425 0.008452850092285047
1 0.37142866604888514 0.6808962399778506 0.03949900961864685 0.015003238741233105
1 0.3769494905509892 0.6147705922296041 0.03626488221398514 0.0116779796419344
1 0.4046578282999372 0.6458808898855656 0.04262400961864685 0.01520349784053181
1 0.3487327213136955 0.5915228593484672 0.04095238221398514 0.011978368290882457
1 0.3753001665970393 0.47785158313030546 0.04407738221398514 0.012178627390180986
1 0.33785224109914336 0.4144794979974152 0.03777281851165428 0.010215609191583753
1 0.3975199400955022 0.7105441671834616 0.04407738221398514 0.012178627390180986
1 0.35385915389834954 0.1777712399778507 0.03933531851165428 0.010315738741233016
1 0.3487549916472975 0.21098425817644798 0.03481150961864685 0.014702850092285048
1 0.46112601687504096 0.15523730105204755 0.059811509618646855 0.0163049228866742
1 0.44448415389834955 0.17196372609819008 0.05824900961864685 0.016204793337024893
1 0.4171379146981227 0.10637829889257922 0.05356150961864685 0.015904404688076922
2 0.35964788474587384 0.4780716286267987 0.04127976442797028 0.021353368290882458
1 0.30777784989948354 0.5174135333148756 0.028506945916315994 0.012739831893687636
1 0.31439987213200216 0.5052442003414537 0.031577382213985136 0.011377590992986342
