1 0.3719756240745611 0.3110468319088495 0.010417281743586493 0.03483002630835923
0 0.22442611785078376 0.33141108176767514 0.012098180913749524 0.03648353157003115
1 0.3675724666060283 0.32542785032470095 0.010417281743586493 0.03483002630835923
2 0.4413283527039368 0.2528633346102726 0.00838118506293437 0.0284890210466874
1 0.46496768486244183 0.2852285135777026 0.00838118506293455 0.0284890210466874
1 0.352089176564072 0.3074968976797476 0.010654080083912554 0.03795502630835923
1 0.7085876302983384 0.2796709453877301 0.00994368506293437 0.02858002630835923
1 0.5240350315430938 0.2880658162650083 0.008854781743586494 0.0347390210466874
1 0.32315961577619134 0.3295840002823487 0.015459979254075584 0.039790542093374806
1 0.38937661162700643 0.333574279292131 0.012098180913749524 0.03648353157003106
1 0.35857689751977784 0.36204788978723984 0.015696777594401645 0.0429155420933748
1 0.41230462614915353 0.30477444510538143 0.012453378424238614 0.041171031570031144
1 0.5263321599673325 0.3287363188958442 0.012690176764564676 0.04429603157003106
1 0.5892931786386645 0.28975784790562653 0.010654080083912554 0.03795502630835923
1 0.2938040024987997 0.35640410551578566 0.012690176764564676 0.04429603157003115
1 0.8262846157761914 0.3002803060240133 0.010772479254075762 0.03951752630835923
1 0.7929985190955392 0.29594141651912215 0.01510478174358667 0.0351030420933748
1 0.8500791585174401 0.40718275340729476 0.016999168466195157 0.0601030420933748
1 0.8331517676456468 0.3909053060240133 0.016880769296032126 0.0585405420933748
1 0.8984448809230383 0.3619920797721238 0.016525571785543036 0.053853042093374805
2 0.5259294182657023 0.3130658162650083 0.021828378424238615 0.04171706314006211
1 0.4859663464801594 0.2620339372834608 0.013068685062934548 0.028762036831702885
1 0.498217892745893 0.26838264782092197 0.011742983403260432 0.03179603157003115
