1 0.380740853128144 0.6492705572883657 0.034966995850815155 0.008212489337999784
0 0.40370752429363127 0.7975716972867748 0.036647895020978184 0.009793170671545148
1 0.3952177502237146 0.6545756752864567 0.034966995850815155 0.008212489337999784
2 0.32126984213048193 0.5764603132956836 0.028598596680652122 0.006577264003817973
1 0.3532652033332811 0.5549756646244565 0.028598596680652122 0.006577264003817973
1 0.3775333427551818 0.668856351289002 0.03809199585081515 0.00824885200509069
1 0.34344788237293083 0.31190691728995656 0.028716995850815153 0.008139764003817973
1 0.35507523445216765 0.4963091892902747 0.03484859668065212 0.006649989337999785
1 0.40015462657336076 0.6990887439529112 0.04000969336130424 0.012954533338636054
1 0.4029943614265138 0.6333728372851841 0.036647895020978184 0.009793170671545327
1 0.4320432439999372 0.6658762546149115 0.043134693361304245 0.012990896005726959
1 0.37375622470390535 0.6086910106222293 0.04133539502097818 0.009847714672181596
1 0.3957594340372491 0.49661772461809317 0.044460395020978184 0.009884077339272324
1 0.3556304188904022 0.43140180462286565 0.03809199585081515 0.00824885200509069
1 0.4275226099766213 0.7300478426161842 0.044460395020978184 0.009884077339272324
1 0.3620300937808671 0.19596374395291125 0.03965449585081515 0.008267033338636143
1 0.35826647635429054 0.22884896928709303 0.035322193361304245 0.012899989337999785
1 0.4686586020792369 0.17908423193827555 0.06032219336130425 0.013190890674726896
1 0.452655093780867 0.19490922660727544 0.058759693361304245 0.013172709341181444
1 0.42256392946385707 0.1280126279440026 0.0540721933613042 0.01311816534054513
2 0.874538981328668 0.025011065881641807 0.11439438672260849 0.026309056015272024
2 0.3800752344521677 0.49601828795354763 0.04204579004195628 0.019222714672181597
1 0.3296734153659172 0.5325739532940927 0.028953794191141212 0.011264764003817974
1 0.3358166715896945 0.5207733872931383 0.03196039502097818 0.009738626670908879
