0 0.2125 0.3390625 0.00859375 0.0375
1 0.4328125 0.3125 0.009375 0.0359375
1 0.4375 0.325 0.0078125 0.02890625
1 0.3453125 0.33125 0.0109375 0.0390625
1 0.315625 0.3390625 0.009375 0.034375
1 0.3515625 0.359375 0.0109375 0.0375
1 0.41875 0.3625 0.0109375 0.0390625
1 0.728125 0.34375 0.0078125 0.0390625
1 0.3 0.340625 0.0078125 0.0375
1 0.290625 0.37734375 0.009375 0.04140625
1 0.278125 0.36796875 0.00859375 0.04140625
1 0.5890625 0.353125 0.0109375 0.04453125
1 0.496875 0.33984375 0.0078125 0.0375
2 0.46875 0.3625 0.01171875 0.040625
1 0.52890625 0.365625 0.009375 0.04375
1 0.89375 0.38203125 0.0078125 0.0453125
1 0.85078125 0.365625 0.01328125 0.0421875
1 0.9 0.4484375 0.01640625 0.059375
1 0.859375 0.4640625 0.0109375 0.06015625
1 0.8640625 0.48984375 0.015625 0.06484375
1 0.3671875 0.3171875 0.01171875 0.02578125
1 0.3765625 0.3140625 0.01171875 0.03203125
2 0.4375 0.271875 0.00703125 0.028125
