2 0.13804166666666667 0.28633333333333333 0.008854166666666666 0.03896296296296296
1 0.66753125 0.32049074074074074 0.008854166666666666 0.03888888888888889
1 0.44453125 0.29814814814814816 0.0078125 0.02962962962962963
1 0.511921875 0.27870370370370373 0.00684375 0.034499999999999996
1 0.5489427083333334 0.29191666666666666 0.010375 0.03938888888888889
1 0.46927083333333336 0.27175925925925926 0.00625 0.032407407407407406
1 0.5861979166666667 0.29212962962962963 0.0078125 0.03611111111111111
0 0.8572916666666667 0.31666666666666665 0.011458333333333333 0.040740740740740744
1 0.3484375 0.2773148148148148 0.007291666666666667 0.030555555555555555
1 0.35885416666666664 0.2791666666666667 0.008333333333333333 0.03425925925925926
1 0.31302083333333336 0.29444444444444445 0.009375 0.03518518518518519
2 0.44114583333333335 0.32546296296296295 0.009375 0.04351851851851852
1 0.5802083333333333 0.29444444444444445 0.007291666666666667 0.03518518518518519
1 0.13958333333333334 0.3125 0.010416666666666666 0.04537037037037037
1 0.15625 0.31073148148148144 0.010416666666666666 0.0415
1 0.12005208333333334 0.35833333333333334 0.0109375 0.044444444444444446
1 0.47604166666666664 0.30416666666666664 0.008333333333333333 0.041666666666666664
1 0.12890625 0.3939814814814815 0.009895833333333333 0.049074074074074076
1 0.6493333333333333 0.325 0.011744791666666667 0.046296296296296294
1 0.46510416666666665 0.3263888888888889 0.010416666666666666 0.041666666666666664
1 0.2518229166666667 0.41203703703703703 0.0234375 0.05185185185185185
1 0.6653645833333334 0.34444444444444444 0.0109375 0.04814814814814815
1 0.43942708333333336 0.346212962962963 0.013802083333333333 0.032546296296296295
