0 0.3390625 0.8072481417827913 0.0375 0.011559126280124232
1 0.3125 0.5853885523343698 0.0359375 0.011468121018452493
1 0.325 0.5814290944277446 0.028125 0.009450594710093263
1 0.33125 0.673980615474432 0.0390625 0.013212631541796327
1 0.3390625 0.7041231417827912 0.034375 0.011377115756780753
1 0.359375 0.6693687101845253 0.0375 0.01312162628012441
1 0.3625 0.602363220707869 0.0390625 0.013212631541796327
1 0.34375 0.2918961575678068 0.0390625 0.010087631541796238
1 0.340625 0.7198391470444631 0.0375 0.00999662628012441
1 0.37734375 0.7313527706937515 0.040625 0.011741136803468066
1 0.36796875 0.7433067391237205 0.040625 0.011741136803468066
1 0.353125 0.4315046891378379 0.04375 0.013485647326811723
1 0.33984375 0.5229186444136271 0.0375 0.009996626280124233
2 0.3625 0.5523632207078689 0.040625 0.014866136803468067
1 0.365625 0.49238898123121266 0.04375 0.011923147326811722
1 0.38203125 0.12850078647876712 0.0453125 0.010451652588483639
1 0.365625 0.1705139812312127 0.0421875 0.014957142065139895
1 0.4484375 0.1261185100998207 0.059375 0.01908319994353027
1 0.4640625 0.16765356271653917 0.059375 0.014395699943530271
1 0.48984375 0.16446764953412468 0.065625 0.019447220990217673
1 0.3171875 0.6512865681193853 0.025 0.013956084186749606
1 0.3140625 0.6417295575960417 0.03125 0.014320105233436919
2 0.271875 0.5783349155309018 0.028125 0.007888094710093264
