0 0.7412827477310862 0.720610681762164 0.011997255447881727 0.038210395020978186
1 0.5191128167888366 0.7304788987691777 0.011887994804219915 0.036647895020978184
1 0.5152994019381305 0.7176237012586887 0.009779191585911206 0.028716995850815153
1 0.6079239445127774 0.7183592522983071 0.013669016091543362 0.039891294191141215
1 0.6381577477310861 0.7127963365314045 0.011778734160558102 0.03508539502097818
1 0.6036406360986886 0.689760655617655 0.013559755447881728 0.03832879419114121
1 0.5366716573860122 0.6815444913006449 0.013669016091543362 0.039891294191141215
1 0.22598552966207128 0.6768514556083661 0.010544016091543363 0.03965449585081515
1 0.6538920083747477 0.7124178282330347 0.010434755447881727 0.03809199585081515
1 0.6658346335007985 0.6764094732540128 0.012215776735204997 0.04133539502097818
1 0.6776790696388282 0.686731666615317 0.012215776735204997 0.04133539502097818
1 0.3657035935240417 0.6780139817528752 0.013996798022528623 0.04457879419114121
1 0.456962378052917 0.6982807827924937 0.010434755447881727 0.03809199585081515
2 0.48667165738601204 0.6777557178554281 0.015340776735204998 0.041572193361304244
1 0.4267339286733356 0.6700723498041518 0.012434298022528623 0.044460395020978184
1 0.0630374154317838 0.6260198935710857 0.010981058666190303 0.04590449585081515
1 0.10485892867333557 0.6456821207505687 0.015450037378866854 0.043134693361304245
1 0.06143099278740753 0.5591400468904336 0.019776904459145928 0.0605589917016303
1 0.10314859922402489 0.5465934253146723 0.015198665102807674 0.06176629419114121
1 0.10026389984444353 0.5204569778041831 0.020213947033792857 0.06680899170163031
1 0.5850655987198218 0.7307641639160247 0.01424817029858776 0.025947193361304244
1 0.5754720774324984 0.7331787688950465 0.014685212873234831 0.03219719336130424
2 0.5115845400536314 0.7707487012586887 0.008216691585911207 0.028598596680652122
