1 0.6998885554872226 0.6649502299047197 0.010216234160558103 0.03442045179539797
0 0.8475066006597596 0.6523678957921561 0.011887994804219915 0.03599204215447767
1 0.704373959694267 0.650855913647941 0.010216234160558103 0.03442045179539797
2 0.6302205476935525 0.7192837267814618 0.008216691585911207 0.028161361436318443
1 0.606777693854825 0.6858126966290367 0.008216691585911207 0.028161361436318443
1 0.7197475874182079 0.6695241004162245 0.010434755447881727 0.03754545179539796
1 0.3632080103146856 0.6786324974659171 0.009779191585911206 0.028170451795397965
1 0.5477469012801782 0.6799035850945223 0.008653734160558101 0.03441136143631844
1 0.7487959490506053 0.649034338414172 0.015231516091543362 0.03913522287263689
1 0.6826246458322965 0.641603633495516 0.011887994804219915 0.03599204215447767
1 0.7135797148900471 0.614850235954844 0.01545003737886681 0.042260222872636886
1 0.6595367070963769 0.6690928292407898 0.012215776735204997 0.040679542154477666
1 0.5456873745449731 0.6392740399149826 0.012434298022528623 0.04380454215447767
1 0.4825207390273622 0.6748120849963264 0.010434755447881727 0.03754545179539796
1 0.7782977787520174 0.6238525312325797 0.012434298022528623 0.04380454215447784
1 0.24567094905060521 0.6519614340378089 0.010544016091543363 0.039107951795397965
1 0.2789204916252522 0.658020536497137 0.014903734160558102 0.034447722872636886
1 0.22250696463794553 0.5442398376286051 0.01665190445914595 0.05944772287263689
1 0.2393338317182246 0.5613364340378089 0.016542643815484225 0.057885222872636886
1 0.1738945020168124 0.5867273194782324 0.016214861884498964 0.05319772287263689
2 0.04411562278026228 0.1279204669207086 0.03442926634364492 0.11265453610435353
2 0.5459987309815905 0.6549035850945224 0.021590776735205174 0.04073408430895533
1 0.5856510928660894 0.7078195068356912 0.012904191585911207 0.028188632513557365
1 0.5734406699696116 0.7008564345287882 0.011560212873234832 0.031304542154477664
