0 0.6535168364830036 0.17786173338011496 0.03782738221398514 0.01134029172311406
1 0.672385854454353 0.3967821517429092 0.03626488221398514 0.011258404567984303
1 0.6597221633473603 0.4021247489839472 0.028397818511654193 0.009286468792335611
1 0.6566914217848808 0.31026479760446624 0.03944444591631609 0.012984678878243727
1 0.6499156321291671 0.28098673338011493 0.03470238221398514 0.011176517412854548
1 0.6283481669755574 0.31798876639680174 0.037881945916316086 0.01290279172311406
1 0.6228769277753307 0.38534004070706124 0.03944444591631609 0.012984678878243727
1 0.6308233147138212 0.6937323948455042 0.03933531851165419 0.009859678878243728
1 0.6488987691524757 0.26544362053524473 0.03777281851165419 0.00977779172311406
1 0.6125074013664608 0.2579929686807939 0.04095238221398514 0.011504066033373572
1 0.6223189109851076 0.2450016457500154 0.04095238221398514 0.011504066033373483
1 0.6263044842212674 0.5551612177762827 0.044131945916316084 0.013230340343633174
1 0.6428049926587878 0.46227767695767985 0.03777281851165419 0.00977779172311415
2 0.6211308893007432 0.4353400407070612 0.04106150961864685 0.014629066033373661
1 0.6159051867610053 0.49566006501732074 0.04407738221398514 0.011667840343633173
1 0.5867583122667505 0.8613636301461831 0.04558531851165419 0.010187227498762752
1 0.6046650640808491 0.8175350650173208 0.04262400961864685 0.01471095318850324
1 0.520133807457427 0.8710938342391976 0.05992063702330856 0.01873671189493038
1 0.5059274637180293 0.8312877057904953 0.059756945916316084 0.01404921189493038
1 0.4799825226110367 0.8373263438501362 0.06617063702330857 0.019064260515449405
1 0.6699900299522489 0.3314028132082984 0.025436509618646852 0.013810194482076099
1 0.6727876477382637 0.34061403889803893 0.03168650961864685 0.014137743102595034
2 0.7128471633473603 0.3993405857095356 0.028343254809323426 0.007723968792335523
