1 0.654615926844845 0.36244032902527834 0.03469333498097207 0.008612587005972294
0 0.6489455414833122 0.2137300720914242 0.03631950197716627 0.01021145459715278
1 0.6407762613315254 0.3566442707046534 0.03469333498097189 0.008612587005972294
2 0.7055298280237088 0.4371325109210075 0.028379667984777514 0.006904616641249995
1 0.6710765735750843 0.4574443577106256 0.028379667984777514 0.006904616641249995
1 0.6600992642972751 0.34301818179882 0.03781833498097207 0.008685322188333355
1 0.6525826056668566 0.7002130859591326 0.02844333498097189 0.008467116641249994
1 0.6624390612177947 0.5158926373459034 0.03462966798477751 0.007050087005972294
1 0.6410282707230657 0.31207665311347277 0.039571835969555026 0.013409189779513931
1 0.6305417568829011 0.37751981515757 0.03631950197716627 0.01021145459715278
1 0.6053162638029834 0.3440890661075005 0.04269683596955502 0.01348192496187508
1 0.6568668349437908 0.40315624800322974 0.041007001977166266 0.010320557370694417
1 0.6218458947158918 0.5141658299752089 0.04413200197716627 0.010393292553055567
1 0.6543281308757274 0.5806091007767714 0.03781833498097207 0.008685322188333445
1 0.6173016106469534 0.28024477165458384 0.04413200197716627 0.010393292553055567
1 0.6205274979484715 0.8152016531134727 0.03938083498097207 0.008721689779513753
1 0.6281145048685538 0.782534623478195 0.0348843359695552 0.013300087005972294
1 0.5120783279865277 0.8283172893220143 0.05988433596955502 0.01388196846486096
1 0.5299024979484714 0.8130923328250004 0.05832183596955502 0.013845600873680652
1 0.5521648171121127 0.8808617142838895 0.053634335969555025 0.013736498100139017
2 0.08881062984996327 0.9678258924768055 0.11358233893530464 0.029180966564999977
2 0.6374390612177947 0.5153107558870145 0.04138900395433272 0.019695557370694415
1 0.6920284021302658 0.48060975398715333 0.028570668973360823 0.011592116641249994
1 0.6845196496588078 0.4921648498268409 0.03163200197716627 0.010102351823611144
