2 0.547686649770351 0.7252503333987301 0.007396005931499161 0.02830685642649087
1 0.5233286369187697 0.6636763359060126 0.010775673916276674 0.034647784639736126
1 0.39274714037881076 0.6762636009497074 0.009149506920082295 0.033039820533113405
1 0.4601124180219586 0.4144743062808415 0.017407675893442942 0.04420464106622681
1 0.40519144916232863 0.5603574561225569 0.008032675893442942 0.04393185642649087
1 0.6275757851318837 0.5793133592629776 0.011221342889637321 0.04558528463973595
1 0.7304302352084335 0.3458680249398106 0.012974843878220454 0.05031824874635875
1 0.23726646151961833 0.6139956185006847 0.010966674904859808 0.03933528463973594
1 0.5078071131927735 0.5508580871596538 0.011221342889637321 0.04558528463973612
1 0.35037395657670245 0.5938769982841403 0.007905341901054186 0.04080685642649069
1 0.6210366250557715 0.6103360387298642 0.011285009885831698 0.04714778463973594
1 0.3599957184025195 0.2554964598834806 0.018681015817330858 0.07545464106622682
1 0.7274843073378241 0.29272029288649926 0.01842634783255335 0.06920464106622681
1 0.636125772774594 0.5210378580093364 0.012911176882026254 0.048755748746358664
1 0.39320344372512117 0.5342579573761981 0.011412343878220543 0.050272784639735946
1 0.3272309338392894 0.4855189290046682 0.01590884288963732 0.04572167695960409
0 0.8570059585538689 0.6179823688298891 0.012720175893442941 0.04406824874635866
2 0.028090507908665397 0.03827288981258558 0.020243515817330793 0.0755001051728495
1 0.6455007727745941 0.5213106426490725 0.00997717787060921 0.05335232053311341
1 0.5323561270329379 0.6171195846523714 0.009467841901054186 0.040852320533113405
2 0.5477636097327323 0.5356339039318435 0.012974843878220454 0.050318248746358665
1 0.5738512658545118 0.48645225785105184 0.014537343878220454 0.05036371285298138
1 0.18402476190017913 0.45638169530200423 0.0240396778706093 0.05376149749271768
