1 0.269491579963694 0.8027319119589565 0.02850700197716627 0.009702264003817972
1 0.26993193175057995 0.7152682746260473 0.03000583498097189 0.008157945337363515
1 0.39063699847994415 0.39760751261141164 0.047257001977166445 0.009920440006363407
0 0.4288598290494729 0.015312633275002685 0.05038200197716627 0.009956802673454234
1 0.3881832301539744 0.8794387679424117 0.044323002965749494 0.014571577339272324
1 0.30133046486811627 0.5579461232893201 0.03462966798477751 0.006649989337999785
1 0.35058370695945085 0.5948552299490932 0.04094333498097189 0.008285214672181596
1 0.48422783098945815 0.40042288259868497 0.05669566897336083 0.01159202800763599
1 0.4388105602292116 0.4993421879376392 0.04719333498097207 0.008357940006363408
1 0.3316798566554397 0.6755057932845477 0.038009335969555115 0.01293635200509069
1 0.34621720053366023 0.6253603426161842 0.03944450197716627 0.009829533338636055
1 0.3505385804951666 0.40432113661682045 0.04250583498097198 0.008303396005727137
2 0.3985118709898957 0.6067916086091845 0.045821835969555205 0.013027258672817866
1 0.45666922228249013 0.5209990119350939 0.05038200197716627 0.009956802673454135
1 0.47744866000175 0.8159297039306395 0.05376166996194378 0.016243165340544864
1 0.5567567469970693 0.40270245058882176 0.05688666996194378 0.01627952800763599
1 0.38761949745417995 0.7974529712762755 0.044259335969555114 0.013009077339272323
1 0.6835845493547966 0.548032037237459 0.06619800296574958 0.014826116008908662
1 0.68374637543852 0.5823888559039135 0.06945033695813833 0.01798747867599957
1 0.6117599930055556 0.8159286092457313 0.06339133794672165 0.022602253341817757
1 0.3781861476444604 0.875650696610457 0.045821835969555205 0.013027258672818221
2 0.2696387489742358 0.39667281596118364 0.031632001977166355 0.009738626670908879
