1 0.5772395347615723 0.40908602350703716 0.039389882213985136 0.0125636439408634
1 0.35870530037066894 0.452358436074654 0.04095238221398514 0.012691189698497852
1 0.6200991573569106 0.4157185318419868 0.066388891832632 0.027231921820650484
1 0.6985391598039813 0.2560244095719927 0.06600694591631609 0.016294421820650485
1 0.36507431834201826 0.6738188478933648 0.039389882213985136 0.0125636439408634
0 0.40753470308789214 0.17585958001551732 0.04429563702330856 0.01919628121376702
1 0.5466492444728864 0.49982272274843276 0.053506945916316086 0.015274055759574167
1 0.4095584722403678 0.4768799460765936 0.04407738221398514 0.01294628121376693
1 0.5839210990968754 0.2850585921434889 0.05970238221398514 0.014221738790112326
1 0.4017311032732266 0.38692462577315184 0.04574900961864685 0.01619882697140156
1 0.4084721765942043 0.37337230880369 0.04563988221398514 0.013073826971401558
1 0.47610610989664853 0.3436367535031578 0.05032738221398514 0.013456464244305088
2 0.4841765263240518 0.49393964244305133 0.05043650961864685 0.016581464244305087
2 0.910706732955323 0.9110937732171731 0.08190476442797028 0.025382379396995704
1 0.6021180275899962 0.2575553454774688 0.06304563702330857 0.020726830305381406
1 0.6173138862207004 0.8095801021454285 0.06460813702330856 0.020854376063016034
1 0.6718055010963083 0.460680087601561 0.06956845553496276 0.029049513335919562
1 0.44156984175566316 0.7717299315327261 0.05043650961864685 0.016581464244305087
1 0.4884771020072822 0.6400174169888585 0.047420637023308565 0.01945137272903601
1 0.726639334035933 0.4385179162399525 0.07225694591631608 0.01680460485118864
1 0.6858630226958548 0.5965856366931754 0.06918650961864685 0.018112013335919386
1 0.5573213604448026 0.5531868388095089 0.05512400961864685 0.01696410151720862
1 0.5987573483790851 0.7352019844173624 0.06918650961864685 0.018112013335919386
2 0.27630946262172096 0.4785385566776581 0.031577382213985136 0.011925915152690791
