1 0.80625 0.30234375 0.009375 0.02734375
1 0.71875 0.29921875 0.0078125 0.0296875
1 0.40234375 0.40703125 0.01015625 0.04765625
0 0.0203125 0.4296875 0.009375 0.04921875
1 0.884375 0.42421875 0.0140625 0.04453125
1 0.56171875 0.32421875 0.00703125 0.03515625
1 0.59921875 0.375 0.0078125 0.03984375
1 0.40625 0.50078125 0.0109375 0.05546875
1 0.5046875 0.459375 0.0078125 0.04765625
1 0.6796875 0.359375 0.01171875 0.0375
1 0.6296875 0.371875 0.009375 0.0390625
1 0.40859375 0.3671875 0.0078125 0.0421875
2 0.61171875 0.4234375 0.01171875 0.0453125
1 0.5265625 0.478125 0.01015625 0.05078125
1 0.821875 0.5109375 0.01484375 0.05234375
1 0.409375 0.5734375 0.015625 0.05703125
1 0.80234375 0.4203125 0.01328125 0.04453125
1 0.55625 0.70625 0.0140625 0.065625
1 0.590625 0.7078125 0.0171875 0.06953125
1 0.8234375 0.6453125 0.021875 0.06328125
1 0.88046875 0.4140625 0.0125 0.0453125
2 0.4 0.2859375 0.00859375 0.03046875
