1 0.6841079301859448 0.20592763514132678 0.02878056386197052 0.009865923701106106
1 0.6811143341408877 0.29348218221922745 0.030233803218308708 0.008330697240056395
1 0.5511765537993863 0.608006558031654 0.04753056386197052 0.010193206168510115
0 0.5018060764240921 0.989642341716874 0.05065556386197034 0.010247753246410696
1 0.5676959623690316 0.12567529910320027 0.044733345792955605 0.014826159090609536
1 0.6451336394528833 0.450077055596022 0.034812042574646894 0.0068500178569074425
1 0.5969746449007649 0.411690665580136 0.04117130321830871 0.008521612012708957
1 0.45769970540854066 0.6024638956946337 0.05701482450563215 0.01191934740221221
1 0.50598937595923 0.5047491444768177 0.04742130321830871 0.008630706168510116
1 0.6182265680493444 0.33149465096963937 0.03837408514929379 0.0131545649348082
1 0.6022302274521689 0.38127646265803666 0.03971806386197052 0.01005683847375849
1 0.5914573463740334 0.6024520332748876 0.042733803218308705 0.008548885551659068
2 0.5494112300500589 0.3983451858726755 0.04618658514929379 0.013290932629559915
1 0.48876902497049424 0.4825468620094136 0.05065556386197052 0.010247753246410873
1 0.47660678662256223 0.1866616176914564 0.05421760643661742 0.016552300324311542
1 0.38526197669586415 0.5980706761334428 0.05734260643661733 0.01660684740221221
1 0.5658660285767905 0.20777473295057614 0.04462408514929379 0.013263659090609536
1 0.26271997720006723 0.4488774253226639 0.0666083457929556 0.015207988635914304
1 0.26356121136062544 0.41447515178371364 0.06995186708027905 0.018387535713814886
1 0.34234104726622394 0.18275359334172717 0.06402964901126432 0.022965941558013635
1 0.5775790607598772 0.12975882710637748 0.04618658514929379 0.013290932629559871
2 0.6721064128338938 0.6124640073003054 0.03190556386197052 0.009920470779006863
