2 0.48125 0.28984375 0.00703125 0.028125
1 0.503125 0.35078125 0.0109375 0.03515625
1 0.634375 0.334375 0.0078125 0.0328125
1 0.55625 0.5984375 0.01484375 0.04375
1 0.6171875 0.45078125 0.00625 0.04296875
1 0.3953125 0.43828125 0.01015625 0.0453125
1 0.2828125 0.675 0.0109375 0.05078125
1 0.7875 0.3921875 0.009375 0.0390625
1 0.5140625 0.46328125 0.01015625 0.0453125
1 0.6734375 0.415625 0.00625 0.03984375
1 0.403125 0.40703125 0.009375 0.04765625
1 0.65 0.7546875 0.0140625 0.07421875
1 0.28359375 0.728125 0.01484375 0.06796875
1 0.384375 0.496875 0.0109375 0.0484375
1 0.628125 0.4765625 0.009375 0.05
1 0.6921875 0.5234375 0.0140625 0.0453125
0 0.1671875 0.40625 0.0109375 0.04296875
2 0.9734375 0.9625 0.0171875 0.075
1 0.375 0.496875 0.00859375 0.05234375
1 0.4921875 0.39765625 0.00703125 0.03984375
2 0.4734375 0.4796875 0.0109375 0.05078125
1 0.4453125 0.5296875 0.01328125 0.05
1 0.834375 0.5484375 0.0203125 0.053125
