1 0.0457268055192644 0.8836836412324944 0.02872520072563941 0.01849744292790554
1 0.6295238751272271 0.4589723540145039 0.03475694591631608 0.012538541356328814
1 0.6497123787554241 0.5441093333363394 0.03470238221398514 0.010976041356328991
1 0.603467317415346 0.38506397312109175 0.03642857332097762 0.015736315963434677
1 0.23216775860715652 0.7325812518620267 0.07861607332097771 0.017701230355292807
1 0.45006203130301126 0.1824933988854894 0.05076389183263199 0.024203787427387446
1 0.4537748522617363 0.3560400607961482 0.05060020072563951 0.019516287427387445
1 0.49236363710812653 0.31824680831494884 0.05361607332097762 0.016536836641599172
1 0.5919321058899334 0.4356825572814915 0.04407738221398514 0.011412688998963994
1 0.42604175497895946 0.6374741513666888 0.059811509618646855 0.015265435070022626
1 0.5858532645976063 0.6425511414418914 0.039389882213985136 0.011194365177646404
1 0.4847669689514428 0.7505520401179837 0.05512400961864685 0.015047111248705036
1 0.3001910723094874 0.730978056452922 0.07242063702330856 0.018972631926869356
2 0.5100298306621898 0.48801349876165495 0.05361607332097762 0.016536836641599172
1 0.3094519333872623 0.3463290746498871 0.06940476442797028 0.021952082712657715
1 0.3310466803920374 0.3821017547575109 0.06449900961864685 0.015483758891340215
1 0.4720040078893663 0.27302635360021915 0.05043650961864685 0.014828787427387446
1 0.5431250397405318 0.2704963589769026 0.045858137023308564 0.017735463606069857
1 0.3868031178708328 0.2981227069910413 0.056795637023308566 0.0182448858558109
1 0.3960169159640671 0.36029522125906494 0.0598660733209778 0.016827935070022625
1 0.4025397013586116 0.12132261249155929 0.05539682813030104 0.022859611248704993
1 0.4510169292109111 0.4563311592245716 0.059811509618646855 0.015265435070022449
0 0.5757143065307547 0.12812476840636206 0.03513889183263199 0.02347604135632886
2 0.6988765981702031 0.7867484435515871 0.03626488221398514 0.011048815963434678
