1 0.18872303551463218 0.6243658426957259 0.011157675893442942 0.04385908800127254
1 0.19526219559074437 0.6557067493634532 0.009340507908665386 0.03759090666772717
1 0.18358986654127146 0.6352487986950897 0.012847509885831743 0.04700226933481808
1 0.2368315661607106 0.4795442387014529 0.0115396778706093 0.05323408800127272
1 0.40352568175057985 0.7237862293920883 0.007587006920082162 0.03288522533418181
1 0.7996605355146322 0.6314747441119948 0.017280341901054187 0.04080681333545435
1 0.22551206418354425 0.4887919693666348 0.0115396778706093 0.05323408800127272
1 0.5034062539171517 0.3825987027370877 0.011730678859192522 0.057921588001272714
1 0.6773743586326061 0.6785122814289956 0.01090300790866543 0.037609088001272536
1 0.188396724753948 0.5172800486950896 0.0116670118629981 0.05635908800127272
2 0.39510036950702093 0.6236407787237246 0.011157675893442942 0.04385908800127254
1 0.32301712247277053 0.6087328467138615 0.011157675893442942 0.04385908800127254
1 0.8934688853243518 0.5544042614576307 0.014537343878220454 0.05014545066836362
1 0.27930161456410507 0.6457419507081344 0.01090300790866543 0.03760908800127272
1 0.5561015365032154 0.6239509560789054 0.009595175893442942 0.04384090666772735
1 0.4417406061611481 0.6874947407304062 0.009276840912471052 0.03602840666772735
1 0.25412383692095725 0.3812612800365892 0.021296679847775658 0.06271817600254526
2 0.1367877341826692 0.0766272293523173 0.027066518783080307 0.08933522000318168
1 0.6345819525480076 0.23249070942072322 0.02336851581733086 0.0752363573360908
1 0.2014644105332227 0.42676413669636226 0.016481845855386902 0.05953863200190899
1 0.31679759186387313 0.3585419427116343 0.018426347832553168 0.06893181333545444
1 0.6258993833471853 0.5606702534213597 0.01466467787060921 0.053270450668363625
1 0.5702396323586022 0.5647123160804963 0.01466467787060921 0.053270450668363625
2 0.6066215068457201 0.7652304840865415 0.010775673916276674 0.034484088001272714
