2 0.2453125 0.2671875 0.00859375 0.0296875
1 0.66875 0.3796875 0.0125 0.0484375
1 0.6765625 0.3359375 0.0109375 0.03515625
1 0.42109375 0.40078125 0.01015625 0.0484375
1 0.6796875 0.37734375 0.0171875 0.05078125
1 0.590625 0.3640625 0.0109375 0.04140625
1 0.5203125 0.3421875 0.00703125 0.04296875
1 0.29921875 0.3265625 0.0125 0.04296875
1 0.15234375 0.3859375 0.01953125 0.05078125
1 0.1578125 0.4328125 0.015625 0.05546875
1 0.4296875 0.496875 0.01171875 0.05546875
1 0.3828125 0.3515625 0.0109375 0.0453125
1 0.3515625 0.978125 0.01875 0.040625
1 0.6046875 0.390625 0.0109375 0.046875
1 0.125 0.49453125 0.0203125 0.059375
2 0.53515625 0.43046875 0.0140625 0.05078125
1 0.4515625 0.42578125 0.01875 0.0484375
1 0.11875 0.5578125 0.0234375 0.065625
1 0.7296875 0.6171875 0.01953125 0.06328125
1 0.14375 0.7328125 0.02265625 0.07578125
1 0.771875 0.546875 0.01484375 0.059375
1 0.496875 0.5390625 0.01640625 0.06171875
1 0.8109375 0.44765625 0.0125 0.05703125
