2 0.51875 0.28984375 0.00703125 0.028125
1 0.496875 0.35078125 0.0109375 0.03515625
1 0.365625 0.334375 0.0078125 0.0328125
1 0.44375 0.5984375 0.01484375 0.04375
1 0.3828125 0.45078125 0.00625 0.04296875
1 0.6046875 0.43828125 0.01015625 0.0453125
1 0.7171875 0.675 0.0109375 0.05078125
1 0.2125 0.3921875 0.009375 0.0390625
1 0.4859375 0.46328125 0.01015625 0.0453125
1 0.3265625 0.415625 0.00625 0.03984375
1 0.596875 0.40703125 0.009375 0.04765625
1 0.35 0.7546875 0.0140625 0.07421875
1 0.71640625 0.728125 0.01484375 0.06796875
1 0.615625 0.496875 0.0109375 0.0484375
1 0.371875 0.4765625 0.009375 0.05
1 0.3078125 0.5234375 0.0140625 0.0453125
0 0.8328125 0.40625 0.0109375 0.04296875
2 0.0265625 0.9625 0.0171875 0.075
1 0.625 0.496875 0.00859375 0.05234375
1 0.5078125 0.39765625 0.00703125 0.03984375
2 0.5265625 0.4796875 0.0109375 0.05078125
1 0.5546875 0.5296875 0.01328125 0.05
1 0.165625 0.5484375 0.0203125 0.053125
