1 0.6460595347141675 0.5899037674251776 0.014629066033373661 0.04077045066836362
1 0.8555440773417926 0.5305849534531764 0.017999727498762753 0.04549431333545435
1 0.5923580026019918 0.5853702614178597 0.008542840343632997 0.043822725334181814
1 0.8387660131174414 0.5225724587841765 0.015038501809022265 0.04858295066836362
1 0.5023371901866629 0.5280384720719058 0.014956614653892687 0.04702045066836362
1 0.5488779975136092 0.5051282307447236 0.010432888964152199 0.05009090666772735
1 0.38443263794809923 0.6298544160566337 0.009532130257724791 0.032903406667727175
1 0.2123882988476616 0.42225845003181667 0.012159163274411532 0.05323408800127272
2 0.48141385854945706 0.5543737054025877 0.013230340343632995 0.04387726933481808
1 0.6662502832438294 0.4134685367599957 0.012486711894930558 0.059484088001272716
1 0.1454763585494571 0.5504647186903171 0.013148453188503328 0.04231476933481808
1 0.1672318498430298 0.567915848026726 0.011585953188503329 0.04229658800127254
1 0.3806801961795567 0.5821254407224521 0.014710953188503328 0.04233295066836362
1 0.436811766735486 0.42096122139558806 0.01380355042954129 0.05481476933481808
1 0.5874845533702173 0.30545549474854167 0.025314260515449584 0.06587953866963625
1 0.33941446630594474 0.47454875071608865 0.015284163274411533 0.053270450668363625
1 0.09714615841317152 0.29427780601527204 0.02235303482570907 0.06896817600254534
1 0.5165711878118137 0.3757674474060876 0.015693599050060313 0.061082950668363625
1 0.0838195635469827 0.4590670120146356 0.018409163274411576 0.05330681333545435
1 0.118670355608781 0.1968124600174992 0.022926244911617343 0.07990567600254535
1 0.42711361940359094 0.2629396360598154 0.02852114767057934 0.06747840133672715
2 0.04594999208654223 0.6446772480108176 0.01462906603337355 0.04077045066836362
