1 0.46923559068058934 0.6522185925027804 0.041572193361304244 0.014866136803468067
1 0.5465830311421085 0.8548738846667423 0.0464964917016303 0.018264152588483285
1 0.46905706930996505 0.5980848293486007 0.04422359668065212 0.0087981473268119
1 0.5530931402703153 0.8372313583583832 0.049384693361304244 0.015321163111827473
1 0.5182623186852651 0.5018398899284142 0.04782219336130424 0.01523015785015538
1 0.5451333946199928 0.5457873110033364 0.050591995850815155 0.010724668373499214
1 0.4066125784335274 0.3953462371987563 0.033404495850815154 0.009723610495108836
1 0.5982286255244535 0.20056654528890805 0.053835395020978186 0.01246917889684287
2 0.4902198290582273 0.48385572937683563 0.04457879419114121 0.013485647326811723
1 0.6466268848717306 0.6528724979338614 0.060085395020978184 0.01283319994353036
1 0.4647640074731772 0.1479182293768356 0.04301629419114121 0.013394642065139895
1 0.44929329544054103 0.17157553725522595 0.04289789502097818 0.011832142065139939
1 0.4537952317528752 0.3863205767177648 0.043134693361304245 0.014957142065139895
1 0.6191251564428475 0.42455778213472845 0.055516294191141215 0.014122684158514786
1 0.7472645796829273 0.5622636375093398 0.06728258838228243 0.02569722099021767
1 0.5572745066479846 0.3332117162932432 0.05407219336130424 0.01559417889684287
1 0.7155559902517377 0.0713201190934883 0.07017079004195637 0.022754231513561374
1 0.6710796653659172 0.49921687691540895 0.06188469336130424 0.0160492052052021
1 0.5503570427412486 0.07623367419986837 0.0543089917016303 0.01871917889684287
1 0.8144554315384495 0.08203854023899773 0.07954579004195636 0.023300263083592454
1 0.7755760659859727 0.3973975007058717 0.06908188672260832 0.028913226251889503
2 0.3622883576783142 0.05893830033881842 0.041572193361304244 0.014866136803468067
