1 0.28357179951023737 0.4063899163942102 0.03141364123370209 0.009920470779006863
1 0.32162081898870265 0.7069626607121673 0.03922614123370201 0.01005683847375849
1 0.39894165503012446 0.3490467950460105 0.043913641233702005 0.010138659090609537
1 0.32549624675029387 0.4368001651763942 0.034538641233702094 0.009975017856907442
1 0.3754887439109201 0.21352235227018088 0.04078864123370209 0.01008411201270878
1 0.34642853530677786 0.2489416550301245 0.03760909415580134 0.0069045649348082
1 0.528555242693104 0.257587772317839 0.056386367694751624 0.00879434740221221
1 0.4779103603878557 0.264513882301953 0.050163641233702094 0.010247753246410873
1 0.36312511160567174 0.2211166639585782 0.040761367694751714 0.00852161201270878
1 0.5812711396088489 0.23507757264215065 0.059565914772652384 0.011973894480112967
0 0.3981481371699217 0.7957717905817836 0.04868296185055314 0.014907979707460583
1 0.4828697848964455 0.9065922881461518 0.04862841477265238 0.011782979707460584
1 0.35827969886161426 0.3014763198027769 0.03763636769475163 0.0084670649348082
1 0.43335715989809315 0.6651763555165917 0.050163641233702094 0.010247753246410873
1 0.3908502857105197 0.556654743503883 0.040761367694751624 0.008521612012708957
2 0.3924286022701809 0.378611564120734 0.04385909415580134 0.007013659090609537
1 0.49260806006354424 0.21166161769145644 0.05641364123370209 0.01035684740221221
1 0.4271150681779238 0.5760320348997408 0.050163641233702094 0.010247753246410873
1 0.617313779624735 0.28647247726853325 0.06277273538950326 0.016715941558013547
1 0.7761895422033414 0.6633503973161915 0.0753272824674042 0.020059129869616398
1 0.6093160933417272 0.3652150860348312 0.06271818831160267 0.013590941558013547
1 0.6320013912304068 0.5015071420411857 0.06274546185055314 0.015153441558013726
2 0.9338137126613318 0.16313002921440262 0.08637387662320535 0.026500044642268693
2 0.2557134009696394 0.6448933088457283 0.034538641233702004 0.009975017856907442
