1 0.7283195212444585 0.6418416631543898 0.008230670671545325 0.03607386769475163
1 0.5733683919080497 0.6671979935104735 0.006668170671545326 0.03604659415580134
1 0.6643479279121859 0.6351473782513539 0.008230670671545325 0.03607386769475163
1 0.761477466581822 0.6115814188364327 0.009847714672181596 0.04078864123370209
1 0.6600967799172766 0.5977291988682049 0.00981135200509069 0.0376636412337021
1 0.2951433945735497 0.680646433443634 0.012899989337999785 0.03459318831160267
1 0.7378672439131403 0.6268342719206879 0.011410214672181595 0.04081591477265238
1 0.514749559277548 0.40186904829901193 0.009993165340545219 0.0532886412337021
1 0.7186728959261852 0.5310950779270422 0.014571577339272324 0.04399546185055314
1 0.44340017592300357 0.559332720782302 0.01150112133990877 0.04862841477265238
1 0.45232064258436744 0.5982315795486001 0.008285214672181596 0.040761367694751624
1 0.6912569679344576 0.47064850162814836 0.010011346674090583 0.05485114123370209
1 0.7798103905951852 0.512843909907979 0.009993165340545219 0.0532886412337021
0 0.18827632391791288 0.6012783076312076 0.016170440006363362 0.04714773538950325
2 0.622551326583413 0.602290013803013 0.011446577339272502 0.043940914772652204
1 0.29816040125718535 0.5556191599046837 0.009938621339908771 0.04860114123370209
2 0.8875721779917276 0.04549522747864239 0.02917951734563573 0.09099045495728478
1 0.7062830786123662 0.3875905397775953 0.017932934675363298 0.06436250892845372
1 0.7387683146085482 0.41514279545963817 0.016334072008272395 0.06121023538950343
1 0.11415866593732107 0.459632324270299 0.011628390674726896 0.059565914772652384
1 0.6223075206079118 0.42186217411143845 0.017842028007635947 0.05655000892845372
1 0.43393755331000106 0.16426568263285515 0.03056020401018138 0.07551819724005648
2 0.34913091323205014 0.7398481095803721 0.009720445337363515 0.029851141233702094
