1 0.7468258522496652 0.3889348514659926 0.03179603157003115 0.009920470779006773
1 0.7314863624906602 0.6895075957839497 0.03969953683170289 0.011619338473758489
1 0.626961402306135 0.33159173011779297 0.04429603157003115 0.010138659090609537
1 0.7071487022214303 0.41934510024817656 0.035012036831702883 0.011537517856907441
1 0.6401831971715201 0.19606728734196333 0.041171031570031144 0.010084112012708868
1 0.6719638181899725 0.23148659010190684 0.03786402104668731 0.0069045649348082
1 0.49025108660582395 0.24013270738962147 0.05670502630835923 0.00879434740221221
1 0.5414873629141832 0.24705881737373545 0.050546031570031145 0.010247753246410873
1 0.6531382234798793 0.2036615990303606 0.04108002630835923 0.008521612012708868
1 0.43576100768074627 0.21762250771393302 0.060012036831702885 0.011973894480112967
0 0.6615826571442838 0.7783167256535661 0.04925654735504672 0.014907979707460583
1 0.5851405254613132 0.8891372232179341 0.04907453683170289 0.011782979707460584
1 0.6640749944559794 0.2840212548745592 0.03795502630835923 0.0084670649348082
1 0.6164382151638484 0.6477212905883742 0.050546031570031145 0.010247753246410873
1 0.6507838521084909 0.5391996785756653 0.04108002630835923 0.008521612012708957
2 0.6357217522779001 0.36115649919251636 0.04420502630835923 0.008576159090609537
1 0.5227681840173404 0.19420655276323884 0.056796031570031144 0.01035684740221221
1 0.6159384152485531 0.5585769699715232 0.050546031570031145 0.010247753246410873
1 0.40356242868508135 0.2690174123403157 0.06341005261671846 0.016715941558013637
1 0.27301443885548926 0.6458953323879738 0.07609206314006212 0.020059129869616398
1 0.4175331943995097 0.3477600211066137 0.0632280420933748 0.013590941558013547
1 0.40513815216496063 0.48405207711296805 0.06331904735504668 0.015153441558013547
2 0.07730449459715381 0.14567496428618504 0.08739358418674958 0.026500044642268693
2 0.7927809072854581 0.6274382439175106 0.034921031570031145 0.009975017856907442
