1 0.6383512386219111 0.36334312075832803 0.03292158800127272 0.01109463025772479
0 0.6198872138765511 0.9424164670948549 0.03448408800127254 0.01117651741285428
1 0.6231069519414572 0.4641686363621602 0.03768181333545435 0.01759029172311415
1 0.6718160772597306 0.5777265253263122 0.03446590666772735 0.009614017412854637
1 0.598032584579913 0.6707937726127788 0.03768181333545453 0.01759029172311415
1 0.5901297252546399 0.6109683932595653 0.037645450668363625 0.014465291723114148
1 0.529229682606639 0.4701929070543752 0.04698408800127254 0.011831614653892686
2 0.5522399212683211 0.5081399643813214 0.04547613200190899 0.016437227498762752
1 0.5806445425684591 0.7543089574839165 0.046965906667727174 0.010269114653892686
1 0.43708544657068626 0.7303690892119793 0.05018181333545435 0.01824538896415202
1 0.5807387332909111 0.3431257960185272 0.046965906667727174 0.010269114653892509
1 0.4862058412635486 0.5398569538658718 0.053234088001272536 0.012159163274411532
1 0.5608262226289108 0.3076862630018404 0.048601132001908985 0.016601001809022263
2 0.23361335920596044 0.9510965897778061 0.07841590133672709 0.029094357756487454
1 0.4373529073042741 0.23711373416902512 0.05950226933481808 0.014049211894930557
1 0.45662523989500486 0.7978398722286661 0.057976132001908987 0.017092324739800803
1 0.48269848591664016 0.6397341231331772 0.05325226933481808 0.013721663274411534
1 0.5168916725811858 0.6571606405460317 0.04700226933481808 0.013394114653892685
1 0.5122239959420936 0.45366714834794786 0.04709317600254544 0.021206614653892508
1 0.49995925859327617 0.5671564382620395 0.05330681333545435 0.018409163274411534
1 0.3248069066279563 0.3023525525772479 0.06119203866963625 0.025068599050060314
1 0.40497511728200236 0.399579434643995 0.054905676002545256 0.02161605042954129
1 0.3288500639720013 0.2236100768875074 0.0674602200031817 0.026958647670579337
2 0.7390603106301835 0.3076463986866321 0.03448408800127254 0.011176517412854548
