1 0.47715482121264186 0.9060863751272269 0.04073408800127254 0.01079365626060209
1 0.47884459054746 0.8952034388295578 0.043895450668363624 0.014027783665263981
1 0.3769768392743663 0.4477158252198943 0.034484088001272714 0.010575401451278842
2 0.45341152259709416 0.5285417284852716 0.04385908800127254 0.010902783665263982
1 0.4185627132400043 0.7023958907363237 0.043859088001272716 0.010902783665263982
1 0.48168142592300356 0.5842386569783924 0.050109088001272714 0.011121038474587407
1 0.410178595918231 0.6169122585223386 0.039153406667727306 0.009176592558271324
1 0.4539955146403648 0.20968260108060993 0.040752269334818084 0.012356156260602269
1 0.42296150127309373 0.4587004544386545 0.040752269334818084 0.012356156260602269
1 0.5036467852482767 0.6444048306621898 0.05325226933481808 0.012792665879248943
1 0.4012694092934564 0.30788199890369167 0.037645450668363625 0.013809528855940556
1 0.5409831532463677 0.6597768595181304 0.05018181333545435 0.01737103847458741
1 0.619336514600594 0.5085442309323424 0.059520450668363624 0.014573420688572546
1 0.8291773279758192 0.2071528896400153 0.08148635733609097 0.023149812521204537
1 0.5547045866486371 0.1522371780297847 0.05639545066836362 0.014464293283910834
1 0.6424547465786403 0.671136000169636 0.059520450668363624 0.014573420688572546
1 0.6548103905951851 0.549642946085952 0.06269999466899989 0.01937004809323426
1 0.5357705839433662 0.43606654100647607 0.05323408800127272 0.011230165879249122
1 0.5814114426320925 0.27509432467174005 0.05481476933481808 0.012847229581579888
1 0.665356991923958 0.583618642002268 0.05793976933481808 0.012956356986241601
1 0.7279602733131828 0.17391874898850967 0.07525453866963616 0.024494057711881068
2 0.3521795706556369 0.09358139672677342 0.034484088001272714 0.010575401451278842
