1 0.3445740973911625 0.6863913895717986 0.009574987899751619 0.03497577729789594
1 0.5727445491865606 0.6931978038205995 0.008048849336070063 0.041125647748246584
1 0.2693377480550924 0.7222101711886312 0.009565897540671919 0.033413277297895935
1 0.21619911251647297 0.7211495165005543 0.007994307181592396 0.03175064774824658
1 0.569801356368153 0.6617475447213008 0.009638620413308985 0.04591327729789594
1 0.580784308163551 0.654635951568846 0.009638620413308985 0.04591327729789594
1 0.34628204313643635 0.6614915191214479 0.011173849336070064 0.04132590684754511
1 0.5114984978587007 0.6079926866094513 0.011210210772388507 0.04757590684754529
1 0.4444013805686497 0.7224871807493551 0.006440897540672097 0.03321301819859741
0 0.988764979806524 0.6518635140273189 0.012790891490547551 0.050801036397194646
1 0.4009240913410383 0.6728085533591741 0.011173849336070064 0.04132590684754529
1 0.4718274646812134 0.5757518830933936 0.014353391490547906 0.05090116594684382
1 0.12636042857685992 0.5801857526208936 0.012790891490547773 0.050801036397194466
1 0.21191613349551597 0.6513178778516063 0.009611349336070062 0.041225777297895935
1 0.2467638321676561 0.5722707279438914 0.012781801131468118 0.049238536397194464
1 0.06857519965409878 0.5717934592838688 0.012790891490547773 0.050801036397194466
2 0.4231172539088249 0.6195228670542646 0.009656801131468029 0.049038277297895935
1 0.6202558743221338 0.5868266903100791 0.01280907220870695 0.05392603639719447
1 0.5715148890546609 0.36721629472130085 0.01756929508134384 0.06672642504614253
1 0.19484784992524523 0.3610538232558144 0.016024975799503148 0.06975129549649317
1 0.6082058470965749 0.5086819039128846 0.012854524004105094 0.06173853639719447
1 0.4881620335702707 0.3204531138150622 0.02539997579950324 0.07035207279438911
2 0.5723173023098186 0.7666353038205995 0.006440897540672097 0.03321301819859723
