1 0.25754823617737055 0.6143997727806727 0.012434298022528623 0.04407738221398514
1 0.26754594905060525 0.6453769542690185 0.010434755447881638 0.03777281851165419
1 0.2536255606830027 0.6255009638876653 0.01421531930985207 0.04725694591631591
1 0.2895744963168292 0.4676140528177396 0.013089861884498965 0.05345238221398514
1 0.4830723960843981 0.703635854454353 0.008544473516896467 0.03303075480932342
1 0.8684857361773706 0.5930653651693081 0.018465776735204997 0.041170637023308566
1 0.27929256017879955 0.47737099873405564 0.013089861884498965 0.05345238221398514
1 0.5450818151224782 0.35844735082615586 0.013417643815484225 0.05813988221398514
1 0.7515603161308844 0.645704270248784 0.011997255447881727 0.03782738221398514
1 0.2453763820865417 0.5075322138876653 0.013308383171822502 0.05657738221398514
2 0.46357971489004707 0.6040723640729998 0.012434298022528623 0.04407738221398514
1 0.3899401190970915 0.5925470762313846 0.012434298022528623 0.04407738221398514
1 0.9536477039942838 0.5117756704341184 0.01599634059717552 0.05043650961864685
1 0.3503748745449731 0.6315202961943177 0.011997255447881638 0.03782738221398514
1 0.6244079542463854 0.5968898027329216 0.010871798022528623 0.044022818511654196
1 0.5172235209583473 0.6656348574495778 0.010325494804219914 0.036210318511654196
1 0.29597232576613985 0.3687127613479274 0.023120425746469397 0.06315476442797027
2 0.14508826089576327 0.0701165486413884 0.02966535668871888 0.08988095553496282
1 0.6594835326872899 0.20251975463968738 0.025557010895763278 0.07570932813030114
1 0.2484142647541611 0.4165798316736802 0.01821440445914586 0.0598660733209778
1 0.3560521661112139 0.34311999510585856 0.020432468321116382 0.06929563702330857
1 0.6871157678562542 0.5304810635326949 0.016214861884499145 0.05356150961864685
1 0.6319747997872394 0.5371055749654402 0.016214861884498964 0.05356150961864685
2 0.6904914121759415 0.7355505094490108 0.011778734160558102 0.03470238221398514
