1 0.34810520561978087 0.33279095947224063 0.03470238221398514 0.010976041356328814
1 0.36388400616008576 0.5605520864367113 0.040897818511654284 0.009704639784752445
1 0.30486114790789975 0.25968309925699296 0.03313988221398514 0.01090326674922304
1 0.30066223202865067 0.20666726116765172 0.03152281851165428 0.009267992142117088
1 0.3950248787554241 0.5559715942945942 0.04563988221398514 0.011485463606069857
1 0.40321932467174004 0.5665452212590649 0.04563988221398514 0.011485463606069857
1 0.3731597693221117 0.3331890657585469 0.041006945916316 0.012829639784752267
1 0.442978739918017 0.4950490568672068 0.04725694591631591 0.01312073821317572
1 0.32190978256895564 0.43417367700725196 0.03303075480932342 0.007778266749222951
0 0.44636670098009346 0.9730113910276067 0.05043650961864685 0.014828787427387625
1 0.3672569989036917 0.3882404387940762 0.041006945916316 0.012829639784752267
1 0.4712748655085802 0.4538225893321955 0.05049107332097762 0.016391287427387446
1 0.432653787293461 0.10974725765299506 0.05043650961864685 0.014828787427387446
1 0.3700297909216581 0.1987412911514411 0.04095238221398514 0.011267139784752267
1 0.45248019237293696 0.22933201158193653 0.04887400961864685 0.014756012820281583
1 0.4353224303072194 0.0517164338316775 0.05043650961864685 0.014828787427387446
2 0.42270839073632366 0.4075683275453712 0.04876488221398514 0.011631012820281584
1 0.47489591723001146 0.6023328639393013 0.05356150961864685 0.014974336641599173
1 0.689556128755424 0.5422535808551402 0.0662252007256395 0.0202440334984459
1 0.6584375264936878 0.16652798883685746 0.06929563702330857 0.018827082712657716
1 0.5518031576113647 0.5862305208875614 0.06137400961864685 0.015338209677128489
1 0.7280432206807232 0.4567313037668349 0.0696230192372937 0.028202082712657804
2 0.29044650616008577 0.5639724929706867 0.03303075480932342 0.007778266749222951
