1 0.6721273254784565 0.6269603142950875 0.03168664764263518 0.010648339923887917
1 0.6480777034763847 0.5383143083635883 0.03473887303552914 0.009213173916276674
1 0.6094817762642449 0.6275386344473117 0.034666098428423456 0.007650673916276674
1 0.5989553068672068 0.45021213049297903 0.03949914764263518 0.010966674904859808
1 0.5302737733687608 0.5131631166528147 0.04731164764263518 0.011285009885831698
1 0.5862240587292336 0.6563347965005903 0.03637414764263518 0.010839340912470874
1 0.5743105636916324 0.5760106265386463 0.04106164764263518 0.011030341901054185
1 0.3513568689017001 0.38846291110187636 0.0599571968568469 0.0149193458553869
1 0.49636965426217294 0.5352636097327323 0.04731164764263518 0.011285009885831698
1 0.5659072506236817 0.722821959542452 0.03949914764263518 0.010966674904859808
1 0.6254620330886704 0.7549924723940332 0.036301373035529313 0.009276840912470875
1 0.5680691799027361 0.44112629056909125 0.04418664764263518 0.011157675893442942
1 0.5137625537668349 0.733220948668037 0.04731164764263518 0.011285009885831698
1 0.5194518974377473 0.4094014466908707 0.04887414764263518 0.011348676882026076
1 0.579622994213541 0.7476455460062986 0.03779109842842345 0.007778007908665429
1 0.5220674751880063 0.4204662806832594 0.053488873035529315 0.00997717787060921
1 0.48231769293241467 0.9377983607213155 0.04418664764263518 0.011157675893442942
1 0.4843063019048081 0.5253792737631773 0.047457196856846906 0.014410009885831698
0 0.5835701712162837 0.10831379056909118 0.0443321968568469 0.014282675893442943
1 0.28469148387445875 0.7442380672236558 0.06947774607105864 0.01842634783255335
1 0.19051141418697037 0.36312337699575686 0.0742380206781644 0.020179848821136392
1 0.6951025607961482 0.4697844842570313 0.028416098428423454 0.007396005931498984
1 0.6053144687778655 0.4481230484777566 0.03793664764263518 0.01090300790866543
