2 0.4947496896181365 0.31506499377996355 0.007559942927905539 0.028452548620519026
1 0.519462899295265 0.3771489139517801 0.010976041356328814 0.034866322930778536
1 0.6499487659206535 0.36762118498267926 0.009340766749222951 0.03322193577564878
1 0.5841226745215434 0.6275893272261917 0.017662688998963994 0.04456887155129756
1 0.6381829741500399 0.483126676276252 0.008287688998963993 0.044077548620519026
1 0.41572577729319293 0.45899870024782724 0.011485463606069857 0.04580382293077854
1 0.3142511302697304 0.6898215750784851 0.013266287427387446 0.050573210085908295
1 0.8057664263835702 0.433458626185395 0.011194365177646404 0.03955382293077854
1 0.5356401710068867 0.4902221240376884 0.011485463606069857 0.04580382293077854
1 0.692795545490158 0.45091836386092304 0.008142139784752445 0.04095254862051902
1 0.4220827851510759 0.428158136023476 0.01155823821317572 0.04736632293077854
1 0.6851501352321291 0.7887525565339768 0.019118181141081082 0.07581887155129756
1 0.31750671691132953 0.74298751865605 0.018827082712657806 0.06956887155129757
1 0.40751732505966265 0.5170192401619189 0.013193512820281583 0.04901071008590829
1 0.6503212551672866 0.5094811363621602 0.011703787427387447 0.050491322930778536
1 0.7165669933804623 0.55971350972248 0.016172963606069856 0.04604948439616763
0 0.18610889784752294 0.41501192559888345 0.012975188998963993 0.044323210085908296
1 0.3981423250596626 0.5165279172311404 0.010286836641599174 0.05353443577564878
1 0.5107086375084406 0.42345070386587186 0.009704639784752268 0.04103443577564878
2 0.49577930438149825 0.5044993080043148 0.013266287427387446 0.050573210085908295
1 0.4699830918088857 0.5530253392119793 0.014828787427387446 0.05065509724103805
1 0.8599188870941561 0.5921652408392875 0.024349336641598995 0.05427142017181659
