1 0.3870684735420339 0.2765625 0.011012743102595035 0.03125
1 0.6853488432843091 0.309375 0.012984678878243727 0.0390625
1 0.3215928804848674 0.39296875 0.011667840343632996 0.04375
1 0.4145859639310954 0.31796875 0.012739017412854636 0.034375
1 0.18754210707911906 0.371875 0.011504066033373572 0.040625
1 0.22503546302658436 0.3421875 0.008215291723113971 0.0375
1 0.22096435945396822 0.52421875 0.010760437584671045 0.05625
1 0.23143819199568522 0.4734375 0.011995388964152021 0.05
1 0.19600970432015705 0.359375 0.009941566033373572 0.040625
1 0.1947426961795567 0.57734375 0.014049211894930557 0.059375
0 0.768918259838081 0.384375 0.016601001809022263 0.0484375
1 0.8739532406162042 0.4671875 0.013476001809022264 0.0484375
1 0.2768060029406761 0.353125 0.00977779172311406 0.0375
1 0.635702968114967 0.421875 0.011995388964152021 0.05
1 0.5300195341483406 0.38125 0.009941566033373483 0.040625
2 0.3516488726829513 0.3859375 0.010105340343633085 0.04375
1 0.17749432044438765 0.4890625 0.012322937584671045 0.05625
1 0.5468861295803562 0.4171875 0.011995388964152021 0.05
1 0.24368148518913726 0.6125 0.01890048620519007 0.0625
1 0.6099162375639865 0.76484375 0.02268058344622812 0.075
1 0.3230790581199158 0.603125 0.01577548620519007 0.0625
1 0.45795202510322897 0.6234375 0.01733798620519007 0.0625
2 0.09807025554266788 0.93125 0.02950379353213637 0.0859375
2 0.6278096602221938 0.24453125 0.011176517412854636 0.034375
