1 0.38004083436528757 0.4038560625024715 0.011194365177646404 0.03922614123370205
1 0.45105761744944883 0.6191986444834082 0.011267139784752444 0.04078864123370209
1 0.3811645326698765 0.36083276542457077 0.02493153349844599 0.06600682954530476
1 0.2121555134394541 0.2910675105533068 0.01399403349844599 0.06581591477265239
1 0.6707151459854961 0.6012905754914103 0.011194365177646404 0.03922614123370209
0 0.16955075227180239 0.585018107955519 0.017662688998963994 0.044022735389503256
1 0.4742831399896401 0.4295770369349262 0.013411836641598996 0.053315914772652385
1 0.4689685554149555 0.5672815884770538 0.011412688998963994 0.043913641233702096
1 0.2557129224546288 0.40368055884902354 0.012140435070022626 0.05953864123370205
1 0.3804154776646965 0.5797736801972231 0.014610463606069856 0.045530688311602674
1 0.3660618792362731 0.5737691420477763 0.011485463606069857 0.0454761412337021
1 0.3278127084342742 0.5079765466741589 0.011703787427387447 0.050163641233702094
2 0.47641287427387435 0.4920906737044014 0.014828787427387446 0.05021818831160267
2 0.8371768223735755 0.04559218020051845 0.022534279569504535 0.08157728246740407
1 0.22600615177646435 0.3869976193196048 0.018535984284234263 0.06277273538950343
1 0.7736238604201355 0.34303597037856026 0.018608758891340216 0.06433523538950343
1 0.41931519602827727 0.30699865341186194 0.02663958271265763 0.06915910308425506
1 0.7584098910230974 0.5200075734628153 0.01482878742738727 0.05021818831160267
1 0.6212887266312392 0.48017923458201983 0.01780823821317572 0.04714773538950343
1 0.3902419720831253 0.2535560535740177 0.014285131926869444 0.07206591477265238
1 0.552816900743007 0.28590312906213267 0.015702082712657627 0.06896818831160267
1 0.5260446931327932 0.41616337338008985 0.015047111248705036 0.054905688311602675
1 0.7019500676160646 0.3653979399397511 0.015702082712657627 0.06896818831160267
2 0.4876543970189534 0.6998759001654511 0.010830492142117088 0.03141364123370209
