2 0.500175968540051 0.3200574968750539 0.008052331893687814 0.0284890210466874
1 0.47439591610372744 0.379720923211648 0.013140350092285046 0.035012036831702883
1 0.34419727637504527 0.35567023123121266 0.009915220542635694 0.03326752630835923
1 0.40540038248431004 0.624282994314805 0.018428627390180984 0.04466005261671846
1 0.35392512492617084 0.473077539109603 0.009053627390180985 0.04411402104668731
1 0.5766011613233655 0.4735002862670056 0.01227875693983016 0.04585853157003115
1 0.6739315345514932 0.7167714151073786 0.014141645588778218 0.050637036831702883
1 0.1873674830380204 0.4045642155873715 0.011878238741233015 0.03960853157003115
1 0.4562490885289763 0.49158388637994505 0.012278756939830337 0.04585853157003115
1 0.29992803979328053 0.43464509968941645 0.00885336829088228 0.040989021046687314
1 0.5707912523163519 0.4417952599586464 0.012378886489479513 0.04742103157003115
1 0.3016374275193779 0.7750726786144941 0.018868718383167414 0.07581904735504671
1 0.6697458798634164 0.7698509124765428 0.020030700184570094 0.06966005261671845
1 0.5837838032115158 0.5327310730987085 0.014041516039128865 0.04907453683170289
1 0.34133548735695707 0.4982217522779001 0.012579145588778217 0.050546031570031145
1 0.27426910086747747 0.5413655365493544 0.016966256939830338 0.04613154735504672
0 0.8067788170911765 0.45475580447109554 0.013741127390181162 0.044387036831702885
1 0.5931588032115159 0.5332771046687397 0.012779404688076923 0.05367103157003115
1 0.48232952961424774 0.427232960043351 0.008853368290882457 0.040989021046687314
2 0.49582272825765844 0.5103562731834131 0.014141645588778218 0.050637036831702883
1 0.5207435826688801 0.5619943678935064 0.015704145588778216 0.0507280420933748
1 0.1304795280730883 0.558084057737216 0.023716904688076922 0.054308068401734036
