1 0.4451308721772394 0.8980082207757114 0.04133539502097818 0.0100841120127086
1 0.4443971663683805 0.8870434472367611 0.04469719336130425 0.013263659090609536
1 0.5850537806946793 0.44516168465485945 0.03508539502097818 0.009975017856907442
2 0.5017900721865282 0.5219366444768176 0.044460395020978184 0.010138659090609537
1 0.5213418651282694 0.6975093887947748 0.044460395020978184 0.010138659090609537
1 0.46873985123082224 0.5761195840062363 0.05071039502097818 0.010247753246410873
1 0.5371696199021543 0.6125167800284769 0.03965449585081515 0.00849433847375849
1 0.529068502899785 0.20324119155471831 0.041453794191141216 0.011646612012708868
1 0.5382496356737012 0.45373211525582435 0.041453794191141216 0.011646612012708956
1 0.44158443276462744 0.6350991176914563 0.05395379419114121 0.011864800324311631
1 0.5730534560093515 0.3041412183400795 0.03844719336130424 0.0131545649348082
1 0.40301884023316015 0.6485070527566482 0.05118399170163031 0.016497753246410875
1 0.33811865849421807 0.49326439934808164 0.06032219336130425 0.01353639448011279
1 0.15525249460141527 0.1810705422066367 0.08267079004195628 0.02016822402541769
1 0.43368607053614294 0.14055818506189657 0.057197193361304244 0.01348184740221221
1 0.300864344382345 0.6545467727248762 0.06020379419114121 0.01197389448011279
1 0.29916197965506097 0.5324808579522238 0.06380239087179333 0.018278441558013725
1 0.42776242156647265 0.42520592045139993 0.053835395020978186 0.01030230032431163
1 0.3963259352634271 0.2619422613607904 0.05563469336130424 0.013454573863261921
1 0.2856788974965559 0.5658836931795713 0.05864129419114121 0.011946620941162677
1 0.2590645788345127 0.1531558222384088 0.07665758838228234 0.02318412986961631
2 0.6407182431515228 0.09254124512544075 0.03508539502097818 0.009975017856907487
