1 0.08108777417163351 0.5105635787345258 0.011741136803468066 0.04078864123370209
1 0.09211627943330536 0.5088101639618735 0.015048147326811766 0.04396818831160267
1 0.5296324190087838 0.608095728899977 0.011377115756780753 0.034538641233702094
2 0.45601217946154016 0.532115655847494 0.0119231473268119 0.043913641233702096
1 0.2791010689664314 0.567982792209932 0.011923147326811722 0.043913641233702096
1 0.4030082768024695 0.5041639797107559 0.012287168373499168 0.050163641233702094
1 0.3637112873964003 0.5758713843371386 0.010087631541796238 0.03919886769475163
1 0.7745801689381965 0.5296768539016246 0.013303636803468067 0.04081591477265238
1 0.5229420742281032 0.562165620133679 0.013303636803468067 0.04081591477265238
1 0.34495285309671125 0.48254412419086873 0.01403167889684287 0.053315914772652385
1 0.6715769953030255 0.5829848603944463 0.014684126280124232 0.037718188311602674
1 0.3330744793768356 0.44528958604142177 0.018537168373499214 0.05027273538950343
1 0.49143998719875626 0.3660406424548134 0.01595819994353036 0.05959318831160267
1 0.8120464317394402 0.15440411851212116 0.02348227360693613 0.0815772824674041
1 0.8413420056851949 0.42861318588256125 0.015776189420186527 0.05646818831160268
1 0.3311773213855058 0.3438634537361735 0.014395699943530271 0.059565914772652384
1 0.45368935821720874 0.33079861769804697 0.020827710466874018 0.06280000892845372
1 0.5560569530684764 0.44920196997152323 0.01246917889684287 0.0532886412337021
1 0.7211051003952882 0.40261552192068784 0.015685184158514786 0.054905688311602675
1 0.4207326450489117 0.3204474987854793 0.014304694681858443 0.05800341477265238
1 0.8358185897307701 0.2554484212720647 0.02624325256024882 0.07538182954530477
2 0.8810738216678544 0.6308381590972001 0.011377115756780399 0.034538641233702094
