1 0.8184276351413267 0.7352079472666224 0.009865923701106283 0.02856164764263518
1 0.7309821822192275 0.7342575692686945 0.008330697240056395 0.030051373035529138
1 0.4126940580316541 0.6117082113297583 0.010193206168510115 0.04731164764263518
0 0.030267341716874098 0.5712585698923761 0.010247753246410873 0.05043664764263518
1 0.8944252991032002 0.6169716776219152 0.014826159090609536 0.04440497146395259
1 0.573514555596022 0.7019437212545557 0.0068500178569074425 0.034666098428423456
1 0.610128165580136 0.6529090618250963 0.008521612012708957 0.04098887303552932
1 0.41496389569463366 0.5181401478475229 0.01191934740221221 0.056759422249741044
1 0.5141241444768176 0.564131198095192 0.008630706168510116 0.047238873035529316
1 0.6908696509696395 0.6722819540910481 0.013154564934808021 0.038082196856846905
1 0.6406514626580366 0.6574531666636606 0.01005683847375849 0.03949914764263518
1 0.4196395332748876 0.6518430597581817 0.008548885551659068 0.04255137303552932
2 0.6217826858726754 0.6050537586819431 0.013290932629560003 0.045894696856846905
1 0.5356718620094136 0.546400042594674 0.010247753246410873 0.05043664764263518
1 0.8304116176914565 0.527341943337681 0.016552300324311632 0.05385274607105863
1 0.4168206761334428 0.4456294470617346 0.01660684740221221 0.056977746071058634
1 0.8124622329505762 0.6170572607488578 0.013263659090609536 0.0443321968568469
1 0.5613774253226639 0.3196577601296852 0.015207988635914304 0.06627997146395267
1 0.5957251517837137 0.3196963014860141 0.018387535713814886 0.0695505206781645
1 0.8296285933417271 0.39303971794478687 0.022965941558013726 0.063518844499482
1 0.8906963271063774 0.6269459911041506 0.01329093262955965 0.045894696856846905
2 0.41246400730030536 0.7326927994190995 0.008357970779006862 0.031613873035529316
