1 0.617205275095602 0.34837324782192197 0.03352289502097818 0.010329746239076343
0 0.56156043296512 0.9277197670222519 0.03508539502097818 0.010375210345699059
1 0.5954468290350053 0.4495265708623178 0.0386839917016303 0.016716138558944493
1 0.6370404879534307 0.5619189222742437 0.034966995850815155 0.00881271034569906
1 0.5570434894033232 0.6566798413162889 0.0386839917016303 0.016716138558944316
1 0.5529489078695181 0.5970547887298642 0.03844719336130424 0.013591138558944494
1 0.5008680348438642 0.4577362244649569 0.04758539502097818 0.01073892319868044
2 0.5215231543450332 0.4951369360642971 0.046378092531467276 0.015380959092057722
1 0.53424368421452 0.7405774681967507 0.04746699585081515 0.00917642319868044
1 0.39173687550123165 0.7199885203874642 0.05118399170163031 0.017079851411925872
1 0.5606951659673951 0.3295035758768827 0.04746699585081515 0.00917642319868044
1 0.4532341730163651 0.5283836935861446 0.053835395020978186 0.010920779625171306
1 0.5429874477109817 0.2945375424907879 0.04950309253146727 0.015471887305303156
2 0.1734325483171041 0.9453963826864497 0.0800193867226084 0.027273205331134066
1 0.4236230636876657 0.22686064601428474 0.06020379419114121 0.012665136051661818
1 0.4070174107693031 0.786985803773559 0.05887809253146727 0.0157446719450391
1 0.4433128761259316 0.6283154974262105 0.05395379419114121 0.012483279625171128
1 0.47650388442430136 0.6449407077719095 0.047703794191141215 0.012301423198680439
1 0.48486452654549445 0.44161111929210745 0.04829579004195637 0.02011392319868044
1 0.46528388712359375 0.5553553705457487 0.0543089917016303 0.017170779625171127
1 0.30651715144524816 0.2947037123907631 0.06259508838228234 0.023648100158284537
1 0.3807224008205482 0.3900365959351425 0.05610829004195628 0.020341243731793846
1 0.31562130953848083 0.2158883906040084 0.06896348755244537 0.025392456584775226
2 0.7218228427319598 0.29034545064577355 0.03508539502097818 0.01037521034569897
