1 0.6216504410629972 0.6969046300252156 0.011861382573423462 0.03357777454580706
0 0.042850934839219826 0.637866403942803 0.011979781743586526 0.03514027454580724
1 0.5211535335944644 0.6745516557789708 0.01846658008391273 0.03877545757634522
1 0.4064272601492476 0.7154959069869189 0.010417281743586493 0.03501272878817261
1 0.3150578215618282 0.6349318200135776 0.018466580083912554 0.038775457576345394
1 0.37508401699772487 0.63118480880369 0.015341580083912554 0.03852036606107632
1 0.5173199838042458 0.5799088354755291 0.012926975104890737 0.047640274545807236
2 0.47882524625180045 0.6003490101711175 0.017496075934727705 0.046460411818710766
1 0.23192601284853995 0.6116380991013127 0.011364475104890737 0.04751272878817261
1 0.2592249865035382 0.46922732955647534 0.019413773445216796 0.05127545757634522
1 0.643218710359029 0.6404951333591955 0.011364475104890737 0.04751272878817261
1 0.4486417613986474 0.5318542306243405 0.013400571785542858 0.053890274545807235
1 0.6791328995711483 0.6229886400271554 0.01773287427505359 0.04958541181871077
2 0.04318927986948675 0.24956930742656414 0.030919958508151192 0.08016573212215254
1 0.7526081335991087 0.5039992660901713 0.015436668466194802 0.06026782030344169
1 0.19127954729141888 0.48411913485700764 0.01844326929603186 0.05896041181871077
1 0.348819360153892 0.5213475521357303 0.014963071785542858 0.05401782030344186
1 0.33058957841030545 0.5544470945593849 0.014489475104890737 0.047767820303441864
1 0.534247374676039 0.5639967930518746 0.022301975104890737 0.04840554909161447
1 0.4210136688671803 0.5437484527445534 0.01965057178554268 0.054400457576345394
1 0.689979924265765 0.3864771841177999 0.026492567636357833 0.06272314060688347
1 0.5908544174172877 0.46013821153854506 0.02289397095570589 0.05621804909161447
1 0.7686493759254389 0.39604324487834397 0.028528664317009955 0.06910068636451801
2 0.6750103941725636 0.8018789145729626 0.011979781743586493 0.03514027454580706
