1 0.6237004941791863 0.7304009507479053 0.01046627404661713 0.03135908800127254
1 0.3225546564302383 0.69409763470718 0.012301592558271412 0.03918976933481808
1 0.6790104983555375 0.6146855914226322 0.010902783665263982 0.043859088001272716
1 0.5925670560674186 0.6886492554105419 0.012137901451278844 0.03450226933481808
1 0.8149033583370041 0.6373520267743131 0.01079365626060209 0.04073408800127254
1 0.7800025686812904 0.6666213561027681 0.007559528855940556 0.03757272533418181
1 0.7681771473597456 0.484526471435359 0.009776793283910835 0.056340906667727356
1 0.7621379676854984 0.5352168147676317 0.011121038474587407 0.050109088001272714
1 0.8075273679556509 0.649761120106586 0.009231156260602091 0.040715906667727175
1 0.7897594814804965 0.4316741914385406 0.01301092068857237 0.05950226933481808
0 0.2324355987183572 0.6180794800286351 0.01575397477225655 0.048601132001908985
1 0.12016872249482184 0.5339942866804539 0.012628974772256552 0.048564769334818084
1 0.7272768727649743 0.6550747814289956 0.009122028855940555 0.03759090666772735
1 0.36237606986241666 0.5821067120464524 0.011121038474587407 0.050109088001272714
1 0.4716072261230189 0.6239862240610881 0.00923115626060227 0.040715906667727175
2 0.6495685350160263 0.6213713960852688 0.009340283665263982 0.04384090666772735
1 0.8147173306621898 0.5202099801081769 0.011339293283910834 0.05635908800127272
1 0.4516022609694092 0.5878305480585427 0.011121038474587407 0.050109088001272714
1 0.7377505481780522 0.39592704809831364 0.01780754809323426 0.06268181333545444
1 0.35821183720079375 0.23922886871417964 0.021369057711881113 0.07521817600254525
1 0.6591716803920373 0.4043838907542687 0.01468254809323426 0.06264545066836358
1 0.5225248522617363 0.38248961473581505 0.01624504809323426 0.06266363200190898
2 0.8555258029025576 0.07867700811581287 0.028001003628197196 0.08622840133672711
2 0.3857565500769688 0.7596504567154523 0.010575401451278842 0.034484088001272714
