1 0.6577601453691801 0.26787136045435983 0.03602840666772735 0.008021578258831142
1 0.6822163473901792 0.42269067066101423 0.036010225334181814 0.0064590782588311415
1 0.6506930800445434 0.33188840865896174 0.03602840666772718 0.00802157825883123
1 0.6276908373647258 0.2348861436318471 0.04073408800127254 0.009611349336070062
1 0.6132476240451797 0.3363577400410509 0.037609088001272536 0.009593168617910841
1 0.6940463747612684 0.7008656676359521 0.03452045066836362 0.01269998789975162
1 0.6428073073679075 0.25841000204310344 0.040752269334818084 0.011173849336070064
1 0.4165282600652242 0.48285951443793945 0.053234088001272585 0.009684072208706951
1 0.5469499147039982 0.27816344495970696 0.04391363200190899 0.014317030054229286
1 0.5735873294079965 0.5532998003459012 0.048564769334818084 0.011219301131468028
1 0.6125407414067239 0.5441520593228917 0.040715906667727356 0.008048849336070063
1 0.48633967870781625 0.3059339209556019 0.05479658800127254 0.009693162567786651
1 0.5290533426957259 0.2171259510098312 0.053234088001272536 0.009684072208706951
0 0.614050886775904 0.8082054689638121 0.04705681333545435 0.015897710772388506
2 0.6175902260502705 0.37388046593874996 0.04387726933481808 0.011192030054229285
1 0.5690281934277229 0.6985759389095827 0.04854658800127272 0.009656801131468029
2 0.0622374653484993 0.11207327400410509 0.09095226400381802 0.028652240826617836
1 0.40336354670590724 0.29138963192438216 0.06426249466899989 0.017560204722264317
1 0.431106738701453 0.2587407583878153 0.06111931333545435 0.015979524004105093
1 0.4719639314528582 0.883154951108027 0.05950226933481808 0.011282933645025394
1 0.43714874805058856 0.3751742794650541 0.056449994668999894 0.017514752926866262
1 0.17843846140990557 0.5650624394987579 0.07532726400381798 0.02856133723582168
2 0.7535662780871778 0.6465281464605175 0.029796588001272717 0.009547716822512698
