1 0.391842748301957 0.23387919154139994 0.04435077729789594 0.011667840343632996
1 0.36109339605020363 0.2400539484388049 0.03800064774824659 0.00977779172311397
1 0.380604859653009 0.22861848145549174 0.04757590684754529 0.013394114653892508
1 0.5398587461424886 0.2836821969684669 0.05372577729789594 0.012159163274411532
1 0.30898588525286197 0.4475521879233554 0.03321301819859723 0.007969630257724703
1 0.43099340221484156 0.8448166915413999 0.041626295496493174 0.01775406603337366
1 0.5297828392949434 0.27225337403768834 0.05372577729789594 0.012159163274411532
1 0.6566805104835746 0.551422974896771 0.05841327729789594 0.012404824739800802
1 0.3748459268918438 0.7219656897323776 0.03810077729789594 0.011340291723114149
1 0.498573609653009 0.23480096166778797 0.05685077729789576 0.012322937584671045
2 0.4081848488556674 0.44029296585165945 0.04435077729789594 0.011667840343632996
1 0.4175913247969739 0.36837370024782723 0.04435077729789594 0.011667840343632996
1 0.5149259160945021 0.9395360492978874 0.050801036397194466 0.015120388964152198
1 0.3773878269564423 0.3242209085247132 0.03810077729789594 0.01134029172311397
1 0.42006069246954747 0.6013123530067892 0.04425064774824659 0.010105340343632996
1 0.348057679669621 0.4861952860689046 0.03643814774824659 0.009695904567984215
1 0.639147347314508 0.3021223377416412 0.06370155459579188 0.02202548620519007
2 0.9339615946936142 0.1883209458368131 0.08890181369509058 0.026460680687266126
1 0.8162533744555203 0.6843660289443569 0.07630168414544122 0.02424308344622812
1 0.589799386950905 0.24892541666531356 0.06027616594684382 0.01717421189493056
1 0.6665399645256561 0.36506939506858754 0.06975129549649317 0.019228034825709096
1 0.4884287631044682 0.671857226367109 0.05392603639719447 0.015284163274411533
1 0.4801866640919174 0.6161428149017197 0.05392603639719447 0.015284163274411533
2 0.28304035625692303 0.6501925090451115 0.03497577729789594 0.011176517412854636
