1 0.6770183215850502 0.316978967538342 0.011979781743586493 0.034647784639736126
1 0.4494853174358653 0.3314292271052534 0.010890878424238614 0.040852320533113405
1 0.7489399431608115 0.2741716904204533 0.011861382573423462 0.033085284639736125
1 0.801887344405567 0.2702821607952821 0.01018048340326061 0.031477320533113404
1 0.4549783008391257 0.36258829889200805 0.012808575934727706 0.04558528463973612
1 0.4446327966899409 0.3707190476383668 0.012808575934727706 0.04558528463973612
1 0.6773502083076586 0.34202443164496465 0.014015878424238615 0.04094324874635884
1 0.5173608242843425 0.41088339489365744 0.014489475104890737 0.047193248746358704
1 0.5747687373519528 0.29020117036219356 0.00873638257342364 0.03299435642649069
0 0.039010681337956814 0.4114914294668866 0.016288773445216766 0.05036371285298138
1 0.6220707124568434 0.33580317537675847 0.014015878424238615 0.04094324874635884
1 0.55945415851744 0.4394115601747791 0.0178512734452168 0.0504091769596041
1 0.9027538726246686 0.4028014926111666 0.01628877344521662 0.05036371285298138
1 0.8118436074778217 0.3396770184754141 0.012453378424238793 0.040897784639736125
1 0.7836253643262988 0.42192722882111305 0.016170374275053766 0.04880121285298138
1 0.9609215701351577 0.40580682066612744 0.016288773445216974 0.05036371285298138
2 0.6043396834125493 0.39112717286947596 0.013045374275053766 0.048710284639736125
1 0.410898259347277 0.44216815030393375 0.01652557178554286 0.05348871285298138
1 0.4772965444148557 0.6571195488920081 0.022160265146846925 0.06612510517284953
1 0.852497453957981 0.628193949195942 0.020834563487172986 0.06920464106622681
1 0.42925901827034674 0.5191481874509524 0.017117567636357835 0.06130121285298138
1 0.5640278724241758 0.6960934691876945 0.030209563487172984 0.06947742570596294
2 0.4439205564382032 0.2579917271052534 0.00873638257342364 0.03299435642649069
