1 0.34661452813815036 0.43328617596899316 0.010739092558271412 0.03966327729789594
1 0.3999949553653268 0.6535974784053167 0.01079365626060227 0.041225777297895935
1 0.3512400299522489 0.3905176850682918 0.024166675497895973 0.06702681369509049
1 0.1881522421106337 0.30724770280546376 0.013229175497895974 0.06632590684754529
1 0.6207985286863045 0.653653244905871 0.010739092558271324 0.03966327729789594
0 0.12167154792359822 0.5966117890180882 0.01715278366526398 0.04475129549649317
1 0.43862841334736036 0.46658763417312776 0.012792665879249121 0.05382590684754529
1 0.42210805754224506 0.6033366625507579 0.010902783665263982 0.04435077729789594
1 0.22247762369164664 0.42298212677187214 0.011448420688572547 0.05997577729789594
1 0.33266361162592906 0.6085667782207466 0.01408234736759475 0.04611353639719447
1 0.3188193664352525 0.6014156122739027 0.010957347367594749 0.04591327729789594
1 0.28598207378431384 0.532756447406793 0.011121038474587407 0.05060077729789594
2 0.4356646152541261 0.5290375693983032 0.014246038474587408 0.050801036397194466
2 0.832274297460262 0.11362542951273749 0.02158731252120454 0.08245155459579183
1 0.19417157441728602 0.4039422301033597 0.017807548093234215 0.06350129549649317
1 0.7445907258685649 0.40476276680509604 0.017862111795565027 0.06506379549649317
1 0.3937201958314979 0.33999605335917416 0.025838302902557685 0.07025194324473975
1 0.7149875275051782 0.5798233235603563 0.014246038474587408 0.050801036397194466
1 0.5813044974681112 0.52897461751569 0.017261911069925695 0.04787629549649317
1 0.3690401435619125 0.2843876010151357 0.013447430307219399 0.0725759068475453
1 0.5287499602594682 0.3298571946290158 0.014900802902557686 0.06955103639719465
1 0.4914086729660072 0.4574419740863801 0.014409729581579888 0.05548853639719446
1 0.6711978658870983 0.4212004927464026 0.014900802902557686 0.06955103639719451
2 0.42997014284412227 0.7369501989479524 0.01046627404661713 0.03185077729789594
