2 0.2617737443000168 0.11407378003658923 0.03503056386197043 0.009774989337999784
0 0.2846781966064643 0.8375845527132253 0.037030106436617416 0.01604317067154497
1 0.31057905094939475 0.6572703440483615 0.04149908514929388 0.012972714672181595
1 0.30990061581977135 0.3538908053787252 0.044405563861970344 0.0098840773392725
2 0.3463630036831708 0.4809805640515431 0.04753056386197043 0.009920440006363407
1 0.37729629340782617 0.5305993033895429 0.04763982450563216 0.011482940006363407
1 0.4285688523261181 0.4123492900620426 0.05690556386197052 0.010029528007635947
1 0.4252635358662576 0.403710086728179 0.058905106436617415 0.016297709341181486
1 0.4569169994957969 0.152311218730088 0.06024908514929379 0.013190890674726896
1 0.31508088065080697 0.6823430693825432 0.04182686708027905 0.017660214672181596
1 0.7288194966458054 0.21098897410085898 0.07765510643661741 0.016515885343726833
1 0.35991277940996974 0.7344691907224521 0.04807686708027905 0.017732940006363405
1 0.34961940763811367 0.5685896520528158 0.04796760643661733 0.016170440006363408
1 0.32989676952261265 0.515191932049634 0.04796760643661742 0.016170440006363408
1 0.4056180353620545 0.5504759987269063 0.05388982450563216 0.011555665340545218
1 0.594476983656355 0.11950890408176895 0.07318612772394087 0.019586341343090473
1 0.44321513241551785 0.16935326806172443 0.05432686708027905 0.01780566534054513
1 0.4773123549240081 0.4308998427354968 0.06024908514929379 0.013190890674726851
1 0.4608197155479993 0.7450259774029059 0.054108345792955606 0.014680665340545218
1 0.7110253452887525 0.14119409476445005 0.08590464901126431 0.02285679201145401
1 0.5683797513373824 0.3920833380808145 0.061013909654926125 0.02412839067472685
1 0.30389200837474784 0.6634476187141797 0.03826482450563216 0.01137385200509069
1 0.29986007223671823 0.6540180747135433 0.04796760643661733 0.016170440006363408
