1 0.983810831317637 0.14429011922560045 0.028324994668999893 0.01800585391920828
1 0.38153652259709414 0.5237750984424249 0.03450226933481808 0.01193771034569906
1 0.3653489959420936 0.4373374932695754 0.034484088001272714 0.010375210345699059
1 0.4041013185869128 0.5994570600417651 0.03610113200190899 0.015108174452321776
1 0.7907500799650016 0.280908266164322 0.07828863200190916 0.016335705331134064
1 0.5477587698918231 0.8130829540109857 0.05025453866963616 0.023329851411925517
1 0.5521206479153675 0.6397136501709199 0.050199994668999895 0.018642351411925873
1 0.5118587272438223 0.6744918154520414 0.05328863200190899 0.015608279625171306
1 0.417964371260367 0.5498435049480579 0.043859088001272716 0.010647994985435005
1 0.5928751066200022 0.3611172887298642 0.059520450668363624 0.014227636051661907
1 0.4336455572883657 0.3439799498543507 0.03917158800127272 0.010511602665567032
1 0.5395330253023651 0.24390104499807036 0.05483295066836362 0.014091243731793846
1 0.722799511298547 0.2773680775262354 0.07205681333545436 0.017716348904643374
2 0.5021217426002758 0.5038383346523714 0.05328863200190899 0.015608279625171306
1 0.6956797439131404 0.6603025979802065 0.06896817600254543 0.02075042069139794
1 0.6757945052514583 0.6229928145941116 0.06420795066836363 0.01436402837152997
1 0.5300723779042317 0.7211311347315137 0.05014545066836362 0.013954851411925873
1 0.4589877185710044 0.7182812678801817 0.04549431333545435 0.016943459092057724
1 0.6162553259070952 0.7025379105957612 0.05643181333545435 0.017261707838416386
1 0.6099513292489129 0.6398333221159591 0.05953863200190899 0.015790136051661817
1 0.5923349258832327 0.8776826631030434 0.0549238573360908 0.021903743731793667
1 0.559534253262276 0.5398955065974105 0.059520450668363624 0.014227636051661819
0 0.4198513985519144 0.8578151293212374 0.03462953866963616 0.02287521034569906
2 0.3275693746419557 0.1916241764973857 0.036046588001272716 0.010420674452321688
