2 0.7718775014432329 0.8720606511230897 0.03481164764263518 0.010175087005972472
0 0.6647817456567738 0.15111367790857583 0.03666524607105863 0.016461454597152824
1 0.6599059627775004 0.33189155243361057 0.04120719685684691 0.013445557370694505
1 0.6958992365560366 0.6345074061570828 0.04418664764263518 0.010393292553055567
2 0.6446919933804622 0.5089995663013189 0.04731164764263518 0.010466027735416716
1 0.6080245932566277 0.46058090330729123 0.04738442224974104 0.012028527735416716
1 0.5705867133966729 0.5803310120647565 0.05668664764263518 0.010684233282499988
1 0.574893223735755 0.5888338430868052 0.058540246071058635 0.01697060087368065
1 0.5725474354797981 0.8407236514074302 0.0599571968568469 0.01388196846486096
1 0.6524915690638066 0.3070370227983328 0.04142552067816432 0.018133057370694417
1 0.2941826869275402 0.7916737812507983 0.07729024607105864 0.017407011967847198
1 0.6016525070293133 0.25660191812493005 0.047675520678164315 0.018278527735416716
1 0.6312416153825342 0.4217177718484023 0.04760274607105863 0.016716027735416715
1 0.6571534520241334 0.47429725798069394 0.04760274607105863 0.016716027735416715
1 0.5774274106678046 0.4417406375397217 0.05363442224974104 0.012173998100139017
1 0.43899222683612693 0.8782444480445483 0.07274829528527035 0.02042290919430556
1 0.5842469148016336 0.8232452106779856 0.05392552067816432 0.018423998100139016
1 0.5197498054149555 0.5635260249825343 0.0599571968568469 0.013881968464861139
1 0.4996533593866782 0.24959081155166624 0.05377997146395277 0.015298998100138928
1 0.32007740694375086 0.8606777011786804 0.085393844499482 0.023838849923750162
1 0.43332430789615495 0.6054245438842358 0.06046661910658777 0.02481946846486114
1 0.665864864349077 0.32549608206888836 0.03800942224974087 0.011810322188333356
1 0.6709890119917121 0.3347619792953467 0.04760274607105863 0.016716027735416715
