1 0.050879269846025574 0.8842022773313183 0.028825336958138298 0.017514764003817972
1 0.6323641028126502 0.4803729172501856 0.03482066897336082 0.011337489337999784
1 0.6530532876033417 0.5661104225811857 0.03475700197716627 0.009774989337999784
1 0.6058705869953194 0.40564563725336733 0.03651050296574958 0.014480670671545326
1 0.236491823192336 0.7397875639720013 0.07869800296574955 0.014971566677272286
1 0.45124545950527095 0.19797059193986638 0.050891337946721474 0.022456802673454224
1 0.4559687460828483 0.37143536394018456 0.05070033695813834 0.017769302673454224
1 0.49434815517037733 0.33503423993477577 0.05369800296574958 0.01468066534054513
1 0.5946266808735399 0.45580017858850363 0.04413200197716627 0.0098840773392725
1 0.4298651384016444 0.6515592159452753 0.059884335969555204 0.01319089067472703
1 0.5897494743711995 0.6622047199236398 0.03944450197716627 0.009829533338636055
1 0.48926399612002935 0.7665478692711847 0.055196835969555026 0.013136346674090405
1 0.30452424018853036 0.7405591759627744 0.07251166996194396 0.016461341343090474
2 0.5130066077555661 0.505210379933185 0.05369800296574958 0.014680665340545218
1 0.3115502426228073 0.3567017966263655 0.06951400395433271 0.019549978675999568
1 0.3333589170333754 0.39318418929027465 0.06457183596955521 0.013245434675363299
1 0.4737199787826428 0.28915866593732104 0.05050933596955502 0.013081802673454313
1 0.54484556228074 0.2891126652610033 0.04594916996194378 0.016152258672817867
1 0.38864198323126703 0.3112523892823205 0.056886669961943956 0.016279528007635945
1 0.39821991307904275 0.373670573281366 0.059948002965749494 0.014753390674726852
1 0.403354446159398 0.1352166006126843 0.05551517095052709 0.020948846674090582
1 0.4537934338392894 0.4715080892743663 0.059884335969555204 0.013190890674726851
0 0.5766155326232447 0.14805131325591264 0.035266337946721474 0.022274989337999783
2 0.703642172507764 0.8101689579090042 0.03631950197716627 0.009793170671545327
