1 0.7172620897639963 0.6174883881711826 0.015340776735204998 0.04128009724103805
1 0.9191962943393577 0.5665787426483098 0.01879355866619008 0.04613137155129756
1 0.663082688154842 0.6107570313192061 0.009309298022528622 0.044077548620519026
1 0.9014624911210489 0.5578654839418825 0.015887079953513704 0.04909259724103805
1 0.5661805549830194 0.549634745588986 0.01577781930985207 0.04753009724103805
1 0.6098541453280935 0.5285719730877487 0.011308840597175518 0.050409435775648784
1 0.46089175746469396 0.6468638704196438 0.01010697351689629 0.03322193577564878
1 0.2637114828231758 0.4318143232694628 0.013089861884498965 0.05361632293077854
2 0.548506735925269 0.5751736561498639 0.013996798022528623 0.044323210085908296
1 0.7158531370302204 0.44149909825709077 0.013526904459146038 0.05986632293077854
1 0.21256923592526897 0.5575679177969673 0.01388753737886681 0.042760710085908114
1 0.23642735300554812 0.5759427815463487 0.01232503737886681 0.042678822930778536
1 0.4513093078330111 0.5988800717991247 0.01545003737886681 0.04284259724103805
1 0.48765708121402157 0.4396588800305822 0.0147616225281606 0.05526071008590829
1 0.6239937829393913 0.3300459418800842 0.026463947033792935 0.06677142017181659
1 0.3969499537421822 0.4893922071452321 0.016214861884498964 0.05378009724103805
1 0.13298637068657532 0.29886462516934215 0.02355746832111638 0.06973264586155699
1 0.5617776422260004 0.3976185442095049 0.016761165102807674 0.06159259724103805
1 0.13982586859288837 0.4634627137039528 0.019339861884498967 0.05394387155129756
1 0.14256383045771687 0.20206819029820453 0.02432229282674849 0.08067014586155699
1 0.4586530062041863 0.28090467774659 0.02969820767745457 0.0684976944820761
2 0.12470288518863484 0.6479262449116174 0.015340776735205086 0.04128009724103805
