2 0.8890625 0.26953125 0.00859375 0.03359375
0 0.16640625 0.34296875 0.015625 0.0359375
1 0.346875 0.35625 0.0125 0.040625
1 0.65 0.334375 0.009375 0.04296875
2 0.5234375 0.3796875 0.009375 0.046875
1 0.47421875 0.4140625 0.0109375 0.046875
1 0.59296875 0.45703125 0.009375 0.05703125
1 0.6015625 0.453125 0.015625 0.0578125
1 0.853125 0.4671875 0.01171875 0.059375
1 0.321875 0.3625 0.0171875 0.03984375
1 0.79765625 0.74296875 0.015625 0.0765625
1 0.2703125 0.4109375 0.0171875 0.04765625
1 0.4359375 0.3890625 0.01484375 0.04765625
1 0.4890625 0.365625 0.01640625 0.04765625
1 0.4546875 0.44375 0.0109375 0.05390625
1 0.8875 0.60234375 0.01796875 0.071875
1 0.8359375 0.4546875 0.0171875 0.053125
1 0.575 0.50703125 0.0125 0.05859375
1 0.2609375 0.5125 0.0140625 0.05390625
1 0.8671875 0.7203125 0.02109375 0.084375
1 0.61484375 0.5953125 0.0234375 0.06015625
1 0.340625 0.35 0.0109375 0.0375
1 0.35 0.3453125 0.015625 0.046875
