1 0.5984375 0.3 0.009375 0.03046875
1 0.5109375 0.328125 0.0078125 0.03359375
1 0.6015625 0.3625 0.00703125 0.03515625
1 0.425 0.38125 0.00859375 0.0390625
1 0.490625 0.446875 0.009375 0.046875
1 0.63125 0.384375 0.00859375 0.0359375
1 0.5515625 0.4 0.009375 0.03984375
1 0.3734375 0.63125 0.01171875 0.06015625
1 0.5140625 0.4796875 0.009375 0.04765625
1 0.6984375 0.4015625 0.01015625 0.0390625
1 0.728125 0.340625 0.0078125 0.0359375
1 0.4171875 0.4125 0.009375 0.04375
1 0.7109375 0.453125 0.01015625 0.04765625
1 0.3875 0.4625 0.01015625 0.0484375
1 0.72265625 0.38671875 0.00703125 0.03828125
1 0.3984375 0.459375 0.0078125 0.05234375
1 0.91640625 0.475 0.009375 0.04453125
1 0.5046875 0.4921875 0.0125 0.04765625
0 0.084375 0.4125 0.0125 0.04453125
1 0.73125 0.68125 0.015625 0.06796875
1 0.3546875 0.79296875 0.0171875 0.0734375
1 0.440625 0.284375 0.00703125 0.02890625
1 0.42265625 0.375 0.00859375 0.03828125
