2 0.7213574680836116 0.4315910374557414 0.0282704703647223 0.008216691585911207
1 0.6609291143601392 0.45772720255854915 0.03459320554708327 0.011778734160558102
1 0.6803902420193061 0.5878299658001008 0.032994337955902786 0.01010697351689629
1 0.4145093624602782 0.5281700145789341 0.044113675911805574 0.018684298022528623
1 0.5635839485163199 0.5787823837529001 0.0438954703647223 0.009309298022528622
1 0.5709197505686809 0.3560332986036062 0.04553070554708327 0.012543558666190257
1 0.33158253400368076 0.26008628611835916 0.05025457313826394 0.014433840597175517
1 0.6261417659550007 0.744997609615585 0.039280705547083274 0.012106516091543363
1 0.5486836874984032 0.476531468902194 0.04553070554708327 0.012543558666190436
1 0.6000494317988201 0.6325740192705112 0.0407704703647223 0.009090776735205175
1 0.6023515885245837 0.3616605857303716 0.047093205547083274 0.01265281930985207
1 0.26044141793111164 0.6328460789451076 0.07536367591180557 0.020869510895763277
1 0.27847571779927105 0.2645823980028581 0.06911367591180557 0.020432468321116382
1 0.512071427430417 0.3491930727409213 0.04869207313826394 0.014324579953513794
1 0.5380572716545838 0.5915226843733188 0.05021820554708327 0.012871340597175518
1 0.49267334289298664 0.6588630036831707 0.045639808320624906 0.017231058666190437
0 0.5976413322563195 0.1256684554085407 0.04400457313826393 0.013996798022528577
2 0.06015700930548693 0.9708152445521183 0.07540004350298612 0.022432010895763455
1 0.5118532218833336 0.33981807274092135 0.05330683795590278 0.011527361884498965
1 0.6137995412218754 0.45006752186840115 0.040806837955902786 0.010653276735205174
2 0.5313318801277087 0.4370537056606422 0.05025457313826394 0.014433840597175517
1 0.48067726348645873 0.41242504625781773 0.05029094072944442 0.01599634059717552
1 0.47098279369041746 0.8027986739817585 0.05363414627652787 0.025589861884499143
