1 0.011023687924510752 0.11553864158874363 0.022047375849021503 0.01735112646343313
1 0.5796575077150227 0.5089365792407898 0.035075906847545114 0.011137487899751618
1 0.6023521329457353 0.422899085290914 0.03497577729789594 0.009574987899751619
1 0.5514137893318554 0.5840729346269841 0.03683866594684382 0.01427157825883114
1 0.18972862430786203 0.25661257260149045 0.0790261659468439 0.014517017953980905
1 0.39190267967884623 0.7942978832009284 0.051401813695090406 0.022165891490547728
1 0.4006733096899208 0.6208740187395477 0.051101425046142526 0.017478391490547907
1 0.4382140800479865 0.6565797145830176 0.05402616594684382 0.01437157220870695
1 0.5413366849206336 0.5341502026791609 0.04435077729789594 0.009629530054229462
1 0.3810964990771494 0.34140468735745866 0.06017603639719464 0.012845433645025484
1 0.541272535474344 0.3279774707313376 0.03966327729789594 0.009602258976990453
1 0.44319358575119916 0.22546152478967202 0.05548853639719446 0.01281816256778665
1 0.2577975038575113 0.2546546419815271 0.07287629549649317 0.01604315651766246
2 0.46084695095976247 0.4861990368899204 0.05402616594684382 0.01437157220870695
1 0.255871949418603 0.6381165817748726 0.06995155459579187 0.019149975799503238
1 0.2785374938353621 0.6012796571068376 0.06486353639719455 0.012872704722264317
1 0.4165102583333315 0.702782548891973 0.050801036397194646 0.01279089149054773
1 0.48765407310815617 0.7015876875538504 0.04631379549649317 0.015888620413308983
1 0.33192450725359735 0.682188768641352 0.057251295496493174 0.01595225292686635
1 0.34296093923957016 0.6196478620254936 0.06027616594684391 0.014407933645025395
1 0.3425349329180487 0.8578427536142372 0.055989184145441226 0.02063066256778647
1 0.40083160086747743 0.5209103801758662 0.06007590684754529 0.011282933645025394
0 0.5161424136397172 0.8419945189359396 0.03577681369509058 0.022074987899751618
2 0.658647407465854 0.17813148595484402 0.03653827729789594 0.00958407825883123
