1 0.5751366738790956 0.40563318673654153 0.03944450197716627 0.012334979254075585
1 0.3562474110275143 0.45017240166896266 0.041007001977166266 0.012453378424238793
1 0.6179780898867068 0.4120141639160247 0.06651633794672147 0.026847765146846968
1 0.6973830414833122 0.25189472532860535 0.06607066897336082 0.015910265146847014
1 0.36133286456410507 0.67155049420043 0.039444501977166355 0.012334979254075585
0 0.40670630334631036 0.1734448809230383 0.04438666996194396 0.018940176764564675
1 0.5440047376055294 0.49652995125868865 0.053570668973360824 0.014963071785542681
1 0.40698224007698725 0.4743920742843425 0.04413200197716631 0.012690176764564676
1 0.5825419500765496 0.2815920354917861 0.05975700197716627 0.013874168466194981
1 0.3996737588600675 0.3845007800932013 0.045821835969555205 0.015933575934727707
1 0.4064967618258171 0.3709118767738534 0.04569450197716631 0.012808575934727706
1 0.4743355192401909 0.340787591505782 0.05038200197716627 0.013163773445216798
2 0.48153657110362647 0.49101273445216764 0.05050933596955502 0.01628877344521662
2 0.905845574032195 0.905592100853059 0.08201400395433253 0.024906756848477228
1 0.6009072895061459 0.25398817636357934 0.06313666996194396 0.020360966806520952
1 0.6129033403438173 0.8058117081071658 0.06469916996194396 0.020479365976683893
1 0.6694477479856527 0.4566647357015675 0.06970500494291584 0.028647063487172986
1 0.43729584528673315 0.7689951018787442 0.05050933596955502 0.016288773445216797
1 0.484990540457548 0.6370356294731458 0.04751166996194378 0.019176975104890737
1 0.7244363369209573 0.43418700707219193 0.07232066897336083 0.016383861827499048
1 0.6827223863129349 0.5924605257435238 0.0692593359695552 0.017709563487172987
1 0.5543718932330173 0.5498208946199928 0.055196835969555026 0.01664397095570589
1 0.5947701056668565 0.731557069309965 0.0692593359695552 0.017709563487172987
2 0.2736604041074321 0.47682814482048547 0.031632001977166355 0.01174298340326061
