1 0.5533982711469096 0.5627860431557246 0.044460395020978184 0.012434298022528623
1 0.5198278319347904 0.5853383863507903 0.04133539502097818 0.012215776735204997
1 0.5477994665828063 0.5546293357303715 0.04169059253146727 0.016903276735204996
1 0.6204925279953869 0.477274878052917 0.03520379419114121 0.013341234160558102
1 0.5636775333939716 0.30406660701769506 0.04133539502097818 0.012215776735205085
1 0.4173432945921265 0.5225648707634499 0.05106559253146727 0.017558840597175517
1 0.5559125775851129 0.2937300405578346 0.03977289502097818 0.012106516091543363
1 0.579810173641065 0.37831820800643073 0.038210395020978186 0.011997255447881638
1 0.5391716730163651 0.473636061845158 0.03977289502097818 0.012106516091543363
1 0.5159691261259316 0.5747286682817754 0.04758539502097818 0.01265281930985207
1 0.46946559210725997 0.32697386531556827 0.053835395020978186 0.013089861884498965
2 0.4902246875385122 0.5042576311550101 0.04758539502097818 0.01265281930985207
1 0.6156436977109817 0.23360128770784297 0.038210395020978186 0.011997255447881638
1 0.5758088352587827 0.40035709897192334 0.038210395020978186 0.01199725544788155
1 0.46589734853152986 0.6201939875916274 0.050947193361304245 0.01599634059717552
0 0.5104239854546309 0.8735268012014963 0.048058991701630305 0.01890281930985225
1 0.45751800869935516 0.546177333384583 0.04985829004195637 0.022137079953513706
2 0.09057745580885883 0.00918932970141224 0.08447008838228234 0.01837865940282448
1 0.28878947425647616 0.6807594190380801 0.060322193361304156 0.01665190445914604
1 0.2698799892028306 0.3354904777042703 0.06981559253146727 0.01886996832111638
1 0.48022918381353463 0.12339539724655346 0.050947193361304245 0.01599634059717552
1 0.12309269666207454 0.7343100259789004 0.07942739087179325 0.022650532183086724
2 0.6754042483263929 0.5115134842374328 0.028716995850815153 0.009779191585911206
1 0.6582787157576138 0.35806605614517484 0.03508539502097818 0.01177873416055819
