2 0.289146663498755 0.7469131377675216 0.029960284639736122 0.010238818025830909
1 0.3893258906040084 0.3202022220906885 0.04880121285298138 0.013909387305303157
1 0.34534857007089503 0.3136627170761236 0.03469324874635884 0.01193771034569897
1 0.4176257015037034 0.5672447066512822 0.048710284639736125 0.010784387305303155
1 0.3866638918576496 0.3093329182506225 0.05050010517284944 0.018642351411925783
1 0.37597409593514247 0.3987818631569153 0.04094324874635884 0.012119566772189661
1 0.35614498073316314 0.4697308606496328 0.04393185642649069 0.007522994985435005
1 0.34695315182027253 0.6912792517158597 0.04411371285298138 0.013772994985435005
1 0.4106017778428045 0.8364266156641978 0.05054556927947225 0.020204851411925517
1 0.4573176534696251 0.8295939424655174 0.056704641066226816 0.017261707838416386
1 0.5134693989172787 0.5558549140939875 0.05661371285298138 0.014136707838416562
1 0.36952082211595905 0.6069580760098967 0.04567621285298138 0.013818459092057723
1 0.9882036598043383 0.6199769692542016 0.023592680391323385 0.01993206677218957
1 0.4021274189755383 0.38394647334432974 0.04719324874635884 0.012301423198680439
1 0.5199911497087014 0.8606106102539215 0.05996603338609478 0.02204013605166182
2 0.4439943217202476 0.45231838862545126 0.0504091769596041 0.015517351411925872
1 0.441739151424561 0.5360485309453195 0.04898306927947225 0.020159387305303155
1 0.5834542561351921 0.8650193139357029 0.06630696159934021 0.025346992478152686
1 0.6250527904457238 0.25235417788404096 0.06309103338609497 0.02213106426490725
1 0.7577268304292293 0.8349273339939625 0.0756364974927175 0.02405727711788863
1 0.5535127595669115 0.21221256268206162 0.0597841769596041 0.015790136051661817
1 0.5537019423325034 0.48743988321517506 0.06295464106622681 0.01744356426490725
1 0.4531574069013445 0.17603703345260185 0.05661371285298138 0.014136707838416519
