1 0.2450130393250966 0.6546875 0.007295674452321687 0.0359375
1 0.39904130977906777 0.67734375 0.007295674452321687 0.0359375
1 0.30930285985821004 0.646875 0.007295674452321687 0.0359375
1 0.21306435735092757 0.625 0.01055706677218975 0.040625
1 0.3150814984171544 0.609375 0.010466138558944316 0.0375
1 0.6769162571926429 0.6859375 0.01350021034569906 0.034375
1 0.23606994833801212 0.63984375 0.01211956677218975 0.040625
1 0.4685116899582349 0.4109375 0.010920779625171129 0.053125
1 0.259178490895307 0.54375 0.015335494985435094 0.04375
1 0.5334965292959668 0.5671875 0.013909387305303157 0.0484375
1 0.5229849266303997 0.60625 0.008994566772189749 0.040625
1 0.2890765910535915 0.4828125 0.010966243731793845 0.0546875
1 0.19874109606815646 0.5265625 0.010920779625171129 0.053125
0 0.7870928907370225 0.6046875 0.01698892319868044 0.046875
2 0.3524678381505977 0.61328125 0.012210494985435005 0.04375
1 0.6789908857224575 0.5609375 0.010784387305303155 0.0484375
2 0.10994564984171544 0.0609375 0.03076191818411549 0.090625
1 0.27742368870459366 0.4 0.019051528371529968 0.0640625
1 0.24379283478538535 0.428125 0.017398100158284534 0.0609375
1 0.8670341064929978 0.46171875 0.012665136051661818 0.059375
1 0.3600626924655173 0.4328125 0.01882420783841656 0.05625
1 0.5590614482715051 0.171875 0.03186977711788863 0.075
2 0.6204783890876697 0.74609375 0.010238818025830909 0.0296875
