1 0.25082920574012446 0.38545456868408273 0.03185077729789594 0.011195105233437008
1 0.2644168322074548 0.6835434581889739 0.03966327729789594 0.011650131541796328
1 0.3710403786267987 0.3192996766895299 0.04435077729789594 0.011923147326811722
1 0.2903329942967874 0.41273042924977865 0.03497577729789594 0.011377115756780753
1 0.35860783467146495 0.18537199772209992 0.041225777297895935 0.011741136803468066
1 0.32661735502953054 0.22303859769386508 0.03790051819859723 0.00843412628012441
1 0.5082981516057579 0.21790523470909468 0.056750647748246584 0.011088689420186527
1 0.4570162538575113 0.22867540571342976 0.05060077729789594 0.012287168373499214
1 0.34560718692321835 0.1939125398154747 0.041125647748246584 0.010178636803468066
1 0.5629250948504978 0.19137355581225177 0.06007590684754529 0.014395699943530271
0 0.33380957742709283 0.7666752056287252 0.049338665946843906 0.016883663111827298
1 0.4096130089516404 0.8712269267601173 0.04913840684754529 0.013758663111827473
1 0.3342005151162783 0.27474531086216214 0.03800064774824659 0.00999662628012441
1 0.3797204595976358 0.6332410793486007 0.05060077729789594 0.012287168373499214
1 0.346004398523439 0.5277947161520689 0.041125647748246584 0.010178636803468066
2 0.3621066671834615 0.3493967003670533 0.044150518198597236 0.008798147326811811
1 0.4760456585455882 0.17464035309671125 0.056850777297895935 0.01265118942018657
1 0.3807403439276471 0.5444515951336163 0.05060077729789594 0.012287168373499214
1 0.5948271344868947 0.24010718742463516 0.06350129549649317 0.019265210466874017
1 0.7231898573458825 0.6054529244116299 0.07620155459579188 0.02311825256024882
1 0.580395592229604 0.31955946899466625 0.06330103639719446 0.016140210466874017
1 0.5919968214101132 0.4543139005929323 0.06340116594684382 0.017702710466873838
2 0.9218378223329637 0.09263586404357796 0.08753957279438893 0.030005289391951705
2 0.20347813464377834 0.6263826765483556 0.03497577729789594 0.011377115756780753
