1 0.3115723764634331 0.3308317616471034 0.03503056386197043 0.011176517412854548
1 0.30343282248881975 0.5585473258714545 0.04117130321830871 0.00994156603337366
1 0.27619188735919636 0.2579608276804769 0.03346806386197043 0.01109463025772479
1 0.2775629992436953 0.2049586584131715 0.03179630321830871 0.009450243102595035
1 0.3349013437761433 0.5537845827688596 0.045968063861970346 0.011749727498762751
1 0.34194901927051113 0.5643126469932108 0.04596806386197043 0.011749727498762751
1 0.3364631158197714 0.3310840671650273 0.04138982450563215 0.013066566033373483
1 0.3889986179134583 0.49257044380470755 0.04763982450563216 0.013394114653892685
1 0.27489219526908204 0.4323876175945687 0.03324954257464689 0.007969630257724703
0 0.3423382412747983 0.9706102346233104 0.05087408514929388 0.015120388964152198
1 0.3248264932916106 0.3861810029406761 0.04138982450563215 0.013066566033373573
1 0.4214722643268326 0.4511708378572422 0.0509833457929556 0.016682888964152022
1 0.4190563665760759 0.10725041949444798 0.050874085149293834 0.015120388964152066
1 0.34742203117468057 0.19662718000989757 0.04128056386197043 0.011504066033373528
1 0.4262682970141224 0.22674404794315048 0.04931158514929379 0.015038501809022265
1 0.4277865103915602 0.04919225802905873 0.05087408514929379 0.015120388964152066
2 0.37798434428034633 0.40518995251113477 0.04909306386197043 0.011913501809022264
1 0.40953000317896765 0.5996902250123719 0.053999085149293836 0.015284163274411533
1 0.6294325937761432 0.5383488540269014 0.06682686708027905 0.020626760515449583
1 0.6377956588986213 0.1627280563108935 0.06984260643661741 0.019228034825709096
1 0.48774783832826163 0.5831368108334493 0.06181158514929379 0.015693599050060313
1 0.6766842882120461 0.4525850944159629 0.07049817029858776 0.028603034825709094
2 0.22999532248881982 0.5623960221625529 0.03324954257464689 0.007969630257724703
