1 0.33316583064079897 0.4010181088881414 0.013445557370694505 0.04128009724103805
1 0.12835235049243096 0.47354596336526866 0.016679660144236143 0.04613137155129756
1 0.38716299961875034 0.4020992520361649 0.007268292553055567 0.044077548620519026
1 0.14572168844833375 0.4804577046588413 0.013627395326597291 0.04909259724103805
1 0.4814409829012504 0.45347696630594464 0.013591027735416716 0.04753009724103805
1 0.4366739967689588 0.47928919380470747 0.00897626291777769 0.050409435775648784
1 0.5915407218833336 0.3444560911366025 0.008576219414791631 0.03322193577564878
1 0.7791355601235768 0.5403440439864216 0.010611498100139016 0.05361632293077854
2 0.5003539838511809 0.42589087686682275 0.011955792553055566 0.044323210085908296
1 0.3263378684442019 0.5781538189740496 0.010756968464861138 0.05986632293077854
1 0.8362914838511809 0.40828513851392617 0.011919424961875081 0.042760710085908295
1 0.8132351903481949 0.39228500226330754 0.01035692496187508 0.042678822930778536
1 0.5988999334143406 0.3917847925160835 0.01348192496187508 0.04284259724103805
1 0.5550077291015283 0.5560011007475409 0.012210365691319502 0.05526071008590829
1 0.4132040484400701 0.680763162597043 0.02340243882958326 0.06677142017181659
1 0.6482661134102088 0.496359427862191 0.013736498100139017 0.05378009724103805
1 0.903956335009202 0.660519345886301 0.020350174011944232 0.06973264586155707
1 0.4787368230413547 0.6061482649264637 0.013918336056041624 0.06159259724103805
1 0.9048070541396532 0.4954299344209117 0.016861498100139018 0.05394387155129756
1 0.8898230594579868 0.7590354110151634 0.02056837955902786 0.07910764586155708
1 0.5766496058107645 0.7128718984635489 0.026563806420763926 0.0684976944820761
2 0.928604310789167 0.30801846562857615 0.013445557370694416 0.04128009724103805
