1 0.24596525787054474 0.8132871288934378 0.02878056386197043 0.010029616641249817
1 0.24895885391560188 0.7257143937110767 0.030233803218308708 0.00850348423243048
1 0.37889663425710324 0.41181750750253504 0.04753056386197034 0.010466027735416716
0 0.4282671116323975 0.030313587574653134 0.05065556386197052 0.010538762917777823
1 0.362377225687458 0.8942488010055211 0.044733345792955605 0.015080792553055744
1 0.28493954860360626 0.5692650251699656 0.034812042574646894 0.007050087005972294
1 0.3330985431557246 0.6079469718833337 0.04117130321830871 0.008758057370694416
1 0.4723734826479489 0.4179058129733685 0.05701482450563215 0.012246733282499988
1 0.42408381209725954 0.5153795718070837 0.04742130321830871 0.008903527735416717
1 0.31184662000714525 0.6880520459715281 0.03837408514929388 0.013372822188333444
1 0.3278429606043208 0.6383429867009726 0.03971806386197034 0.010284189779513753
1 0.3386158416824563 0.4171401339274309 0.042733803218308705 0.00879442496187508
2 0.3806619580064307 0.621574367209931 0.04618658514929397 0.013554660144236053
1 0.44130416308599524 0.5376909829012504 0.05065556386197052 0.010538762917777689
1 0.4534664014339274 0.8337672023160421 0.05421760643661742 0.016861498100139018
1 0.5448112113606254 0.42272190596326437 0.05734260643661741 0.01693423328249999
1 0.36420715947969906 0.8121266320275697 0.04462408514929388 0.013518292553055745
1 0.6673532108564223 0.5726881512136117 0.0666083457929556 0.015589938829583438
1 0.6665119766958642 0.6070995188047922 0.06995186708027923 0.01878767401194459
1 0.5877321407902656 0.8384573151575699 0.06402964901126432 0.02332970364722229
1 0.35249412729661234 0.8901061616628475 0.04618658514929388 0.013554660144236407
2 0.25796677522259587 0.40665526918604195 0.03190556386197034 0.010102351823611144
