1 0.5658344760165759 0.7453468821724382 0.010830492142117265 0.03196039502097818
1 0.4796444189444813 0.7105915286433089 0.009413541356328992 0.034966995850815155
1 0.5718704603008102 0.6830836805127642 0.007851041356328813 0.03484859668065212
1 0.39618125558608047 0.6509545742843426 0.011194365177646404 0.03977289502097818
1 0.46486278908452644 0.5903023394311895 0.01155823821317572 0.04758539502097818
1 0.6025768048002922 0.6634582647458617 0.009486315963434678 0.03652949585081515
1 0.5236170508713507 0.6417949070675475 0.011267139784752267 0.04133539502097818
1 0.3562626927230177 0.39704740166896274 0.015265435070022626 0.060322193361304156
1 0.4898285558337495 0.5592658269836349 0.01155823821317572 0.04758539502097818
1 0.6705648254784566 0.6513619290628718 0.011194365177646404 0.03977289502097818
1 0.6974141158013282 0.7145490132959692 0.009486315963434678 0.03652949585081515
1 0.3898242477281976 0.6191125784335274 0.011412688998963994 0.044460395020978184
1 0.6854663875129499 0.6007466224241759 0.01155823821317572 0.04758539502097818
1 0.36246553515558505 0.56686299420043 0.011631012820281584 0.04914789502097818
1 0.694092216710951 0.6680408662003986 0.00799659057054054 0.03797359668065212
1 0.37325748594137337 0.5708167883915711 0.008724336641599172 0.05359859668065212
1 0.891953982012432 0.5944411133006136 0.01141268899896417 0.044460395020978184
1 0.4810357526905963 0.5460554319626567 0.01468323821317572 0.04782219336130424
0 0.057011747728197615 0.5938935551888033 0.014537688998964016 0.04469719336130425
1 0.7164039801504052 0.3741608116362952 0.01882708271265763 0.06993399170163021
1 0.34504486455847394 0.23390786162700644 0.020607906533975217 0.07473989087179325
1 0.4072942299455173 0.7490135659859728 0.007559942927905539 0.028598596680652122
1 0.393546407157657 0.657026975529098 0.01112159057054054 0.038210395020978186
