2 0.7546875 0.2671875 0.00859375 0.0296875
1 0.33125 0.3796875 0.0125 0.0484375
1 0.3234375 0.3359375 0.0109375 0.03515625
1 0.57890625 0.40078125 0.01015625 0.0484375
1 0.3203125 0.37734375 0.0171875 0.05078125
1 0.409375 0.3640625 0.0109375 0.04140625
1 0.4796875 0.3421875 0.00625 0.04296875
1 0.70078125 0.3265625 0.01171875 0.04296875
1 0.84765625 0.3859375 0.01953125 0.05078125
1 0.8421875 0.4328125 0.015625 0.05546875
1 0.5703125 0.496875 0.01171875 0.05546875
1 0.6171875 0.3515625 0.01171875 0.0453125
1 0.6484375 0.978125 0.01953125 0.040625
1 0.3953125 0.390625 0.0109375 0.046875
1 0.875 0.49453125 0.0203125 0.059375
2 0.46484375 0.43046875 0.0140625 0.05078125
1 0.5484375 0.42578125 0.01875 0.0484375
1 0.88125 0.5578125 0.0234375 0.065625
1 0.2703125 0.6171875 0.0203125 0.06328125
1 0.85625 0.7328125 0.02265625 0.07578125
1 0.228125 0.546875 0.0140625 0.059375
1 0.503125 0.5390625 0.01640625 0.06171875
1 0.1890625 0.44765625 0.0125 0.05703125
