2 0.8969050583924126 0.25918607121264187 0.010375210345699059 0.034484088001272714
0 0.17638562140367853 0.3410324379774101 0.016670674452321687 0.03611931333545444
1 0.3572408163099713 0.3522137439529113 0.01368206677218975 0.04077045066836353
1 0.6597293188172537 0.326811565245095 0.010647994985435005 0.043859088001272716
2 0.5344852779093114 0.373596753262276 0.01073892319868044 0.04698408800127272
1 0.48626673825501054 0.4085444652689575 0.012301423198680439 0.04700226933481808
1 0.6062670011871342 0.4501314339195037 0.011011707838416384 0.05635908800127272
1 0.6147470909205776 0.4461251865850038 0.017307171945039102 0.05799431333545435
1 0.8667187678801817 0.4572604918841872 0.014227636051661819 0.059520450668363624
1 0.33242267273646203 0.35875464528963835 0.01836956677218975 0.040824994668999894
1 0.8192744326990848 0.7336871792250503 0.017852741224511703 0.07674431333545435
1 0.2822695600417652 0.4077921292966381 0.018551423198680438 0.04707499466899989
1 0.4472580625490476 0.3839899079408209 0.01698892319868044 0.04705681333545453
1 0.4997011009497074 0.35993424260027573 0.01698892319868044 0.04705681333545453
1 0.46759930628084145 0.4384592319382755 0.012483279625171128 0.05325226933481808
1 0.9050264131030434 0.5920167525461875 0.020841348904643554 0.07209317600254543
1 0.8491675550272003 0.444960486553187 0.01873327962517095 0.05332499466899989
1 0.5897531025990601 0.5003405192552763 0.014227636051661819 0.059520450668363624
1 0.2758497269722394 0.5094637172979107 0.01560827962517113 0.05328863200190899
1 0.8881464531530561 0.7102218598822783 0.024330061757624578 0.08462953866963616
1 0.6321655746232414 0.5881581452498674 0.02516513605166182 0.059647720003181706
1 0.3508089598834806 0.3460364692870931 0.012028638558944316 0.03762726933481808
1 0.3600475675636125 0.34123988128582033 0.01698892319868044 0.04705681333545453
