1 0.364406409907979 0.7749351861973113 0.043913641233702005 0.010647994985435005
1 0.3332927776027307 0.7680319683297647 0.03763636769475172 0.008903638558944316
1 0.353387089291128 0.7799409349436699 0.04706591477265239 0.012301423198680439
1 0.5104552954596382 0.7285195242814019 0.0532886412337021 0.010920779625171129
1 0.2713497053610266 0.5590039608079174 0.032921594155801336 0.007204746239076343
1 0.37507036363756197 0.16399768619731117 0.040897735389503434 0.016807066772189704
1 0.5008893806869859 0.7397298089211379 0.0532886412337021 0.010920779625171129
1 0.6150372500032952 0.4631098214575502 0.057976141233702094 0.011057171945039102
1 0.32453280113838573 0.2857195735026143 0.0376636412337021 0.010466138558944316
1 0.47135583929112795 0.7765083948936575 0.05641364123370209 0.011011707838416563
2 0.3711315170494239 0.5685942579840658 0.043913641233702005 0.010647994985435005
1 0.383925797488233 0.6408413310244617 0.043913641233702096 0.010647994985435005
1 0.4547772288966817 0.07109948086617711 0.05021818831160267 0.013954851411925807
1 0.3456894119365739 0.684119969583406 0.03766364123370201 0.010466138558944316
1 0.3755031915613089 0.4076112938774431 0.04388636769475163 0.009085494985435006
1 0.30870938352635957 0.5212168043022845 0.03607386769475163 0.008858174452321777
1 0.609124620540716 0.7123740355641729 0.06282728246740402 0.020568564264907253
2 0.9099859168078378 0.8332414988793728 0.08788182954530477 0.02442098997087001
1 0.7687816331193226 0.33369980311515013 0.0753545560063543 0.02249477711788863
1 0.56214448052483 0.764496476709542 0.05962046185055314 0.015790136051661817
1 0.6336394253292544 0.6499733239648326 0.06902273538950325 0.01762542069139794
1 0.4407384537361735 0.3385597655059132 0.053343188311602674 0.014045779625171128
1 0.4350827431034364 0.3941649078257813 0.053343188311602674 0.014045779625171128
2 0.23586003896352112 0.3554530634734844 0.034538641233702004 0.010375210345699059
