1 0.5949466839592745 0.27910210200728225 0.009738626670908879 0.031577382213985136
1 0.5071194199554566 0.3102826693378101 0.008212489337999784 0.034647818511654285
1 0.5973444306174568 0.3414929746026205 0.006649989337999785 0.034593254809323425
1 0.42056375461491147 0.3664086729660072 0.009829533338636055 0.039389882213985136
1 0.4854251386060028 0.42974199746811126 0.009920440006363407 0.047202382213985136
1 0.6267773919478206 0.36233126425833423 0.009793170671545327 0.03626488221398514
1 0.5469080786123661 0.3807390130772079 0.009847714672181596 0.04095238221398514
1 0.3660922412476403 0.6182092751429255 0.013190890674726941 0.059811509618646855
1 0.5084808306015484 0.4617360419331484 0.009920440006363407 0.047202382213985136
1 0.6937648972788206 0.37717252505810744 0.009829533338636055 0.039389882213985136
1 0.724161469287093 0.3151983147138212 0.008230670671545325 0.03621031851165428
1 0.4123876279440026 0.3979314914776615 0.0098840773392725 0.04407738221398514
1 0.705664913271821 0.42829851543946057 0.009920440006363407 0.047202382213985136
1 0.38211832527054834 0.44896820182194774 0.009938621339908771 0.04876488221398514
1 0.7181563699475024 0.3614830376719792 0.00668635200509069 0.03771825480932343
1 0.3930921879376392 0.4454612559056317 0.008430665340545129 0.05339781851165419
1 0.9108791246021848 0.44299838858295304 0.009884077339272324 0.04407738221398514
1 0.4989603799331849 0.47456342414713354 0.013045440006363406 0.04731150961864685
0 0.07957512794400258 0.40955356007413374 0.013009077339272456 0.044186509618646855
1 0.7233229385741861 0.6557141873091595 0.01642497867599957 0.06929563702330839
1 0.3454604732256868 0.7805827895708957 0.018042022676635926 0.0740377007256395
1 0.43731599729472903 0.26898803594269866 0.006577264003817973 0.028343254809323426
1 0.4182927299490933 0.3602405185195035 0.00981135200509069 0.03782738221398514
