1 0.8224881294621188 0.6835831039016245 0.010029616641249817 0.028288641233702096
1 0.7350608646444797 0.6882354220828436 0.008503484232430658 0.029823867694751628
1 0.41614525085302134 0.5859458137202875 0.010466027735416716 0.04703864123370209
0 0.03358667078090326 0.5699579439936455 0.010538762917777823 0.050163641233702094
1 0.8977764573500352 0.5603444269541076 0.015080792553055744 0.04399546185055314
1 0.577447733185591 0.6659764127473528 0.007050087005972117 0.03448409415580134
1 0.6137657864722227 0.6145405978125446 0.008758057370694416 0.040761367694751624
1 0.41786944538218795 0.4921276298729116 0.012246733282499988 0.05644091477265238
1 0.5172706865484727 0.5318156469190403 0.008903527735416717 0.04701136769475163
1 0.6945982123840283 0.628761010556602 0.013372822188333444 0.037718188311602674
1 0.6443072716545839 0.617133763803013 0.01028418977951393 0.03922614123370209
1 0.4233226244281255 0.6256804695644862 0.00879442496187508 0.042323867694751625
2 0.6251383911456255 0.565884909500942 0.013554660144236053 0.045530688311602674
1 0.538709275454306 0.5126838173737355 0.010538762917777866 0.050163641233702094
1 0.8332580560395144 0.47471661851212116 0.016861498100139018 0.05339773538950343
1 0.4193033523922921 0.4194168327950109 0.01693423328249999 0.056522735389503434
1 0.8158361263279865 0.5656825377490005 0.013518292553055745 0.04396818831160267
1 0.5630871071419448 0.284040620133679 0.01558993882958326 0.06587046185055305
1 0.5974257395507641 0.28187810227677146 0.01878767401194459 0.06905000892845373
1 0.8316929431979864 0.3403143449731708 0.02332970364722229 0.06288182954530477
1 0.8941065966927088 0.5705688608014834 0.013554660144236407 0.045530688311602674
2 0.4166199891695145 0.707080474028713 0.008539851823611144 0.03138636769475163
