1 0.3513740493591786 0.31772367524374445 0.010357146641955417 0.028397784639736124
1 0.6085194051642939 0.46256612846330747 0.009340283665263982 0.04397732053311341
1 0.3782292152384277 0.3715761009497074 0.010684528855940557 0.03777278463973612
1 0.47220490453132175 0.3360681614536909 0.010575401451278842 0.034647784639736126
1 0.41638397966639795 0.3914172395086517 0.010684528855940557 0.03777278463973612
1 0.5677827885594053 0.39113975785105176 0.012301592558271323 0.03938074874635884
1 0.26541919119181057 0.33707541732618573 0.0106299651536097 0.03621028463973612
1 0.5856796166897065 0.4119523630239013 0.007723219962933037 0.04236935642649069
1 0.5091915277596322 0.45655415769276725 0.01262897477225664 0.04875574874635884
1 0.23957594300590915 0.3792485454602888 0.012247028855940556 0.03781824874635884
1 0.6108830025318888 0.5079013605166189 0.012901793283910834 0.056568248746358664
0 0.9425298174153459 0.4395056793338726 0.011011911069925518 0.04714778463973612
1 0.4649157381039185 0.4849231986007094 0.012683538474587409 0.050318248746358665
1 0.30467515335019535 0.41080007383181866 0.01079365626060227 0.040897784639736125
1 0.3398760433687288 0.39075199828414037 0.007668656260602269 0.04080685642649069
2 0.4929663270339928 0.43891201662654045 0.00939484736759475 0.04553982053311341
1 0.09265879218760247 0.46316524122451136 0.012628974772256529 0.048755748746358664
1 0.21209827295030878 0.4416659774344579 0.015808538474587408 0.0504091769596041
1 0.6264038535276806 0.6394696092629776 0.0176438569862416 0.05826714106622681
1 0.2655581227649743 0.6539446685798269 0.016354175497895973 0.06603417695960409
1 0.5812947393698629 0.7333727219576744 0.02265873920022692 0.06777853338609478
1 0.5658929063454202 0.3817192937444291 0.010902783665263982 0.04402278463973604
2 0.5622470619730503 0.29966531169111776 0.0072867103442863625 0.02986935642649069
