2 0.496440067276569 0.28144350000329527 0.0077239687923356115 0.02823409415580134
1 0.5215086663266293 0.3419991704579905 0.011176517412854636 0.034538641233702094
1 0.6518988511977669 0.323301943186162 0.009532130257724702 0.032948867694751624
1 0.587612780414695 0.5887281201336789 0.017917840343633175 0.04402273538950343
1 0.6408119442549334 0.4400082021146157 0.008542840343632997 0.04385909415580134
1 0.4182818470138955 0.431381044645564 0.011749727498762751 0.0454761412337021
1 0.3181877510160528 0.6700634894499885 0.013557888964152021 0.05019091477265238
1 0.8080536759375677 0.37844163636902867 0.011422178878243728 0.03922614123370201
1 0.5383420414959714 0.4543082556853381 0.011749727498762751 0.0454761412337021
1 0.695219483264514 0.4038701047124035 0.008379066033373484 0.040734094155801336
1 0.42445660391130036 0.39999467695081226 0.011831614653892686 0.04703864123370209
1 0.6895514959276701 0.7433417077966585 0.01955558344622794 0.07527273538950344
1 0.32175316429046436 0.7231748526805133 0.019228034825709096 0.06902273538950325
1 0.41041511533126107 0.49016570941821636 0.013476001809022264 0.04862841477265238
1 0.6531005823145744 0.4655985373419633 0.011995388964152021 0.050163641233702094
1 0.719619696968467 0.5113553222449994 0.016437227498762752 0.04555796185055314
0 0.1884781603337355 0.40333173133231365 0.013230340343633084 0.043940914772652384
1 0.40104011533126116 0.49032935065191835 0.010596663274411533 0.05326136769475163
1 0.5130277809805218 0.3890650852306429 0.00994156603337366 0.040761367694751714
2 0.4985768566248338 0.47142361769804697 0.013557888964152021 0.05019091477265238
1 0.4730722455889859 0.521914541399153 0.015120388964152198 0.05021818831160267
1 0.8631173914505428 0.5338734302005184 0.024659163274411356 0.053506829545304765
