2 0.7290971236068285 0.7196393806869859 0.010411710344286363 0.029851141233702094
1 0.3095882101746502 0.6145305097425279 0.014191474772256551 0.04865568831160268
1 0.30024792650938625 0.6584168774372796 0.012137901451278844 0.03456591477265238
1 0.5579810701561169 0.589113903818899 0.01106647477225664 0.04860114123370209
1 0.29856886462115395 0.6170651745151803 0.018933538474587407 0.050300008928453724
1 0.38716757315134165 0.6287918327950109 0.012356156260602269 0.04081591477265238
1 0.45671618131870967 0.6494395235422457 0.007777783665263982 0.04385909415580134
1 0.6772642942954011 0.6612053177807725 0.014027783665263981 0.04396818831160267
1 0.8262127149839736 0.5992666051194405 0.02049603847458741 0.050327282467404186
1 0.8223808760538993 0.5524870625057667 0.017589293283910835 0.056522735389503434
1 0.5527429878494644 0.49317015828312594 0.014464293283910834 0.05646818831160268
1 0.5945435635326948 0.6376644521146158 0.01408234736759475 0.045530688311602674
1 0.647673608167368 0.015516311284655476 0.02016865626060227 0.031032622569310952
1 0.37403265609096625 0.602474794645564 0.012574411069925694 0.04706591477265239
1 0.8573486422959682 0.4901955681878096 0.022385920688572723 0.0597295560063543
2 0.444955280500403 0.5614173721622739 0.015808538474587408 0.05024546185055314
1 0.5283853393934106 0.5646457378284306 0.02044147477225664 0.04876478246740419
1 0.8658084722403678 0.42680522403200827 0.025729175497895794 0.06603410308425506
1 0.25694439292894033 0.37809417776159115 0.02249504809323426 0.06285455600635448
1 0.8469196069014236 0.25224160065521367 0.02454862141421188 0.07694432954530477
1 0.2123015263240518 0.4491430633132504 0.016135920688572548 0.05962046185055314
1 0.4870287078123975 0.4521554204579905 0.01780754809323426 0.06277273538950343
1 0.16977423122604246 0.5490436517870089 0.014464293283910834 0.05646818831160268
