2 0.47787736262731995 0.2730381296820964 0.006577264003817973 0.028343254809323426
1 0.4990432906190477 0.33321173784946445 0.009774989337999784 0.03470238221398514
1 0.6304841946212749 0.3122221368536725 0.008194308004454243 0.033085318511654284
1 0.5492865492520946 0.5790128219702153 0.016134077339272322 0.04429563702330856
1 0.6119421852721392 0.4292285875793119 0.006759077339272323 0.043968254809323426
1 0.39021263594050276 0.4244766333102935 0.009902258672817865 0.04563988221398514
1 0.27495816390836786 0.6651239698781151 0.011519302673454223 0.05038194591631608
1 0.7829364852800934 0.3646873940252487 0.009829533338636055 0.039389882213985136
1 0.5086717346037756 0.44532979193314837 0.009902258672817865 0.04563988221398514
1 0.6686012652769117 0.39210804429540114 0.006722714672181595 0.04084325480932342
1 0.39838876261141165 0.3929538147986392 0.009920440006363407 0.047202382213985136
1 0.6412184158975501 0.7319889998303639 0.01649770401018138 0.07554563702330856
1 0.2751212485678227 0.7182216880269496 0.01642497867599957 0.06929563702330857
1 0.37859333593254857 0.48345232922660947 0.01150112133990877 0.04881944591631608
1 0.6225796932686393 0.45462789166299594 0.009956802673454135 0.05032738221398514
1 0.6860967532622759 0.4992657798674308 0.014589758672817865 0.04580357332097762
0 0.16246035327818437 0.40041168385059844 0.011446577339272457 0.044131945916315904
2 0.962237798536006 0.9285068134478769 0.01806020401018138 0.07560020072563951
1 0.3692183359325486 0.4837797114405946 0.00843066534054504 0.05339781851165419
1 0.4875603506126843 0.3804686837657804 0.008285214672181596 0.040897818511654284
2 0.4678558306015484 0.46315469819375077 0.011519302673454135 0.05038194591631608
1 0.43914902792809424 0.5141368448357061 0.013081802673454134 0.05043650961864685
1 0.827993351925549 0.5193004829553229 0.022493165340544862 0.05388889183263199
