1 0.340625 0.3078125 0.01015625 0.028125
1 0.59296875 0.4453125 0.0078125 0.04375
1 0.365625 0.3609375 0.009375 0.0375
1 0.4609375 0.32265625 0.009375 0.034375
1 0.403125 0.3796875 0.00859375 0.0375
1 0.5546875 0.375 0.0109375 0.0390625
1 0.25390625 0.3296875 0.009375 0.0359375
1 0.571875 0.3953125 0.00703125 0.0421875
1 0.49375 0.4421875 0.0109375 0.0484375
1 0.2265625 0.37265625 0.0109375 0.0375
1 0.59375 0.490625 0.0109375 0.05546875
0 0.928125 0.4125 0.01015625 0.046875
1 0.4484375 0.471875 0.0109375 0.05
1 0.290625 0.40234375 0.009375 0.03984375
1 0.3265625 0.38125 0.00703125 0.040625
2 0.478125 0.425 0.0078125 0.0453125
1 0.0765625 0.4609375 0.0109375 0.0484375
1 0.196875 0.4359375 0.0140625 0.04921875
1 0.6046875 0.621875 0.01484375 0.0578125
1 0.24296875 0.646875 0.0140625 0.06484375
1 0.55625 0.7171875 0.0203125 0.0671875
1 0.553125 0.365625 0.01015625 0.04375
2 0.55234375 0.28359375 0.00703125 0.0296875
