1 0.09959081155166626 0.47909365891842526 0.010320557370694483 0.04133539502097818
1 0.11049194396048571 0.47982736472728416 0.013518292553055566 0.04469719336130425
1 0.5567331239563538 0.3391707504009854 0.010175087005972116 0.03508539502097818
2 0.4768079281929163 0.42243445890913656 0.010393292553055567 0.044460395020978184
1 0.302571647607708 0.40288266596739514 0.010393292553055567 0.044460395020978136
1 0.42144762775607597 0.4554846798648423 0.010538762917777866 0.05071039502097818
1 0.38794610315479133 0.3870549111935104 0.00872168977951393 0.03965449585081506
1 0.7956306633752774 0.39515602819587964 0.011883057370694417 0.041453794191141216
1 0.5462852800165274 0.38597489542196345 0.011883057370694417 0.041453794191141216
1 0.3615452976839579 0.4826400983310373 0.012173998100138927 0.05395379419114121
1 0.6968307938842357 0.3511710750863132 0.013372822188333444 0.03844719336130424
1 0.34660997549562456 0.5212056908625045 0.016788762917777866 0.05118399170163031
1 0.4987342135277773 0.5861058726014466 0.013881968464861316 0.06032219336130425
1 0.8025274414919437 0.7689720364942494 0.022203614741388922 0.08278918921211939
1 0.8542406375397217 0.49053846055952166 0.01380923328249999 0.057197193361304244
1 0.33643358206888835 0.6233601867133196 0.013881968464861139 0.06032219336130425
1 0.4580540089306244 0.6250625514406037 0.01864220364722229 0.06380239087179333
1 0.5702293134515273 0.4964621095291921 0.010611498100139016 0.053835395020978186
1 0.7317110208984717 0.5278985958322375 0.012210365691319502 0.055516294191141215
1 0.42420568579236057 0.6385456335991087 0.012283100873680652 0.05864129419114121
1 0.8345788349186801 0.665159952261152 0.02362064437666689 0.07665758838228243
2 0.9105309243931942 0.2835062879441419 0.010175087005972116 0.03508539502097818
