1 0.615326500037181 0.40925947121774353 0.04413200197716627 0.010393292553055567
1 0.5824675790866539 0.38820143559854214 0.041007001977166266 0.010320557370694506
1 0.6094266685162502 0.4177077508530213 0.04119800296574958 0.015008057370694416
1 0.6795746838392894 0.4919278072737853 0.03482066897336082 0.011737587005972116
1 0.6165202214054502 0.6684162656706603 0.041007001977166266 0.010320557370694417
1 0.47752009391540157 0.4560045718070837 0.05057300296574958 0.015226262917777867
1 0.6083721403788107 0.6791537439191672 0.03944450197716627 0.01028418977951393
1 0.635307372090022 0.593144161947188 0.03788200197716627 0.010247822188333445
1 0.5979254358164556 0.4993935087368061 0.03944450197716627 0.01028418977951393
1 0.5782257480600148 0.3990298328250005 0.04725700197716627 0.010466027735416716
1 0.5228829679454089 0.6498461439954172 0.05350700197716627 0.010611498100139016
2 0.549936263383054 0.47095873100138935 0.04725700197716627 0.010466027735416716
1 0.6661329022418089 0.736694793406077 0.03788200197716627 0.010247822188333445
1 0.6320722841433005 0.5712146105604171 0.03788200197716627 0.010247822188333445
1 0.5296317391627662 0.3557513050895838 0.05050933596955502 0.013663762917777867
0 0.5831891847906915 0.09942987632798658 0.04751166996194378 0.016716027735416715
1 0.5186252549800969 0.4304239967689588 0.04920150395433272 0.01987739532659738
2 0.13167562509295264 0.9888631314588888 0.08376750494291586 0.02227373708222231
1 0.35422056228074 0.30327700246854195 0.059884335969555114 0.013881968464861139
1 0.3231058024320893 0.6506598423243058 0.06938666996194395 0.017225174011944587
1 0.5265040109487771 0.8536432912218753 0.05050933596955502 0.013663762917777688
1 0.19000155338349142 0.25730727298576406 0.07882533695813834 0.019005879559027862
2 0.7358273424325269 0.4549921581474659 0.028443334980972068 0.008467116641249994
1 0.7132559585538688 0.6097881077106255 0.03475700197716627 0.010175087005972295
