1 0.4253306937564728 0.8549731791775386 0.04128056386197052 0.012215776735204997
1 0.427658018262105 0.843926418533877 0.04462408514929379 0.015559298022528622
1 0.3516567910620377 0.4076607726247058 0.03503056386197043 0.011778734160558102
2 0.42353750887895086 0.4803773707634499 0.04440556386197052 0.012434298022528623
1 0.3784878167888366 0.6576718442803463 0.044405563861970435 0.012434298022528623
1 0.4486196363507903 0.5330435488557078 0.05065556386197052 0.012871340597175518
1 0.37506752186840114 0.5731711581423167 0.03960880321830871 0.010544016091543363
1 0.4427016801859448 0.16184589205077338 0.04138982450563215 0.01377827673520513
1 0.39709497720006726 0.41381258363668466 0.04138982450563215 0.013778276735204997
1 0.4671239818916442 0.5908342695226126 0.05388982450563198 0.014652361884498966
1 0.3841464989915938 0.26545149329161066 0.03837408514929388 0.01512225544788164
1 0.5036406360986886 0.602274514074731 0.051092606436617415 0.019121340597175518
1 0.5909653094993695 0.443014492535306 0.06024908514929379 0.01665190445914604
1 0.8187942866225623 0.11999833757195696 0.0826703883676025 0.025994053470410217
1 0.5469628452887525 0.09391571085642234 0.05712408514929379 0.01643338317182246
1 0.6046568328803799 0.6029850722367183 0.06024908514929379 0.01665190445914604
1 0.6241166630859952 0.4803452477310861 0.06370186708027922 0.02155792574646931
1 0.5114524081423169 0.37938331729303965 0.05378056386197052 0.013089861884498965
1 0.5665655150831371 0.21382401927051112 0.05545232450563198 0.014761622528160778
1 0.6327050592472679 0.513174173225454 0.058577324505632154 0.014980143815484227
1 0.7193077388521352 0.09741277940996976 0.07652964901126431 0.027119510895763276
2 0.3474434465295898 0.05655709453244788 0.03503056386197043 0.011778734160558168
