1 0.6574263108743231 0.3814991884069435 0.009975017856907442 0.03503056386197043
1 0.4294376785690748 0.37335963443233017 0.008521612012708957 0.04117130321830871
1 0.7317171988616142 0.3461186993027068 0.009947744317957152 0.03346806386197043
1 0.7848012885531888 0.3474898111872058 0.008357970779006862 0.03179630321830871
1 0.4331081493480816 0.4048281557196537 0.010165932629560004 0.04596806386197048
1 0.42230701704283324 0.41187583121402155 0.010165932629560004 0.04596806386197048
1 0.6563001874975285 0.40638992776328176 0.011646612012708956 0.04138982450563215
1 0.4925746525944925 0.45892542985696877 0.011755706168510117 0.04763982450563216
1 0.5569081136342666 0.34481900721259245 0.006822744317957152 0.03324954257464698
0 0.014999077513414585 0.4122650532183087 0.013372753246410879 0.050874085149293834
1 0.6014763198027768 0.39475330523512103 0.011646612012708956 0.04138982450563215
1 0.5329365998345489 0.49139907627034296 0.014935253246410873 0.0509833457929556
1 0.8777854496723932 0.4889831785195865 0.013372753246410695 0.05087408514929379
1 0.7907024610364789 0.41734884311819104 0.01008411201270878 0.04128056386197047
1 0.7577456850618965 0.49619510895763275 0.013345479707460584 0.04931158514929379
1 0.9356797702892443 0.49771332233507054 0.013372753246410695 0.05087408514929379
2 0.5805558936660388 0.4479111562238568 0.010220479707460584 0.04909306386197052
1 0.3844718262955986 0.4794568151224782 0.013427300324311631 0.05399908514929379
1 0.43824921144022067 0.6993594057196537 0.018332988635914305 0.06682686708027923
1 0.8144980657422918 0.7077224708421317 0.016825035713814884 0.06984260643661741
1 0.39832186647364043 0.557674650271772 0.013563668019063257 0.06181158514929379
1 0.5225657102224046 0.7466111001555565 0.026200035713814886 0.07049817029858776
2 0.42815582223840887 0.2999221344323302 0.006822744317957152 0.03324954257464689
