1 0.4130487924004826 0.4852455909482548 0.034948210085908295 0.011137487899751618
1 0.40036508593261894 0.5712830848981306 0.034866322930778536 0.009574987899751619
1 0.4325557089542545 0.4101092355620605 0.03667448439616781 0.01427157825883114
1 0.8326463986866323 0.7375695975875542 0.07886198439616772 0.014517017953980726
1 0.5676765801668677 0.19988428698811628 0.05114642017181659 0.022165891490547728
1 0.5791098043862701 0.37330815144949686 0.05090075870642714 0.01747839149054773
1 0.537382649818286 0.3376024556060271 0.05386198439616763 0.01437157220870695
1 0.4484573479184066 0.4600319675098838 0.04424132293077854 0.009629530054229285
1 0.6312676051544959 0.652777482831586 0.06003009724103805 0.012845433645025394
1 0.4725477023955338 0.666204699457707 0.03955382293077854 0.009602258976990541
1 0.5826397546340975 0.7687206453993726 0.05534259724103805 0.012818162567786473
1 0.7647595358417618 0.7395275282075175 0.07269387155129756 0.01604315651766246
2 0.5345895997274288 0.5079831332991243 0.05386198439616781 0.01437157220870695
1 0.7219999892574078 0.356065588414172 0.06973264586155707 0.019149975799503238
1 0.703611837402957 0.3929025130822071 0.06471759724103805 0.012872704722264317
1 0.5537169787419582 0.29139962129707164 0.05065509724103805 0.01279089149054773
1 0.48266417231952313 0.2925944826351943 0.04613137155129756 0.015888620413308983
1 0.6407599553362099 0.31199340154769273 0.05706887155129756 0.015952252926866174
1 0.6370041915414 0.374534308163551 0.06011198439616781 0.014407933645025484
1 0.6096726503841128 0.13633941657480736 0.05575203301668665 0.020630662567786607
1 0.5906005823145744 0.4732717900131783 0.059948210085908296 0.011282933645025394
0 0.4377943283578455 0.15218765125310513 0.03552142017181659 0.022074987899751618
2 0.3725554257104251 0.8160506842342006 0.03642882293077854 0.009584078258831142
