1 0.3529959340192331 0.2540149324363875 0.03611935642649069 0.007295674452321599
1 0.3348406305748785 0.40936166198241636 0.03611935642649069 0.007295674452321599
1 0.36267246239076306 0.31785011190327406 0.03611935642649069 0.007295674452321599
1 0.3817286877801568 0.2203386144105565 0.040897784639736125 0.01055706677218975
1 0.40030885471063105 0.32144647334432974 0.03777278463973612 0.010466138558944316
1 0.3343394915537158 0.687736714568841 0.03473871285298138 0.01350021034569906
1 0.36756689937949705 0.24420802342347203 0.040943248746358754 0.01211956677218975
1 0.6030427127864744 0.46332878180324927 0.05339778463973595 0.010920779625171306
1 0.46425168276559187 0.2617244808661771 0.0441591769596041 0.015335494985435094
1 0.4488158655311837 0.5374064424655174 0.04880121285298138 0.013909387305303157
1 0.4094805808914477 0.5291680451310844 0.040852320533113405 0.008994566772189572
1 0.5260075366848002 0.28807638070789254 0.05496028463973612 0.010966243731793845
1 0.4796660826073073 0.20028687569332765 0.05339778463973612 0.010920779625171151
0 0.4187265149106808 0.7931850810244617 0.047329641066226814 0.01698892319868044
2 0.39749374326957543 0.3590601336108864 0.04406824874635875 0.012210494985435093
1 0.4592940274470931 0.6825370860390266 0.048710284639736125 0.010784387305303155
2 0.9423131836235218 0.08439482191976865 0.09144335391920819 0.03076191818411551
1 0.608410859725196 0.27160428305689044 0.06456260517284954 0.019051528371529968
1 0.5793311134861197 0.2396101369760987 0.06139214106622681 0.017398100158284534
1 0.5639002740818808 0.8648063652684863 0.05969324874635866 0.012665136051661818
1 0.5780306894295094 0.3561527792959668 0.05675010517284953 0.01882420783841656
1 0.8445375424907879 0.539966523489979 0.07581835391920819 0.03030727711788863
2 0.27259199782192195 0.6347995826738144 0.029960284639736122 0.010238818025830909
