1 0.8840295078837848 0.06635272810626658 0.017842116641249815 0.029126057878390333
1 0.47324390425722174 0.640893641641617 0.011737587005972295 0.035012036831702883
1 0.5587813607542356 0.6630864310335687 0.010175087005972295 0.034921031570031145
1 0.3987894181249301 0.6130878890813681 0.014898954597152781 0.03675654735504672
1 0.7373869779641665 0.2494774992941283 0.01588087955902786 0.07894404735504663
1 0.19281478790031212 0.45479943401734035 0.023038762917777823 0.05127407366340577
1 0.36630683928708296 0.46255726806291564 0.018351262917777778 0.051001057878390196
1 0.32944196571197876 0.5003078970444632 0.015298998100138928 0.05394404735504672
1 0.44909854264996485 0.6027188074548674 0.010393292553055744 0.04429603157003115
1 0.6468671614754162 0.44134720990217663 0.013881968464861316 0.0601030420933748
1 0.6556576671749995 0.6014502519955514 0.01028418977951393 0.03960853157003115
1 0.7612192957840969 0.5027690992658934 0.013772865691319502 0.055415542093374806
1 0.7373674877478124 0.3175372545558002 0.01729790919430556 0.07278505261671846
2 0.49948170877812464 0.5219462205666947 0.015298998100139016 0.05394404735504672
1 0.3532464076756942 0.3178517128153612 0.02035017401194459 0.06984206314006221
1 0.38949237899034694 0.34030283646464965 0.013991071238402774 0.0647905420933748
1 0.28378462680614547 0.47887324182514357 0.013663762917777867 0.0507280420933748
1 0.2829111514074301 0.5500124944559796 0.016679660144236143 0.04622255261671846
1 0.30687859432107606 0.3941643128577136 0.01693423328250008 0.05716005261671846
1 0.36921494016076356 0.4048357733245875 0.015444468464861139 0.06019404735504654
1 0.1305881980445483 0.40580122091963056 0.021585365691319504 0.05587056840173403
1 0.46645230965180523 0.4621316048099139 0.01231946846486114 0.060012036831702885
0 0.14141332921909675 0.579322020905513 0.02267508700597225 0.03564907366340577
2 0.8023670533835411 0.7179537544852129 0.01021145459715278 0.03648353157003115
