1 0.3609375 0.58984375 0.01015625 0.0390625
1 0.421875 0.3734375 0.009375 0.040625
1 0.3640625 0.6328125 0.02265625 0.06484375
1 0.1984375 0.70546875 0.0109375 0.06484375
1 0.6421875 0.3875 0.00859375 0.0390625
0 0.1421875 0.4125 0.01484375 0.04375
1 0.45390625 0.5625 0.0109375 0.05234375
1 0.4421875 0.425 0.00859375 0.04453125
1 0.23671875 0.5921875 0.01015625 0.06015625
1 0.353125 0.4140625 0.0125 0.0453125
1 0.3390625 0.4203125 0.009375 0.0453125
1 0.30390625 0.48671875 0.009375 0.05078125
2 0.453125 0.5 0.0125 0.04921875
2 0.834375 0.93984375 0.01953125 0.08203125
1 0.2078125 0.609375 0.01484375 0.06171875
1 0.75703125 0.64375 0.01640625 0.0640625
1 0.4046875 0.6859375 0.0234375 0.06875
1 0.73359375 0.4671875 0.0125 0.05
1 0.5984375 0.509375 0.015625 0.046875
1 0.378125 0.73984375 0.0109375 0.07265625
1 0.5390625 0.7046875 0.01171875 0.06875
1 0.50625 0.575 0.0125 0.0546875
1 0.684375 0.62265625 0.01328125 0.06796875
2 0.4546875 0.2921875 0.009375 0.03203125
