1 0.884375 0.98515625 0.0171875 0.028125
1 0.4875 0.3875 0.0109375 0.03515625
1 0.5734375 0.3703125 0.00859375 0.03515625
1 0.4125 0.4109375 0.0140625 0.0359375
1 0.7421875 0.79375 0.0140625 0.07890625
1 0.203125 0.55703125 0.021875 0.04921875
1 0.3765625 0.559375 0.0171875 0.05078125
1 0.340625 0.51953125 0.0140625 0.05234375
1 0.4625 0.42421875 0.009375 0.04296875
1 0.65625 0.596875 0.0125 0.06015625
1 0.66875 0.4375 0.01015625 0.0390625
1 0.771875 0.5421875 0.01328125 0.0546875
1 0.74375 0.72578125 0.01640625 0.07265625
2 0.5109375 0.5078125 0.0140625 0.05234375
1 0.36015625 0.703125 0.01953125 0.06875
1 0.396875 0.6828125 0.0125 0.0640625
1 0.29453125 0.53828125 0.01171875 0.05078125
1 0.2953125 0.4671875 0.01640625 0.0453125
1 0.315625 0.62421875 0.015625 0.05546875
1 0.378125 0.6171875 0.0140625 0.06015625
1 0.13984375 0.60234375 0.0203125 0.0546875
1 0.4765625 0.565625 0.01171875 0.06015625
0 0.1546875 0.4296875 0.02109375 0.034375
2 0.81796875 0.3296875 0.00859375 0.0359375
