2 0.1109375 0.26953125 0.00859375 0.03359375
0 0.83359375 0.34296875 0.015625 0.0359375
1 0.653125 0.35625 0.0125 0.040625
1 0.35 0.334375 0.009375 0.04296875
2 0.4765625 0.3796875 0.009375 0.046875
1 0.52578125 0.4140625 0.0109375 0.046875
1 0.40703125 0.45703125 0.009375 0.05703125
1 0.3984375 0.453125 0.015625 0.0578125
1 0.146875 0.4671875 0.01171875 0.059375
1 0.678125 0.3625 0.0171875 0.03984375
1 0.20234375 0.74296875 0.015625 0.0765625
1 0.7296875 0.4109375 0.0171875 0.04765625
1 0.5640625 0.3890625 0.01484375 0.04765625
1 0.5109375 0.365625 0.01640625 0.04765625
1 0.5453125 0.44375 0.0109375 0.05390625
1 0.1125 0.60234375 0.01796875 0.071875
1 0.1640625 0.4546875 0.0171875 0.053125
1 0.425 0.50703125 0.0125 0.05859375
1 0.7390625 0.5125 0.0140625 0.05390625
1 0.1328125 0.7203125 0.02109375 0.084375
1 0.38515625 0.5953125 0.0234375 0.06015625
1 0.659375 0.35 0.0109375 0.0375
1 0.65 0.3453125 0.015625 0.046875
