2 0.8717901526854922 0.23848450337374305 0.011577850092285047 0.03470238221398514
0 0.14442781385197404 0.3371577157017639 0.017927979641934398 0.03648313702330856
1 0.3240454626799548 0.34413685808255 0.015103368290882279 0.04106150961864685
1 0.6285722763750453 0.31167649983036394 0.012178627390180986 0.04407738221398514
2 0.49910601943521493 0.3614086597191633 0.01237888648947969 0.047202382213985136
1 0.4476844193429299 0.39750241634258526 0.01394138648947969 0.04725694591631591
1 0.5636808567275736 0.43632432496544016 0.012979663787375629 0.05657738221398514
1 0.5725249306016968 0.4321179746026205 0.019329793337024982 0.05835813702330857
1 0.823186264654853 0.4373957185273527 0.016304922886674334 0.059811509618646855
1 0.2986449444813575 0.3512598773198437 0.01979086829088228 0.04122520072563942
1 0.7500446491417477 0.7151139799600981 0.020531347932816857 0.07710813702330857
1 0.24397842844222853 0.4014979794967619 0.02019138648947969 0.04747520072563947
1 0.41100524213731904 0.3738392270496912 0.018628886489479513 0.047420637023308565
1 0.46563218538205886 0.34854656117044214 0.01862888648947969 0.047420637023308565
1 0.42625070789959285 0.427871962621721 0.014341904688076923 0.053506945916316086
1 0.8489000586101867 0.5713515670760738 0.0233559592838688 0.07252976442797028
1 0.8067998010520476 0.4254959192529921 0.020591904688076923 0.053725200725639334
1 0.5425079611387953 0.4869518075422451 0.016304922886674157 0.059811509618646855
1 0.22809500771502264 0.503387861710747 0.017466904688076924 0.05361607332097762
1 0.821027777611663 0.690029645206375 0.02728199568106362 0.08513889183263199
1 0.5766943915836087 0.5738416831328083 0.027242422886674156 0.060193455534962935
1 0.31819598087855205 0.3381051128918734 0.013340609191583752 0.037881945916315996
1 0.3278713695275 0.3330902306778883 0.01862888648947969 0.047420637023308565
