1 0.3884099141824612 0.5646045413141392 0.011194365177646404 0.03971806386197052
1 0.4392681310982999 0.34393712621133155 0.011267139784752267 0.04128056386197043
1 0.39353621587787224 0.6073547700268158 0.02649403349844608 0.06726390965492612
1 0.23129523510829458 0.6915926482549597 0.015556533498446079 0.06649908514929397
1 0.6602356025622527 0.3425938754550269 0.011194365177646404 0.03971806386197034
0 0.16139999627594634 0.40255728142678215 0.017662688998963994 0.044842606436617374
1 0.4801051085581086 0.530759783016266 0.013411836641599173 0.05388982450563216
1 0.4619821931327932 0.394079237843729 0.011412688998963994 0.044405563861970435
1 0.26430032609311993 0.5756345124852471 0.012140435070022626 0.06003056386197052
1 0.37241027088305223 0.3893695945324479 0.014610463606069856 0.04618658514929388
1 0.3586388693114756 0.39660294032540355 0.011485463606069857 0.045968063861970346
1 0.32657554011347456 0.46546755480779256 0.011703787427387447 0.05065556386197034
2 0.47641287427387435 0.46831441333809687 0.014828787427387446 0.05087408514929379
2 0.8781489261741733 0.8814985662846336 0.024096779569504533 0.0826703883676025
1 0.23619459677128435 0.5948433343929892 0.018535984284234353 0.06359260643661742
1 0.7870143881276132 0.5908132181458894 0.018608758891340216 0.06515510643661741
1 0.4366355525194715 0.6576389932916106 0.02663958271265763 0.07038890965492613
1 0.7553533575246514 0.4158896278008154 0.014828787427387446 0.050874085149293834
1 0.6221620219165095 0.46752817347755543 0.017808238213175898 0.04796760643661742
1 0.4125837764646235 0.7134026742338602 0.015847631926869353 0.07274908514929379
1 0.5718838478047417 0.6669925779367014 0.015702082712657627 0.06962408514929379
1 0.5330310554149555 0.539599551453598 0.015047111248705036 0.05556158514929379
1 0.7133756809316841 0.57480008807616 0.015702082712657627 0.06962408514929379
2 0.46829635152879534 0.2603926526944351 0.010830492142117265 0.03190556386197043
