1 0.3653219597575511 0.2741100675636125 0.03641109668065212 0.007295674452321599
1 0.3543872276036904 0.42813833801758366 0.03641109668065212 0.007295674452321599
1 0.3779888257342351 0.33839988809672594 0.03641109668065212 0.007295674452321599
1 0.39252307718412754 0.2421613855894435 0.04133539502097818 0.01055706677218975
1 0.4158440232447241 0.3441785266556703 0.038210395020978186 0.010466138558944316
1 0.3668685298927087 0.7060132854311589 0.035322193361304245 0.01350021034569906
1 0.3794553147365729 0.265166976576528 0.041453794191141216 0.01211956677218975
1 0.6254702448251299 0.49760871819675073 0.053835395020978186 0.010920779625171306
1 0.4770882539486922 0.2882755191338229 0.044815592531467274 0.015335494985435094
1 0.4744890078973844 0.5625935575344826 0.049384693361304244 0.013909387305303157
1 0.4347161128764062 0.5520819548689155 0.041216995850815154 0.008994566772189572
1 0.5401569390116266 0.31817361929210747 0.05539789502097818 0.010966243731793845
1 0.48965818631233426 0.22783812430667236 0.053835395020978186 0.010920779625171129
0 0.4562880726339573 0.8161899189755383 0.048058991701630305 0.01698892319868044
2 0.41477935332863664 0.3815648663891136 0.04457879419114117 0.012210494985435093
1 0.4917501307225457 0.7080879139609734 0.04914789502097818 0.010784387305303155
2 0.9475280406666563 0.13904267808023135 0.09275618506293455 0.030761918184115535
1 0.6219038464801594 0.30652071694310956 0.06536489087179334 0.019051528371529968
1 0.591292463906736 0.2728898630239013 0.0621214917016303 0.017398100158284534
1 0.6049991823868639 0.8961311347315137 0.06020379419114121 0.012665136051661818
1 0.5954257020838811 0.38915972070403326 0.057552390871793334 0.01882420783841656
1 0.8708671004288515 0.588158476510021 0.07713118506293455 0.03030727711788863
2 0.30256830893700287 0.6495754173261856 0.030397895020978182 0.010238818025830909
