1 0.6802926128918735 0.3728641509478948 0.02845238221398514 0.010684942927905361
1 0.5339805749654403 0.6188037355225794 0.044022818511654196 0.009850188998963994
1 0.6262945936545797 0.39538981430629566 0.03782738221398514 0.01112159057054054
1 0.6612474578123975 0.49248529218038917 0.03470238221398514 0.010976041356328991
1 0.6062350647986392 0.4320165190210254 0.03782738221398514 0.01112159057054054
1 0.6056298856725462 0.583797342842343 0.03944444591631609 0.012756865177646404
1 0.6614458983712359 0.28512655644841284 0.03626488221398514 0.011048815963434678
1 0.5847171849469068 0.6000387729499668 0.042405754809323425 0.00821491439185813
1 0.5405703700634495 0.5197305347367911 0.04881944591631608 0.013193512820281583
1 0.6194320131620259 0.25578150475300176 0.037881945916316086 0.01268409057054054
1 0.4886407931142747 0.6174745219165094 0.05663194591631608 0.013557385855810723
0 0.5550891608154715 0.9554882522718025 0.04725694591631609 0.013120738213175543
1 0.5124652174310445 0.4730353172017798 0.05038194591631608 0.013266287427387446
1 0.5875074013664607 0.3184612872179905 0.04095238221398514 0.011267139784752267
1 0.6073461862128512 0.35538124441391955 0.04084325480932342 0.008142139784752266
2 0.5583035070867581 0.5049060554149556 0.04558531851165419 0.009922963606069857
1 0.5363888785857881 0.1016697394515208 0.04881944591631608 0.013193512820281583
1 0.557187473506312 0.2231466331652145 0.05049107332097762 0.016391287427387446
1 0.3570088471979588 0.6222989549196175 0.05835813702330857 0.018317660462916763
1 0.3446403442875519 0.2594158112059238 0.06611607332097771 0.01711903349844599
1 0.2633878219702153 0.5694222038861602 0.06789682813030114 0.023441808105551944
1 0.6150594493748771 0.5826714904849781 0.04407738221398514 0.011412688998963994
2 0.6971179812260424 0.5857109073580355 0.029905754809323427 0.007632717535011224
