1 0.19199101551809397 0.2910590975526907 0.00953862646343313 0.028671031570031147
1 0.2795091962362532 0.2828378028990672 0.007985216822512697 0.03014252630835923
1 0.5952882114597596 0.3722217374105178 0.009647710772388508 0.04742103157003115
0 0.9771876512531051 0.37262720093175067 0.009665891490547907 0.050546031570031145
1 0.1131569675098838 0.41748436063628314 0.014317030054229286 0.04456904735504667
1 0.43639500049097935 0.2986917741010463 0.0064499878997516195 0.0347390210466874
1 0.3985995638208918 0.3516571503811707 0.008048849336070063 0.04108002630835923
1 0.5908365399149826 0.4661992505646973 0.01126475292686635 0.05688703683170289
1 0.4926399344305924 0.4305263320500238 0.008085210772388506 0.047330026308359405
1 0.3182217174116879 0.34071892135727094 0.01271816861791084 0.038228042093374805
1 0.368148994539051 0.35030675298377173 0.009602258976990453 0.03960853157003115
1 0.5892700156162899 0.33274200845720514 0.008057939695149586 0.04264252630835923
2 0.3858177626894236 0.4008226924745455 0.012763620413308896 0.046040542093374805
1 0.470655850121637 0.45055040571342975 0.009665891490547729 0.050546031570031145
1 0.17515245258096498 0.5005629001694092 0.01593407220870704 0.05403505261671846
1 0.5872888382177803 0.539037511088041 0.015952252926866174 0.05716005261671846
1 0.19521094340758283 0.4088003343985111 0.012754530054229284 0.0444780420933748
1 0.4396411576960128 0.680404505685195 0.014444295081343839 0.06644404735504672
1 0.4052570673369331 0.6839691214419755 0.017587475799503195 0.0697510578783902
1 0.17280818170011786 0.635028905431081 0.022238614363184705 0.06377407366340578
1 0.11712230484390132 0.4071005974821035 0.012763620413308896 0.046040542093374805
2 0.5983364642884299 0.25099147951801 0.009556807181592398 0.03179603157003115
