1 0.46680684061826316 0.8833899239338212 0.040843205547083275 0.009847714672181596
1 0.468623913756527 0.8724342426002757 0.0440409407294446 0.013009077339272323
1 0.3719210596518052 0.4299296639481388 0.03459320554708327 0.009774989337999784
2 0.4474464300927773 0.5071546879376392 0.04396820554708327 0.009884077339272324
1 0.410560759880555 0.6825364959420936 0.04396820554708327 0.009884077339272324
1 0.47507981440145786 0.5615058332670484 0.05021820554708327 0.009956802673454135
1 0.4031677935998953 0.5974893339433663 0.039244337955902785 0.008267033338636053
1 0.4517404186936109 0.18844105060473013 0.04087957313826394 0.011410214672181595
1 0.41779660410472186 0.43876831460854815 0.04087957313826394 0.011410214672181595
1 0.49635409593659674 0.6206172039306395 0.053379573138263935 0.011555665340545218
1 0.39785039285805535 0.2890410346117298 0.037790940729444514 0.01293635200509069
1 0.5335267876159717 0.6342433519255488 0.05036367591180557 0.016206802673454136
1 0.6136714953472565 0.47944621658182207 0.05966594072944442 0.013190890674726851
1 0.8271040946054166 0.16845253055382337 0.0817227786853472 0.021257929344363102
1 0.5531587547496526 0.12633994525782163 0.0565409407294446 0.013154528007636035
1 0.634907449660069 0.640874065245095 0.0596659407294446 0.01319089067472703
1 0.6486816217721524 0.5188717959102769 0.06290004350298624 0.017914753341817757
1 0.5309148531547914 0.4108967585932762 0.05334320554708327 0.009993165340545219
1 0.5784470826375692 0.24788768125400368 0.054942073138263936 0.011573846674090582
1 0.6588372185617704 0.5523382765754588 0.05806707313826394 0.011610209341181487
1 0.7262325788378471 0.1399468172342773 0.07550914627652787 0.022747704010181335
2 0.35123388525861104 0.07714101861872949 0.03459320554708336 0.009774989337999784
