1 0.4227604652384277 0.3442249134989722 0.039389882213985136 0.010966674904859808
1 0.641294699629331 0.39634453452604906 0.04095238221398514 0.011030341901054185
1 0.37990084264308943 0.34910075589431805 0.06644345553496285 0.026111513840164413
1 0.3014608401960187 0.1864362712173572 0.06606150961864685 0.015174013840164414
1 0.6349256816579818 0.6172300374917985 0.039389882213985136 0.010966674904859808
0 0.5924652969121078 0.11824870943090882 0.04429563702330856 0.017407675893442942
1 0.45335075552711357 0.4360794910655704 0.053506945916316086 0.013102177870609211
1 0.5904415277596322 0.4187580454004639 0.04407738221398514 0.011157675893442942
1 0.4160789009031246 0.22010166399326386 0.05970238221398514 0.011794345855386901
1 0.5982688967267734 0.3292498764271032 0.04574900961864685 0.01434634288963732
1 0.5915278234057957 0.31544204441188073 0.04563988221398514 0.011221342889637321
1 0.5238938901033514 0.2829916417501424 0.05032738221398514 0.011412343878220543
2 0.5158234736759482 0.43275156121779473 0.05043650961864685 0.014537343878220454
2 0.08929326704467702 0.831923820646516 0.08195932813030113 0.023623183802108372
1 0.39788197241000384 0.19189575095140216 0.06304563702330857 0.01817167984777566
1 0.3826861137792997 0.7425151748676788 0.06460813702330856 0.018235346843970036
1 0.3281944989036917 0.3918904337649273 0.06956845553496285 0.026238847832553168
1 0.5584301582443368 0.7118833042977124 0.05043650961864685 0.014537343878220454
1 0.5115228979927178 0.5784460631949611 0.047420637023308565 0.017535009885831697
1 0.2733606659640671 0.3675244451336338 0.07231150961864685 0.015428681824942014
1 0.31413697730414525 0.52702943771926 0.06918650961864685 0.015301347832553347
1 0.4426786395551973 0.4889325770351255 0.05512400961864685 0.014728344866803767
1 0.4012426516209149 0.6689994204190544 0.06918650961864685 0.015301347832553347
2 0.723690537378279 0.42584635072394067 0.031577382213985136 0.010648339923887917
