1 0.6703125 0.6187796717000629 0.009375 0.03313988221398514
0 0.090625 0.6273040552648104 0.009375 0.03470238221398514
1 0.56875 0.6082638123515685 0.015625 0.038045637023308564
1 0.4578125 0.6621378352170593 0.0078125 0.034647818511654195
1 0.3609375 0.5928645347615723 0.015625 0.038045637023308564
1 0.4203125 0.5821973640729998 0.0125 0.03793650961864685
1 0.5578125 0.5148957582678845 0.009375 0.047202382213985136
2 0.52109375 0.5396155052726597 0.0140625 0.04580357332097762
1 0.2765625 0.5794047246874385 0.0078125 0.04714781851165419
1 0.29296875 0.4350818058129645 0.015625 0.05054563702330857
1 0.6875 0.5603669709744235 0.0078125 0.04714781851165419
1 0.4859375 0.4752181885751038 0.009375 0.05345238221398514
1 0.721875 0.5388540695231446 0.0140625 0.04892857332097762
2 0.06171875 0.2423759837579312 0.025 0.0789980192372937
1 0.7859375 0.4123982077275795 0.0109375 0.059756945916315904
1 0.2265625 0.4577132631620259 0.0140625 0.05830357332097762
1 0.3859375 0.47636651552427856 0.0109375 0.053506945916316086
1 0.3703125 0.511287152547587 0.0109375 0.04725694591631609
1 0.5734375 0.49716262124457594 0.01875 0.04752976442797028
1 0.459375 0.49020827151472834 0.015625 0.053670637023308564
1 0.71484375 0.3031621061836335 0.021875 0.06170139183263199
1 0.621875 0.3876586464723194 0.01875 0.05534226442797028
1 0.79375 0.30353163921592524 0.0234375 0.06800595553496284
2 0.73125 0.7166516873091595 0.009375 0.03470238221398496
