1 0.561882608549457 0.582837488911959 0.028452548620519026 0.007888094710093264
1 0.5401115863869042 0.3104318678935064 0.03174132293077854 0.011195105233437008
1 0.5522176814802356 0.572870954711092 0.025327548620519023 0.007706084186749606
1 0.5281073948455042 0.6890118942018656 0.034948210085908114 0.012939615756780754
1 0.4932985413844298 0.2168036942583354 0.03503009724103805 0.014502115756780665
1 0.49156014247065505 0.534074494244218 0.034784435775648784 0.009814615756780753
1 0.4519476865686182 0.6469616311182732 0.041116322930778534 0.011741136803468066
1 0.49515429047991866 0.2412044547816791 0.03642882293077854 0.011468121018452493
1 0.4781980845778818 0.3554111679499761 0.03790943577564878 0.00999662628012441
1 0.3625265762101389 0.1402272417545564 0.049420145861557074 0.021571163111827295
1 0.2640316067404348 0.6140749944559796 0.06019387155129756 0.01908319994353036
2 0.4441163336733707 0.3777188074548673 0.04473264586155708 0.02129814732681181
1 0.43705967096478604 0.6319890785015547 0.042678822930778536 0.011832142065139805
1 0.4132790914752868 0.38297545485226625 0.04473264586155708 0.02129814732681181
1 0.4259206908640314 0.0969014469597585 0.04637703301668665 0.02295165258848362
1 0.4808660611721335 0.33440842321164804 0.04136198439616763 0.016428636803468066
0 0.4928338789029877 0.898538812645952 0.03503009724103805 0.014502115756780754
1 0.3867376871344451 0.8445576969597586 0.050573210085908295 0.013849668373499213
1 0.3587078623946443 0.9009141127730089 0.05090075870642732 0.020099668373499212
2 0.25900443351640057 0.9342887839185184 0.06027575870642732 0.02064569994353036
1 0.2909548756236274 0.7582646102127601 0.05706887155129756 0.018901189420186527
1 0.3069006959524141 0.1699000602268776 0.05451708163720585 0.02965667889684287
1 0.5511984933297376 0.4278391757718968 0.03174132293077854 0.01119510523343692
