1 0.389698104419805 0.5468485530402415 0.011123170298587759 0.025546031570031148
0 0.7367369953852976 0.524301634949091 0.011997255447881727 0.03804603157003115
1 0.5090601096155851 0.5756876426298373 0.01457595222957302 0.030415542093374805
1 0.41535366828177533 0.5360174688534919 0.011450952229573019 0.03023353157003115
1 0.7175060301662743 0.46551046387416867 0.012543558666190257 0.04585853157003115
1 0.48574257793670145 0.5085757373399306 0.013231973516896289 0.03344953683170289
1 0.5864092134543124 0.5377256400695885 0.01679401609154336 0.03988154735504672
1 0.6306398146951496 0.48379700326612046 0.015340776735204998 0.0413530420933748
1 0.2653536682817754 0.5447539739739894 0.014685212873234654 0.031978042093374806
1 0.44722638115501007 0.5030383688817268 0.012434298022528623 0.04429603157003115
1 0.1184565249704943 0.4646099896178306 0.015887079953513794 0.0491655420933748
1 0.743926418533877 0.4437418796874192 0.018684298022528623 0.04466005261671846
1 0.644079237843729 0.40287322695776123 0.019121340597175518 0.05091005261671846
1 0.12930654365992772 0.4429702080477996 0.016324122528160734 0.055415542093374806
1 0.2875450145789341 0.38317943714228647 0.025808383171822415 0.05752407366340586
1 0.4466686423028749 0.3552379057134297 0.017777361884498966 0.05394404735504672
1 0.11877359922402489 0.526836973832815 0.01824725544788164 0.03841005261671846
1 0.9152165465099193 0.3419533245810391 0.016214861884499145 0.053853042093374805
2 0.07368388241551782 0.1591027132388842 0.03289961733238063 0.09217208944842144
2 0.5158128541677034 0.6126416110598061 0.008435212873234654 0.03161402104668731
1 0.6229476469944519 0.527038769051136 0.01232503737886681 0.042733531570031145
1 0.6168233331324815 0.5367322874669874 0.012434298022528623 0.04429603157003115
1 0.26179162570712844 0.5511859844973331 0.011778734160558102 0.034921031570031145
