1 0.3029303707592177 0.35818848081395804 0.010539393713693723 0.02521820554708327
1 0.30765641211554656 0.392490745631597 0.017517139784752268 0.04098867591180557
1 0.6472625676160646 0.36268761075423556 0.014392139784752267 0.04091594072944442
1 0.517795545490158 0.40402373841340233 0.014246590570540719 0.037790940729444424
1 0.33645134615211186 0.3558440776035761 0.011412688998963994 0.04396820554708327
1 0.34421249627594636 0.4049355410344441 0.016536836641599172 0.053452308320624954
1 0.6316375676160646 0.36305128666604114 0.011485463606069857 0.04553070554708327
1 0.6913443614535928 0.43596080338354104 0.018172111248705037 0.05505117591180557
1 0.5593280740262053 0.3889793134515273 0.011485463606069857 0.04553070554708336
1 0.7059162837033337 0.44657099506291614 0.011849336641598995 0.05334320554708327
1 0.5966825248119936 0.384981491263194 0.014974336641599173 0.053415940729444514
1 0.6571833771693585 0.37418815520715226 0.011703787427387447 0.05021820554708336
1 0.9247347502048878 0.375781797115277 0.013411836641598996 0.053379573138263935
1 0.4142724392038518 0.43146036702249974 0.021369885855810723 0.05668641109416654
1 0.06764999627594635 0.4113726046734028 0.01497433664159915 0.053415940729444555
1 0.3866076656302032 0.525955902641701 0.01704625889134013 0.06438980832062491
1 0.30246595202413334 0.4825527011786804 0.021442660462916763 0.05824891109416654
2 0.19805685772953913 0.8603893732907638 0.025115624068986618 0.10359777868534721
2 0.5429068614535928 0.439415724545694 0.0166823858558109 0.05657730832062491
1 0.2945871395753553 0.5820623919081248 0.02493153349844608 0.06613414627652787
2 0.5701863372607716 0.28627188753972177 0.011194365177646404 0.039280705547083364
1 0.5752398643490769 0.32760540235736063 0.017662688998963994 0.044113675911805574
1 0.6919607915612167 0.41561193579236055 0.016609611248705036 0.055014808320624956
1 0.5179582113297583 0.3907243046178121 0.014756012820281583 0.04872844072944442
