1 0.5369940651766242 0.7032467396416657 0.03759090359079611 0.016716138558944316
1 0.5970134389095827 0.5436611394833812 0.032867042154477846 0.010329746239076343
1 0.5261747398446592 0.7238774883880245 0.03913522287263689 0.013636602665567033
2 0.5175531978865732 0.5850423089211378 0.04380454215447767 0.010647994985435005
1 0.5172451674395605 0.8007127730277606 0.040679542154477846 0.010557066772189571
1 0.586166842500379 0.5596043882297399 0.03599204215447767 0.010420674452321598
1 0.49800831234795384 0.5832668602539215 0.04380454215447784 0.010647994985435005
1 0.4552905889843375 0.8962813372926679 0.04694772287263689 0.013863923198680439
1 0.5692964633064713 0.34599652929596675 0.04066136143631845 0.007432066772189749
1 0.47700196252090443 0.8675198397999502 0.050072722872636886 0.013954851411925517
1 0.572621451206223 0.38028060108272144 0.037554542154477843 0.010466138558944316
1 0.3490829154946528 0.1007990042231421 0.06881363251355736 0.012937920691397953
1 0.4419906373853312 0.7591450501456493 0.05319772287263689 0.014045779625171307
1 0.459920421544777 0.08038355265293176 0.05320681323171641 0.015608279625171173
1 0.47271235479701906 0.398815303906573 0.05317954215447766 0.010920779625171129
1 0.4032634389095827 0.5492986887045936 0.05945681323171659 0.015790136051661817
1 0.33958065046753816 0.0791967888628782 0.06882272287263688 0.014500420691397963
1 0.40576627019347605 0.5765742425446596 0.05322499394987581 0.018733279625171306
1 0.46342825838781526 0.414713088546309 0.050072722872636886 0.013954851411925873
2 0.1612647529268662 0.051567197017863844 0.0922784035907962 0.018307382290738184
1 0.547958836253863 0.707615990895307 0.040679542154477666 0.01055706677218975
0 0.5866577218906783 0.64397938822974 0.034465903590796286 0.01662521034569906
1 0.5861168455254411 0.55101063822974 0.03755454215447766 0.010466138558944316
2 0.6652634691602037 0.4557232187919832 0.028161361436318443 0.0070683539192081925
