1 0.9042212646072013 0.5073612371752093 0.016361385551659068 0.042915246071058635
1 0.5695480300284768 0.6088658093438969 0.00843979139585791 0.03630137303552914
1 0.5954286915547182 0.5710404776646965 0.00843979139585791 0.036301373035529313
1 0.6119616266199102 0.5343409983428609 0.013236385551659246 0.04276969685684691
1 0.39415256371369684 0.5780588033480409 0.009975017856907442 0.03481164764263518
1 0.5546673238599666 0.5613358378799442 0.010029564934808022 0.03793664764263518
1 0.37934972402212236 0.5797111945805353 0.0069045649348082 0.03779109842842345
1 0.7348945661493289 0.5111839423042237 0.008603432629560004 0.045676373035529315
1 0.4141865998345489 0.4736088978475229 0.011782979707460584 0.048946922249741044
1 0.5910218352240524 0.49745742845048485 0.010193206168510115 0.04731164764263518
1 0.1265229586008469 0.45084337014004516 0.010302300324311542 0.05356164764263518
1 0.39867069399035027 0.47913115177646437 0.010220479707460494 0.04887414764263518
1 0.6165206672049891 0.4377570967712844 0.010247753246410873 0.05043664764263518
1 0.14226496103647887 0.3688313908182096 0.010438668019063258 0.06137414764263518
1 0.603857025971287 0.42779989991443756 0.01191934740221221 0.056759422249741044
1 0.7955632848997408 0.45390228928490506 0.013372753246410874 0.05058219685684691
2 0.09855805113509046 0.1903767510334573 0.01553527110331836 0.08502997146395268
1 0.15945246103647887 0.36963191149637403 0.015153441558013592 0.06315497146395269
1 0.9267547836819248 0.5013852189782442 0.010138659090609537 0.04418664764263518
1 0.9172979630650737 0.49626107133560904 0.013263659090609536 0.0443321968568469
0 0.6507980300284768 0.6126500889134016 0.010002291395857909 0.03637414764263518
1 0.578854846181101 0.6053962069865321 0.010029564934808199 0.03793664764263518
