1 0.4734985448158411 0.11745455377355896 0.04337149170163031 0.016852530878812378
1 0.6162010659859728 0.45758311177026006 0.03652949585081515 0.008858174452321598
1 0.5751257800932013 0.42988400910469304 0.03652949585081515 0.008858174452321777
1 0.5363233892214081 0.4116053705457487 0.043134693361304245 0.013727530878812289
1 0.6068055230442314 0.6319238822242312 0.03508539502097818 0.010375210345699059
1 0.5703916585174399 0.4702816885715796 0.038210395020978186 0.010466138558944316
1 0.6102740651607801 0.6468358283841652 0.03797359668065212 0.007341138558944316
1 0.4980636047785292 0.2873267845732291 0.04590449585081515 0.009130959092057722
1 0.4996791846619491 0.6069800550272002 0.049266294191141216 0.012346887305303155
1 0.5019250784335274 0.43087219609342703 0.04758539502097818 0.01073892319868044
1 0.5120896319719455 0.894207270387464 0.053835395020978186 0.010920779625170952
1 0.5071131763635794 0.622786911453691 0.04914789502097818 0.010784387305303155
1 0.438974792540756 0.4025365959351424 0.05071039502097818 0.010829851411925828
1 0.4279747411001522 0.8746101727364619 0.061647895020978186 0.011148100158284536
1 0.4305469859020602 0.41476381129540635 0.057078794191141216 0.012574207838416562
1 0.43323058755708976 0.22385766646825583 0.050947193361304245 0.013954851411925784
2 0.2544906195243909 0.910097728688099 0.08544059253146727 0.016517561757624578
1 0.426672350228359 0.857422672736462 0.06356559253146728 0.015881064264907253
1 0.46475050684847724 0.0945937152937569 0.044460395020978184 0.010647994985435071
1 0.4607734018694554 0.10383232297388886 0.04469719336130425 0.01377299498543505
0 0.6100443091374955 0.3763331117702601 0.036647895020978184 0.010420674452321688
1 0.6115844209649947 0.44809445150370336 0.038210395020978186 0.010466138558944316
