1 0.39516137790997796 0.5862155584386912 0.03462966798477751 0.0068500178569074425
1 0.4276077578714844 0.36553091152294626 0.037945668973360824 0.011592064934808199
1 0.4253104288220115 0.34516386444504554 0.03644683596955502 0.013127291395857821
1 0.3967902034994098 0.6229888555165918 0.036192167984777514 0.00687729139585791
1 0.4485145295831332 0.6582911558409034 0.03944450197716627 0.01005683847375849
1 0.4456680552862958 0.5362797881461516 0.04419566897336082 0.011701159090609536
1 0.5270839040702511 0.8598048372526472 0.04451400395433271 0.019513659090609536
2 0.47322271091378354 0.5891417353862082 0.04413200197716627 0.010138659090609537
1 0.5367280898867067 0.37369005924946996 0.053634335969555025 0.013427300324311631
1 0.5508555513691441 0.1612855166357962 0.05669566897336083 0.011919347402212255
1 0.529377210419492 0.5924673327884203 0.05050933596955502 0.013372753246410874
1 0.5424050869209573 0.38786165340527134 0.050636669961943784 0.016497753246410875
1 0.6218047213310879 0.1468878258885615 0.05988433596955502 0.013536394480112924
1 0.6111391353615329 0.1592105478853843 0.06619800296574958 0.015207988635914261
2 0.8102597262740037 0.1267231505626023 0.08494800296574959 0.01553527110331836
1 0.5038440167315519 0.7202377767820659 0.048819501977166266 0.010220479707460584
1 0.6076441318643107 0.5711611229664622 0.06307300296574958 0.015153441558013547
1 0.5926120394689649 0.6138980478853843 0.053825336958138334 0.01811480032431163
1 0.5758835014085126 0.7942031566516823 0.05707767095052709 0.02129434740221221
2 0.327201898175933 0.48886722564697555 0.023692167984777513 0.006659103084255236
1 0.5074943042605314 0.9376434650936687 0.04888316897336083 0.011782979707460584
1 0.5149248022833651 0.9471548327884204 0.035011669961943784 0.016225017856907442
0 0.3849958576440229 0.6822002142828898 0.04113433596955503 0.013209112012708779
