1 0.5702331767638403 0.33373028463759213 0.03146825480932343 0.007523339923887829
1 0.5824157513507624 0.5932326186299809 0.029905754809323427 0.007459672927693362
1 0.543325969499597 0.5908596937251211 0.034593254809323425 0.007650673916276674
1 0.571919706252753 0.49372736714710613 0.03146825480932343 0.007523339923887917
1 0.45975697903342577 0.27539917840208195 0.04106150961864685 0.014155341901054186
1 0.551951979751216 0.7261751112156072 0.03470238221398514 0.010775673916276674
1 0.5274429868379741 0.24773177623463516 0.039389882213985136 0.010966674904859808
1 0.47178087403091873 0.9101415929268184 0.04407738221398514 0.011157675893442942
1 0.5296379809323423 0.6456917737631772 0.03777281851165419 0.009340507908665429
1 0.49461810707105974 0.40242193482787253 0.040897818511654194 0.009467841901054186
2 0.21742560217691823 0.06034854547482602 0.0711855192372937 0.02786501482874763
1 0.42580119671892425 0.7998288340295698 0.04251488221398514 0.011094008897248741
2 0.50087557467174 0.6039526013297754 0.03949900961864685 0.014091674904859807
1 0.3838144940095502 0.08897224707143152 0.053506945916315996 0.0131021778706093
0 0.4999777959006176 0.8910069323564146 0.03799107332097762 0.01559050790866543
1 0.5090129676854984 0.5465539368050389 0.03777281851165419 0.009340507908665429
1 0.4397843072485449 0.6194065049800969 0.04714781851165419 0.009722509885831699
1 0.39361856914462645 0.14632183205240348 0.050709328130301046 0.022349843878220543
1 0.45106651451278823 0.36164042593062395 0.04563988221398514 0.011221342889637321
1 0.29774310707105967 0.39439989330737923 0.05690476442797028 0.021042011862998145
1 0.3390551648677588 0.7955140657407811 0.05668650961864685 0.014792011862998144
1 0.3162698738612827 0.25472989825029513 0.06304563702330857 0.01817167984777566
1 0.5697421034428627 0.31966778463759216 0.03303075480932342 0.007587006920082207
