0 0.9609375 0.446875 0.0171875 0.0484375
1 0.4484375 0.41875 0.0125 0.03828125
1 0.3 0.44296875 0.0125 0.04765625
1 0.44375 0.453125 0.0109375 0.04453125
1 0.1765625 0.43671875 0.01484375 0.0421875
1 0.5796875 0.4140625 0.009375 0.0421875
1 0.57265625 0.45 0.009375 0.046875
1 0.4859375 0.5609375 0.0109375 0.0578125
1 0.68671875 0.46171875 0.015625 0.053125
1 0.1875 0.5015625 0.01875 0.05234375
1 0.1953125 0.478125 0.0125 0.05
1 0.409375 0.4828125 0.0171875 0.04453125
1 0.5984375 0.4859375 0.01015625 0.04921875
1 0.6296875 0.46953125 0.0109375 0.046875
1 0.4875 0.6078125 0.0203125 0.05703125
1 0.715625 0.4796875 0.0125 0.05078125
1 0.13046875 0.55625 0.0171875 0.06171875
1 0.78046875 0.578125 0.0125 0.059375
1 0.0640625 0.52734375 0.015625 0.05859375
2 0.6328125 0.52578125 0.01328125 0.0578125
1 0.82421875 0.66328125 0.0234375 0.071875
1 0.690625 0.44375 0.01015625 0.04765625
2 0.5859375 0.3515625 0.01015625 0.03515625
