1 0.2861774745783222 0.659328502045064 0.012954533338636054 0.03942621285298138
1 0.6928729172501857 0.6328679197669611 0.008285214672181596 0.040852320533113405
1 0.8070990492520946 0.6221242995504168 0.011410214672181595 0.040943248746358664
1 0.6866865519175948 0.6272173133404705 0.009847714672181596 0.040897784639735944
0 0.1225785985837311 0.6147110208496824 0.011410214672181595 0.040943248746358664
1 0.36203199725495816 0.5880732791629527 0.00986589600572696 0.042460284639736126
1 0.25375587324954935 0.6247800058059878 0.00981135200509069 0.03777278463973612
1 0.22165189791536752 0.6300979916202227 0.009847714672181596 0.040897784639736125
1 0.8567637892664122 0.51806493685572 0.014771572008272216 0.06134667695960409
1 0.4432012759389119 0.4630481986007095 0.016206802673454312 0.05045464106622681
1 0.17025357725973067 0.547324944048363 0.009920440006363319 0.04714778463973594
2 0.3161649665818221 0.634411070070895 0.009847714672181596 0.040897784639736125
1 0.1527569945894581 0.5733873388755135 0.014607940006363318 0.047284176959604095
1 0.27617631325591263 0.5785415032987052 0.009884077339272412 0.04402278463973612
1 0.7069172359166401 0.6348395967265652 0.006686352005090513 0.03768185642649087
1 0.6733058519255488 0.5682143863808664 0.013081802673454134 0.05036371285298138
1 0.4744865439210946 0.5952529448397857 0.01306362133990877 0.04880121285298138
1 0.8287018765913672 0.5789880649898231 0.01308180267345449 0.05036371285298138
1 0.40856155191759475 0.6191247023616332 0.009847714672181596 0.040897784639736125
1 0.4967433519255489 0.5630769423325033 0.009938621339908771 0.048710284639735944
1 0.8470893446053666 0.4763631701626725 0.019477253341818112 0.06304556927947225
2 0.8260303152450948 0.6742551008832004 0.0097386266709087 0.03152278463973594
1 0.2190536092457313 0.6519047954602888 0.009774989337999784 0.034647784639735946
