1 0.5959549177781656 0.3872397926580721 0.034593254809323425 0.008252115756780665
1 0.5802381816579818 0.6096986215831499 0.037881945916316086 0.01312162628012441
1 0.5840725097882828 0.6298291110598061 0.036374009618646855 0.014593121018452494
1 0.5915476707733905 0.3507030531814158 0.036155754809323426 0.008343121018452493
1 0.5372222693221117 0.3194222320782587 0.039389882213985136 0.011650131541796237
1 0.5492907381039185 0.44084220576989946 0.044131945916316084 0.013485647326811723
1 0.44351936542376214 0.12447302410104633 0.04440476442797028 0.02129814732681181
2 0.5177753540758347 0.39022755574166457 0.04407738221398514 0.011923147326811722
1 0.47064492684865833 0.6098189899001794 0.05356150961864685 0.01559417889684287
1 0.47259684036565464 0.8226375083160308 0.05663194591631608 0.014213689420186526
1 0.4614435085223385 0.3911599951618512 0.05043650961864685 0.015412168373499213
1 0.4639038535276806 0.5961205109468667 0.05054563702330857 0.018537168373499214
1 0.4028299773889633 0.8423577450912638 0.059811509618646855 0.01595819994353036
1 0.41254971777031646 0.829266210890397 0.06611607332097762 0.01788472099021767
2 0.2161484329239261 0.8767158764918859 0.0848660733209777 0.018976784130279967
1 0.4772817849312084 0.26185192676011715 0.04876488221398514 0.012196163111827297
1 0.3848909322061359 0.4183210056146077 0.06299107332097771 0.017702710466874015
1 0.3966716803920374 0.37457871089039696 0.05372520072563951 0.020281678896842868
1 0.39974457277282355 0.19356392932036587 0.056959328130301135 0.023588689420186614
2 0.6711855854715132 0.4791473006211671 0.023655754809323425 0.00761507892507769
1 0.4571974303072194 0.04539246885349192 0.04881944591631608 0.013758663111827319
1 0.4490575480932343 0.03647249516185117 0.03492063702330857 0.017627115756780685
0 0.5988492500848179 0.2907820216113848 0.04106150961864685 0.014866136803468067
