1 0.3722304884180635 0.45397942399010327 0.03175942224974104 0.011846782132453626
1 0.40538124441391954 0.6297068496960662 0.04106164764263518 0.01055706677218975
1 0.40006008188408815 0.3814512061225569 0.03793664764263518 0.010466138558944316
1 0.42035127294996677 0.6160989907622929 0.04418664764263518 0.010647994985435005
1 0.4587052975570726 0.6187753613745487 0.04411387303552914 0.009085494985435006
1 0.470276344290085 0.5824430562808415 0.05087329528527036 0.02020485141192587
1 0.5120100800220614 0.5906791051063425 0.05385274607105863 0.017170779625171127
1 0.5323119255550006 0.708298514119258 0.053707196856846905 0.014045779625171307
1 0.43441581120592376 0.3652866485215672 0.0443321968568469 0.013772994985435095
1 0.49068304362813125 0.6353096435070023 0.05399829528527036 0.02029577962517113
2 0.49329431327283835 0.5573664999334931 0.053707196856846905 0.014045779625171307
0 0.43838191149637407 0.16567309342786 0.047457196856846906 0.013863923198680439
0 0.47015448965640855 0.9483492011079921 0.05385274607105863 0.01717077962517095
1 0.5401071931327932 0.4401395475053528 0.056759422249741044 0.012574207838416562
2 0.8371490512811264 0.217845976510021 0.09818494292790554 0.030943774610606222
1 0.5905309164587728 0.2496796835570147 0.06627997146395277 0.015971992478152598
1 0.381382856491194 0.38246813684308467 0.03637414764263518 0.010420674452321598
1 0.45004092700274273 0.6505110946815013 0.047457196856846906 0.013863923198680439
1 0.4447733841986718 0.6714229882550106 0.03793664764263518 0.010466138558944493
1 0.44571730003827204 0.6581872023616332 0.04574914764263518 0.010693459092057721
1 0.4303470111631425 0.6632013112954064 0.04106164764263518 0.01055706677218975
1 0.48703365880577765 0.6742130191338229 0.047457196856846906 0.013863923198680439
1 0.47873100723420114 0.6802129665473982 0.04106164764263518 0.01055706677218975
1 0.46090780644841284 0.6828151293212372 0.03949914764263518 0.010511602665567032
2 0.3598675372179905 0.6073173726573197 0.028416098428423454 0.0070683539192081925
