1 0.4704845897563687 0.3939315479431505 0.014702850092285048 0.03503009724103805
1 0.7618000046234785 0.4139386742441464 0.013540868290882458 0.04119821008590829
1 0.4477479966039139 0.4060973552700967 0.011878238741233105 0.03955382293077854
1 0.3380108536360294 0.4918035611721335 0.01550388648947969 0.04753009724103805
1 0.89459961751569 0.5535633389888959 0.01620479333702498 0.05846759724103805
1 0.8983661651716515 0.5267142339459419 0.01766716378737563 0.056986984396167804
1 0.1936984515688461 0.5761862844870248 0.0186288864894796 0.04769387155129756
1 0.4127116625507579 0.42204325983808105 0.01207849784053181 0.042678822930778536
1 0.14711334823735855 0.6076310362960472 0.022554922886674246 0.06035764586155708
1 0.542739123994095 0.4450160131174414 0.012078497840531633 0.042678822930778536
1 0.6991974799464762 0.5379360962249853 0.014642293337024982 0.058385710085908295
1 0.35433556291989815 0.5630644075086604 0.017466904688076924 0.05386198439616781
1 0.6939616625507579 0.4073035719147257 0.008853368290882457 0.04095254862051902
1 0.269128050581397 0.6278882253510563 0.019229663787375628 0.05706887155129756
2 0.4756109831856786 0.4861599915207154 0.015604016039128865 0.04909259724103805
1 0.8730447925618325 0.5719382027382773 0.016304922886673977 0.06003009724103805
1 0.4459117936415667 0.5731587025111348 0.014542163787375629 0.05682321008590829
2 0.9435935317644908 0.7798868215760415 0.027382125230712616 0.08708392017181658
1 0.6874484515688462 0.5503099434660232 0.023817034237726277 0.05575203301668665
1 0.4631283744555203 0.621640468114967 0.022454793337024805 0.058795145861557076
1 0.289440550581397 0.6268236923343695 0.016104663787375628 0.05690509724103805
1 0.5086807063492081 0.6474726277713339 0.021593200184570095 0.06965075870642715
0 0.2999718306570701 0.3997322478522934 0.013540868290882368 0.04119821008590829
2 0.552447186148026 0.3151680608334492 0.008052331893687814 0.028452548620519026
