1 0.5957593624602783 0.5189016779808032 0.0346659407294446 0.014702850092285048
1 0.5538751080918752 0.23209209284791293 0.04087957313826394 0.01354086829088228
1 0.5853673763279866 0.5430400848283485 0.039280705547083274 0.011878238741233105
1 0.5083528942797575 0.6629904418604639 0.047165940729444425 0.015503886489479512
1 0.4049083183886112 0.11801670574012446 0.05810344072944442 0.016204793337024893
1 0.4313435318194793 0.110845753396086 0.05657730832062491 0.01766716378737554
1 0.43526349923750074 0.8171155397932806 0.04723867591180557 0.018628886489479513
1 0.5721413309251394 0.5798787507751924 0.04240570554708327 0.01207849784053181
1 0.40748464456409794 0.867405436461793 0.059811411094166586 0.02255492288667398
1 0.5394716884483337 0.4536562122185295 0.04240570554708327 0.012078497840531633
1 0.4351991496950003 0.31011456817091065 0.05806707313826394 0.014642293337024891
1 0.4362051373459034 0.6558776511443326 0.053452308320624906 0.017466904688076924
1 0.5655951645126391 0.29862875077519235 0.0407704703647223 0.008853368290882369
1 0.37812184004319505 0.7487951388058315 0.05661367591180557 0.019229663787375628
2 0.5035900462558686 0.5255905714101132 0.04872844072944442 0.015604016039128865
1 0.3882481484607293 0.141774380786267 0.05966594072944442 0.0163049228866742
1 0.41925206705743107 0.5662038818660011 0.05650457313826394 0.014542163787375629
2 0.175983231382639 0.09826061998892535 0.08644664627652779 0.02738212523071266
1 0.4237713404244447 0.32336553979328053 0.05516027868534721 0.023817034237726277
1 0.3697060087368061 0.5552954626799547 0.05824891109416672 0.02245479333702498
1 0.37764906135784787 0.7284826388058315 0.05654094072944442 0.016104663787375628
1 0.34056271618375045 0.5133477945736425 0.06915004350298606 0.021593200184570095
0 0.6028484298989589 0.6890139188815045 0.04087957313826394 0.01354086829088228
2 0.6679597111497573 0.42742677437246046 0.028306837955902785 0.009614831893687814
