1 0.5555831672049891 0.39341709857543894 0.006740923701106105 0.02830685642649069
1 0.2858979586008469 0.4372198890211628 0.009920470779006773 0.03152278463973594
1 0.5463854452081662 0.40384613321517504 0.0066863766232053475 0.02518185642649069
1 0.6638865909060951 0.41840507521847387 0.011537517856907441 0.034693248746358665
1 0.19617298538620812 0.49141930720527827 0.013100017856907443 0.03473871285298138
1 0.5123201367661798 0.4673690756141854 0.008412517856907442 0.034602320533113406
1 0.6277502678536122 0.49762121377741825 0.010084112012708956 0.040897784639736125
1 0.22033718830830745 0.48758961355262664 0.01000229139585782 0.03621028463973595
1 0.3353718530809598 0.4951855017158596 0.0084670649348082 0.03772732053311341
1 0.12976850973593734 0.6277947278966762 0.01959547970746054 0.04898306927947225
1 0.6091753660666033 0.6873202112701359 0.01666139448011279 0.05982964106622681
2 0.3601633473989169 0.5272933080632081 0.019513659090609536 0.044295569279472244
1 0.6139605032431156 0.5136553907370225 0.010111385551659247 0.042460284639735946
1 0.3677264314084486 0.557557469583406 0.019513659090609536 0.044295569279472244
1 0.08182984171687409 0.5682211510953566 0.02110343262955987 0.045903533386094965
1 0.3142508295420095 0.49423676715526577 0.014771612012708778 0.041034176959604096
0 0.8752468307598255 0.43648617082441205 0.013100017856907443 0.03473871285298138
1 0.829486091716874 0.5464665760764037 0.011810253246410695 0.050318248746358665
1 0.8877349683400795 0.5697844041313646 0.018060253246410696 0.05050010517284953
2 0.9285020645244757 0.6663040514657975 0.01822389448011279 0.05987510517284953
1 0.7507628482096959 0.6488079775674718 0.01660684740221221 0.056704641066226816
1 0.16352194682972407 0.6807462316576 0.02748980032431154 0.053897889812585656
1 0.4020041996723931 0.4166453130777731 0.009920470779006818 0.03152278463973594
