1 0.40527580746760367 0.5959690049800969 0.0345204703647223 0.007650673916276674
1 0.4338593216196525 0.37583025992301283 0.037754573138263935 0.01246550790866543
1 0.4312071003049997 0.355390425930624 0.03622844072944442 0.013964340912471052
1 0.4075461690748606 0.6328150889724856 0.03608297036472226 0.007714340912470874
1 0.45987108206888827 0.669354766843095 0.039280705547083274 0.010966674904859808
1 0.45489525418097176 0.5471614318621231 0.04400457313826393 0.012720175893442941
1 0.5419347803977771 0.8728882851318838 0.044186411094166725 0.02053267589344294
2 0.4833644398764232 0.6007148547898165 0.04396820554708327 0.011157675893442942
1 0.5430888512549302 0.38653694965662017 0.0534159407294446 0.014664677870609388
1 0.553503593655486 0.17425978414330057 0.05650457313826394 0.0132295118629981
1 0.5395598884896523 0.6053506166528146 0.05029094072944442 0.014537343878220454
1 0.5490115429343052 0.4008541176413978 0.05036367591180557 0.017662343878220455
1 0.6241797695672916 0.1614997989720482 0.05966594072944442 0.0149193458553869
1 0.613732578837847 0.17358596349678462 0.0659523083206249 0.016736513840164412
2 0.812225283435 0.14570233851537515 0.08470230832062517 0.017500517794497128
1 0.5162652460128466 0.7326479457022875 0.048655705547083275 0.011348676882026254
1 0.6174309685617704 0.585845882964437 0.06282730832062491 0.016609179847775657
1 0.603149609804305 0.6282734634967847 0.05352504350298624 0.01935217787060921
1 0.5895741530229508 0.8083602115196182 0.05672277868534721 0.022604511862998233
2 0.33563741432520794 0.49694657315515495 0.023582970364722212 0.007205004942915849
1 0.5237101508387492 0.9503447816718428 0.04869207313826394 0.012911176882025898
1 0.5313044452916659 0.9600381166528147 0.03473867591180557 0.017025673916276674
0 0.39678920060999945 0.6918080869953194 0.04091594072944442 0.014155341901054186
