1 0.5322705285862593 0.370782689532714 0.039790542093374806 0.013181838473758489
1 0.4025745942865703 0.46689185065191835 0.03170502630835923 0.008357970779006862
1 0.5562540601562904 0.3797485864484589 0.043188557878390196 0.017923885551659247
1 0.41903405219319545 0.4540918417234646 0.03170502630835923 0.008357970779006862
1 0.49652347340929204 0.28068952354224563 0.041171031570031144 0.01008411201270878
1 0.41719999445597944 0.2883304740287129 0.03795502630835923 0.0084670649348082
1 0.4350861734939967 0.19260887094445786 0.041171031570031144 0.010084112012708823
1 0.5163669945971538 0.13801109984113952 0.0507280420933748 0.013372753246410874
1 0.6512865681193853 0.3061417167251123 0.05127407366340577 0.022747753246410873
1 0.4849335260260105 0.29653271185384833 0.044387036831702885 0.011701159090609536
1 0.6088356306947502 0.9200053936726291 0.05118306840173403 0.021185253246410695
1 0.46085753114650807 0.44710545617180547 0.04108002630835923 0.00852161201270878
1 0.4378735994070677 0.6164282004897627 0.041171031570031144 0.01008411201270878
1 0.7585640729575343 0.7515984926996946 0.06744510523343691 0.03239548863591431
0 0.4849361281345015 0.8470918194023304 0.04447804209337462 0.013263659090609536
1 0.7256913887990194 0.697429189939751 0.0604670631400623 0.01978639448011279
1 0.5145425152203182 0.5900645235422457 0.050546031570031145 0.010247753246410873
1 0.49956996260359965 0.5746849853927987 0.04429603157003115 0.010138659090609537
1 0.5464493367469984 0.09056335552318237 0.05118306840173403 0.021185253246410872
1 0.5833666518826119 0.778117902601083 0.05908657366340577 0.022884120941162676
1 0.6291385523343698 0.30183604627041705 0.04208108418674961 0.025709112012708778
2 0.38482856826055967 0.1622043506519184 0.034921031570031145 0.009975017856907487
1 0.5007419945971538 0.1382838352306429 0.05394404735504672 0.014989800324311542
