1 0.48511794023730914 0.5332603892510526 0.03175942224974086 0.011119307181592398
1 0.5139171823794262 0.5643513079671593 0.039644696856846906 0.01272725897699054
1 0.5242060572769823 0.3658001784786641 0.03793664764263518 0.009593168617910841
1 0.5049037855653606 0.2533819917103806 0.04106164764263518 0.009611349336070062
0 0.552579537837163 0.8407638170423457 0.04411387303552914 0.008067030054229462
1 0.6086304846940098 0.8529411092950191 0.03800942224974104 0.011155668617910664
1 0.5727698358130296 0.3514513321676561 0.04418664764263518 0.009629530054229285
1 0.5483264156302032 0.5313297297083281 0.04106164764263518 0.009611349336070062
1 0.500916376340789 0.6878978922761148 0.036301373035529313 0.008021578258831142
1 0.5888956418516669 0.22788656714054145 0.047457196856846906 0.012772710772388507
1 0.5857044451997078 0.6123842869881162 0.0443321968568469 0.012754530054229284
2 0.51779985359571 0.4799308561717612 0.03793664764263518 0.009593168617910841
1 0.5580865975998539 0.30464905504029305 0.042478598428423456 0.006495439695149674
1 0.7262995200544827 0.7115934257481895 0.05668664764263518 0.00970225292686635
1 0.6446471056626246 0.66986953406125 0.05043664764263518 0.009665891490547907
1 0.6751627816364192 0.2680206877502421 0.05668664764263518 0.009702252926866172
1 0.7270249962759463 0.4083820673369331 0.0599571968568469 0.012845433645025394
1 0.619122489246633 0.13862407924078984 0.05683219685684691 0.012827252926866262
2 0.7868729154253155 0.13295936563973093 0.07111302067816432 0.017596566158582804
2 0.421297342842343 0.622718319871016 0.023728598428423453 0.0063863553861942535
1 0.4476714441662505 0.5178490126894235 0.03168664764263518 0.00955680718159222
1 0.46707210752465134 0.464596747662309 0.03481164764263518 0.009574987899751619
1 0.4570870237785363 0.3005478832009284 0.03481164764263518 0.009574987899751619
1 0.4627740975998539 0.3052035669441497 0.03154109842842345 0.006431807181592397
