1 0.6513117927275427 0.4032582238458726 0.037645450668363625 0.015122255447881683
1 0.600638536043907 0.28169993412121724 0.03917158800127254 0.012106516091543363
1 0.5786817200429526 0.2761983331324815 0.034484088001272714 0.01177873416055819
1 0.6033635467059073 0.24710641283389378 0.04229658800127254 0.01232503737886681
1 0.6176453173933609 0.39935732768459986 0.04387726933481808 0.013996798022528534
1 0.6327634294239048 0.6234832425353061 0.037609088001272536 0.011997255447881727
2 0.6477179094525399 0.8335466573860121 0.03918976933481808 0.01366901609154354
1 0.653863533378407 0.2865788222367182 0.03759090666772735 0.010434755447881638
0 0.608049952020999 0.11229437025924682 0.043859088001272716 0.012434298022528578
1 0.5627611067790858 0.7894467321437458 0.04542158800127272 0.012543558666190436
1 0.5668715160327713 0.20196315763811365 0.04698408800127254 0.01265281930985207
1 0.5764646920353165 0.22005759377614326 0.04698408800127254 0.01265281930985207
1 0.6422651514162689 0.5665230483515047 0.039153406667727354 0.010544016091543363
1 0.5672127967854491 0.8360485805345913 0.05490567600254544 0.022574122528160954
1 0.5831077800763602 0.5221828224888198 0.04702045066836362 0.015777819309851893
2 0.6243225787316788 0.43563903510995294 0.040788632001908985 0.016903276735204996
1 0.5348488093570898 0.13774212051134835 0.05795795066836362 0.016542643815484225
1 0.6356317013844521 0.33242119996065905 0.042296588001272714 0.01232503737886681
1 0.558117418085587 0.5919543731092384 0.047038632001908984 0.01734031930985207
1 0.5322378127784495 0.7868898146951496 0.05014545066836362 0.01599634059717552
1 0.44076573874122377 0.5188442910620377 0.05812158267027243 0.030605143815484227
1 0.5527095660407254 0.26159488375290013 0.048637494668999894 0.020574579953513705
1 0.6661009987269063 0.3975327477310861 0.03292158800127254 0.011669473516896466
