1 0.4428661660444879 0.4033884431327932 0.013664393713693813 0.025582196856846907
1 0.3015198821317572 0.48177665467194847 0.011267139784752267 0.04106164764263518
1 0.22479471629215703 0.4914555616202085 0.01133991439185813 0.04262414764263518
1 0.515216355043452 0.4504133004525568 0.012538541356328814 0.034884422249741046
1 0.5774980312221344 0.44863678473679103 0.011048815963434678 0.03637414764263518
1 0.10141718237942624 0.5706806811410812 0.014828787427387446 0.05058219685684691
1 0.6607878742738744 0.5296920396991898 0.016172963606069856 0.04596747146395277
1 0.9084997822555916 0.5591591776219152 0.011703787427387624 0.05043664764263518
1 0.21740174730940365 0.5168365512811264 0.01133991439185813 0.04262414764263518
2 0.42234180438149826 0.4983177994190995 0.017662688998963994 0.04447774607105863
1 0.4640198821317572 0.4893452138109577 0.011267139784752267 0.04106164764263518
1 0.6899295647205804 0.5193560072342012 0.012975188998963993 0.04425942224974104
1 0.862228403843379 0.6201480274980808 0.01690070967712849 0.061592471463952594
1 0.4582879205926019 0.6340755169541108 0.0213698858558109 0.05712329528527036
1 0.28982471091547357 0.5654239086008899 0.018099336641599174 0.05385274607105863
1 0.8865199284504847 0.6228385339082216 0.016682385855811076 0.05690497146395259
1 0.5483307237357551 0.6257964441662505 0.02464043507002245 0.06039384449948208
0 0.9434763655874221 0.8749489975142914 0.02595037799792834 0.08851884449948208
2 0.4899380651348652 0.35958709325662774 0.009049668320799498 0.026926373035529316
1 0.3866183200972639 0.43428953266987647 0.01424659057054054 0.038082196856846905
1 0.3770977708830522 0.43072788502724135 0.013955492142117176 0.031832196856846906
1 0.33690941852568734 0.438210745242489 0.01424659057054054 0.038082196856846905
1 0.32284691852568737 0.4375557737785363 0.01424659057054054 0.038082196856846905
0 0.2957022216688405 0.42381860545773675 0.011194365177646404 0.03949914764263518
