1 0.37204208974197106 0.3556551104201355 0.011412688998963994 0.04418664764263518
1 0.24700785649119408 0.382572867244561 0.016391287427387446 0.05065497146395277
1 0.3373759913135476 0.34780406906380656 0.012975188998963993 0.04425942224974104
1 0.2585617865988179 0.3628425641014079 0.01312073821317572 0.04738442224974104
1 0.48919751054397 0.42737390673886305 0.019807385855810898 0.0570505206781645
1 0.6122518668302763 0.40815948800377877 0.021078787427387446 0.05087329528527036
1 0.4397026246881591 0.36894066852568735 0.014828787427387446 0.05058219685684691
1 0.5728105312221344 0.44841846091547344 0.02093323821317572 0.04774829528527036
1 0.4051499962759463 0.4304753279551468 0.016536836641599172 0.053779971463952594
1 0.35289829156121666 0.4467509913135476 0.0213698858558109 0.05712329528527036
1 0.8272433200972639 0.4548119718737283 0.019952935070022448 0.06017552067816449
1 0.20842054549015804 0.42443072745980875 0.013702935070022626 0.05988442224974104
1 0.42449715570540575 0.3939577851510759 0.018172111248705037 0.05541524607105863
1 0.49111753721799045 0.6192339210068868 0.025077082712657628 0.06976884449948209
1 0.21965129797135746 0.46471112510244394 0.02180653349844608 0.06649829528527036
1 0.31643209863331123 0.4169885626536658 0.018172111248705037 0.05541524607105859
2 0.5305866439185815 0.44567229652361534 0.02747433664159917 0.05428939371369381
1 0.8680588728261324 0.5946942632300571 0.029910131926869355 0.0731121683207995
1 0.6454946681114025 0.6030374944139195 0.03288958271265763 0.07013271753501123
1 0.9382236695591446 0.5613231451569266 0.02976458271265763 0.0699871683207995
1 0.2643152886657325 0.5533220148871962 0.02961903349844599 0.0668621683207995
2 0.3246191261359012 0.30823214681406563 0.014392139784752267 0.04120719685684691
