1 0.5209286985139859 0.574667098575439 0.007559942927905361 0.02830685642649069
1 0.2522900144774206 0.5465948890211628 0.010830492142117088 0.03152278463973594
1 0.512026733460174 0.564783633215175 0.007414393713693812 0.02518185642649069
1 0.6300511414418913 0.5434050752184739 0.010976041356328991 0.034647784639736126
1 0.16406657651191392 0.49766930720527824 0.014101041356328859 0.03473871285298138
1 0.4797814677444083 0.5033065756141853 0.009413541356328815 0.034602320533113406
1 0.5961898717971842 0.46637121377741825 0.011267139784752444 0.040897784639736125
1 0.1881397772977022 0.5000896135526267 0.011048815963434721 0.03621028463973595
1 0.3034929495474432 0.48581050171585966 0.009559090570540541 0.03772732053311341
1 0.10157519272301765 0.3652947278966762 0.021006012820281583 0.04898306927947216
1 0.5831205992569929 0.27794521127013583 0.01839043507002245 0.05982964106622681
2 0.3292399662966662 0.45229330806320805 0.020787688998963993 0.044295569279472244
1 0.5828551178682428 0.45115539073702243 0.01133991439185813 0.042460284639735946
1 0.3376903211352304 0.42161996958340603 0.020787688998963993 0.044295569279472244
1 0.051861983045889216 0.42759615109535665 0.022422963606069858 0.045903533386094965
1 0.28232642494033733 0.4879867671552658 0.015954639784752266 0.041034176959604096
0 0.842116647852032 0.5130486708244121 0.014101041356328637 0.03473871285298138
1 0.7995182330458892 0.4058415760764037 0.013266287427387623 0.05031824874635871
1 0.8584951267595831 0.37915940413136456 0.019516287427387626 0.05050010517284953
2 0.9021060397036991 0.28036655146579753 0.01839043507002245 0.05982964106622681
1 0.7237070579006641 0.3081829775674718 0.0182448858558109 0.056704641066226816
1 0.13689841666816976 0.3104337316575999 0.029036836641599173 0.053897889812585566
1 0.36789574379925616 0.560395313077773 0.010830492142117088 0.03152278463973594
