1 0.7362426449974928 0.6725786798942966 0.010248019237293704 0.025491322930778538
1 0.7319172435462141 0.6380399055840371 0.017043656260602093 0.04144387155129756
1 0.39205613537884604 0.6420635057657511 0.013918656260602269 0.04128009724103805
1 0.5219693246717401 0.6106607767966503 0.013809528855940556 0.03815509724103805
1 0.7027034586998238 0.672380606059007 0.010902783665263982 0.04424132293077854
1 0.6955159520764018 0.6228752510160528 0.015917665879249122 0.05386198439616781
1 0.4076811353788461 0.6428823773170487 0.010957347367594749 0.04580382293077854
1 0.3488393595181304 0.5657156897323776 0.017534729581579887 0.05550637155129756
1 0.4802728979927178 0.6225123236081471 0.010957347367594749 0.04580382293077854
1 0.3343949136018144 0.5540412053362098 0.011230165879249122 0.05361632293077854
1 0.4428820253973795 0.6236720318850331 0.014355165879249121 0.05378009724103805
1 0.38227190761136465 0.6298534328349727 0.011121038474587407 0.050491322930778536
1 0.11481158909971034 0.6080382293077851 0.012792665879249121 0.05369821008590829
1 0.6257838054344463 0.5911472161903437 0.020714293283910834 0.057232645861557074
1 0.9720784520764016 0.6373692774740188 0.014355165879248944 0.05378009724103805
1 0.654541233294595 0.49907590287050363 0.01629961179556503 0.06479948439616781
1 0.7381548306621898 0.5486874785148157 0.0207688569862416 0.058795145861557076
2 0.8469345421027846 0.18007467661493626 0.02391370435383635 0.10418953301668679
2 0.4972768595181304 0.573494969469704 0.016026793283910833 0.056986984396167804
1 0.7471900355641805 0.4501238257558537 0.024166675497895796 0.06677142017181659
2 0.4682218204953889 0.7240372020568495 0.010739092558271324 0.03955382293077854
1 0.4636508823836212 0.68246717774659 0.01715278366526398 0.04456887155129756
1 0.3479861876484315 0.5859463025772479 0.01597222958157989 0.0554244843961678
1 0.5216518661415523 0.6239010832190856 0.01419147477225664 0.04909259724103805
