1 0.6336722608056924 0.30132252542167776 0.039790542093374806 0.012954533338636054
1 0.5717296427710117 0.7071270827498143 0.04108002630835923 0.008285214672181596
1 0.5510237586689666 0.8210259507479053 0.04126203683170289 0.011410214672181595
1 0.5666249138176991 0.7008134480824053 0.041171031570031144 0.009847714672181596
0 0.6033840632812366 0.1367964014162689 0.04126203683170289 0.011410214672181595
1 0.5558665082454436 0.37546800274504183 0.042733531570031145 0.00986589600572696
1 0.6019896213008012 0.2681191267504507 0.03795502630835923 0.00824885200509069
1 0.6101052291650741 0.23616060208463246 0.041171031570031144 0.009847714672181596
1 0.4427338455571393 0.8682362107335878 0.06019404735504672 0.01475339067472703
1 0.4238814899001794 0.4536737240610881 0.05091005261671846 0.016206802673454312
1 0.531903905431081 0.18287142274026932 0.04742103157003115 0.009920440006363319
2 0.6061619108339272 0.33071003341817795 0.041171031570031144 0.009847714672181596
1 0.5594674633094714 0.1659930054105419 0.047603042093374806 0.013045440006363318
1 0.5538405476373953 0.28944868674408736 0.04429603157003115 0.009884077339272412
1 0.572473095415965 0.7212077640833598 0.03786402104668731 0.006686352005090513
1 0.5088502111727456 0.6860691480744512 0.050637036831702883 0.011519302673454135
1 0.5532203794050705 0.48801345607890545 0.0491655420933748 0.01306362133990877
1 0.5060451876363967 0.8416106234086328 0.0507280420933748 0.01308180267345449
1 0.5828238503952882 0.42268844808240524 0.041171031570031144 0.009847714672181596
1 0.5191338057416646 0.5095066480744511 0.048983531570031144 0.009938621339908771
1 0.4019191297580063 0.8575981553946335 0.06359206314006224 0.019477253341818112
2 0.6014486928980685 0.8411571847549052 0.03179603157003115 0.0097386266709087
1 0.6321167370575819 0.2340713907542687 0.034921031570031145 0.009774989337999784
