1 0.3148429391190863 0.6407171610820892 0.011646612012708779 0.041134422249741044
1 0.5032332832748876 0.655736501238345 0.0068500178569074425 0.034666098428423456
1 0.675753165580136 0.6559655953235424 0.010138659090609537 0.04418664764263518
1 0.14537414447681765 0.5469563908182096 0.011864800324311541 0.05363442224974104
1 0.21753156249588085 0.6112051354415261 0.0131545649348082 0.038082196856846905
1 0.28336506817792373 0.581485556243525 0.011701159090609536 0.044259422249740867
1 0.48412872726853323 0.6345507059530748 0.01005683847375849 0.03949914764263518
1 0.32742871387585265 0.601491995242489 0.010165932629559827 0.04574914764263518
1 0.8460502544609316 0.5288509394087395 0.015071620941162678 0.05846747146395259
1 0.5835287094116258 0.6048332808078497 0.011782979707460584 0.048946922249741044
1 0.14162185308095981 0.5108733416039979 0.015098894480112878 0.06002997146395259
1 0.1951775012145207 0.4485767028527029 0.016634120941162588 0.058540246071058635
0 0.8681764448011293 0.6337032593011157 0.01175570616851047 0.04738442224974104
1 0.3152269484545772 0.483831460296301 0.011864800324311631 0.05363442224974104
1 0.6103503080316541 0.6209141991286492 0.010084112012708956 0.04106164764263518
1 0.2934298149315129 0.531994978493266 0.014935253246410873 0.05065497146395277
1 0.12579230153883225 0.4984268455329393 0.015098894480112878 0.060029971463952767
1 0.48273204829242145 0.4650922305601807 0.015071620941162678 0.05846747146395277
2 0.41021789447681767 0.5592916867226524 0.011755706168510117 0.04738442224974104
1 0.6544900458567894 0.5558371627347191 0.01348184740221221 0.05683219685684691
1 0.6888672256469754 0.3786775033052597 0.02000458279171564 0.07274829528527035
2 0.15649465096963938 0.6473930384608447 0.013209112012708824 0.04120719685684691
1 0.5418418157422918 0.6762694791124385 0.013154564934808021 0.038082196856846905
