1 0.5416580575304526 0.5509108090244269 0.008452850092285047 0.034702548620519025
1 0.3220662507751924 0.5390603414752868 0.013340609191583752 0.03807321008590829
1 0.3015534916758937 0.5432498744919736 0.014802979641934399 0.03659259724103805
1 0.5785770666297512 0.5458614608788778 0.0085529796419344 0.036265048620519026
1 0.6163564713178282 0.4909349434660232 0.011878238741233105 0.03955382293077854
1 0.4939808235695815 0.5051346415661438 0.013741127390180985 0.044323210085908116
1 0.8219136613233655 0.39373463760941496 0.021553627390181164 0.04473264586155699
2 0.5482270350129186 0.47270392186929716 0.012178627390180986 0.04424132293077854
1 0.33532531925064485 0.4293577928547679 0.015904404688076922 0.05378009724103805
1 0.12317577267441746 0.4350256959524141 0.01454216378737554 0.05682321008590829
1 0.5541754488002942 0.41633109113660255 0.015704145588778216 0.05065509724103805
1 0.3497883374492421 0.4223708084586001 0.01882914558877822 0.050818871551297565
1 0.11205660240863691 0.3655320675037116 0.01640505243632351 0.06159259724103805
1 0.12390576033591634 0.37503322026267355 0.018267941085271477 0.06636198439616772
2 0.10063464836655545 0.17926037483065788 0.019469495681063355 0.08511198439616781
1 0.680998764654853 0.4299288444159629 0.012479016039128866 0.048928822930778534
1 0.5364756115079355 0.3401747048859839 0.01806768198597286 0.0632369843961678
1 0.5785932603359163 0.3512040581199158 0.020591904688076923 0.05402575870642732
1 0.7584612330380204 0.35112109170242944 0.023917163787375628 0.05731453301668674
2 0.44095834824658375 0.6278218690649067 0.007751943244739934 0.023765048620519025
1 0.8989873010520476 0.4060465298529274 0.014041516039129221 0.04901071008590829
1 0.9088629488002942 0.39774270692214886 0.017827850092285047 0.035193871551297565
0 0.6373512893318554 0.5521247489839471 0.015103368290882458 0.04128009724103805
