1 0.2719497232179341 0.5409960391920826 0.0162795649348082 0.03795464106622681
1 0.42869855519887085 0.6065254139609734 0.009947744317956975 0.033085284639736125
1 0.25182813799058645 0.5294675058059877 0.013181838473758489 0.03942621285298138
2 0.3910270056853381 0.5257013112954063 0.010138659090609537 0.04402278463973612
1 0.1754292792242885 0.5178647645814763 0.010084112012708868 0.040897784639735944
1 0.4132644699715232 0.5951332728947466 0.010002291395857909 0.03621028463973612
1 0.39371167492221737 0.5062382574553403 0.010138659090609537 0.04402278463973595
1 0.08277022078230209 0.45263691818411544 0.013318206168510205 0.04723871285298138
1 0.6275997053610266 0.5857368555020539 0.006959112012708779 0.04080685642649069
1 0.11051339123699733 0.4753302721033238 0.013372753246410874 0.05036371285298138
1 0.5931701582831259 0.587861645156355 0.010029564934808199 0.03777278463973612
1 0.8829805008140742 0.3743065766683055 0.012137535713814884 0.06906824874635883
1 0.22048840909390482 0.4441377595669115 0.013427300324311543 0.05348871285298138
1 0.8982315795486 0.4857441818411551 0.01498980032431163 0.05353417695960409
1 0.5792906647759477 0.4874070040901281 0.01030230032431163 0.05339778463973612
1 0.432080474028713 0.4127754139609734 0.01509889448011279 0.0597841769596041
1 0.9050191420477762 0.3655680741610231 0.013700035713814885 0.06911371285298147
1 0.4046958137202875 0.4143235420950765 0.018114800324311585 0.05362510517284953
1 0.5638293060096496 0.4775773630239012 0.013372753246410874 0.05036371285298138
2 0.940940825488115 0.1883978204000994 0.01723413879807012 0.09264214106622681
1 0.2670713084452817 0.5517971468722146 0.010084112012708868 0.040897784639736125
0 0.32888946997152313 0.5926782111371218 0.016225017856907442 0.03482964106622681
1 0.42185821997152323 0.5953833254811713 0.010029564934808022 0.03777278463973612
2 0.5134360194850559 0.6777759398252209 0.006740923701106105 0.02830685642649069
