1 0.54453125 0.459375 0.0109375 0.03359375
1 0.746875 0.42578125 0.0078125 0.03515625
1 0.6796875 0.5390625 0.01171875 0.03984375
1 0.759375 0.4390625 0.00859375 0.034375
1 0.6828125 0.5046875 0.009375 0.0390625
1 0.4859375 0.478125 0.009375 0.04296875
2 0.63125 0.4875 0.0109375 0.04375
1 0.6859375 0.571875 0.009375 0.05546875
1 0.465625 0.5203125 0.01484375 0.03984375
1 0.484375 0.525 0.0109375 0.04375
1 0.2453125 0.553125 0.01015625 0.0484375
0 0.1484375 0.4890625 0.01171875 0.04453125
1 0.8078125 0.58125 0.0109375 0.05390625
1 0.77890625 0.4921875 0.009375 0.04375
1 0.85546875 0.6171875 0.0171875 0.0609375
1 0.6640625 0.7203125 0.0140625 0.06171875
1 0.803125 0.6671875 0.01484375 0.06171875
1 0.33828125 0.4703125 0.0078125 0.0421875
1 0.4578125 0.6125 0.0140625 0.05546875
1 0.371875 0.71015625 0.02109375 0.06328125
2 0.93984375 0.8265625 0.02265625 0.08359375
2 0.415625 0.37578125 0.00859375 0.02890625
1 0.5375 0.403125 0.009375 0.03359375
1 0.5921875 0.4375 0.01015625 0.03828125
