1 0.4274708513289028 0.37514600067736853 0.013340609191583752 0.03807321008590829
1 0.7490862330380204 0.4327625853667921 0.011016645588778217 0.050409435775648784
1 0.6390696853820589 0.4003451537750148 0.01197836829088228 0.041116322930778534
1 0.393015508176448 0.36236603968694914 0.015303627390180985 0.04440509724103805
1 0.41534228871354645 0.41762342774659 0.013741127390181162 0.044323210085908296
1 0.24221447177925343 0.36700487279449295 0.012178627390180986 0.04424132293077854
1 0.6845032988925792 0.4497586555840371 0.014141645588778218 0.050573210085908295
1 0.6778935510520475 0.4917414376962127 0.015704145588778216 0.05065509724103805
1 0.4352042057401245 0.42571921076327685 0.012579145588778217 0.050491322930778536
0 0.11991916718346159 0.3794086182719371 0.0155038864894796 0.04753009724103805
1 0.6194790761904752 0.4369443950685875 0.015704145588778216 0.05065509724103805
1 0.8341633374492421 0.487389209631623 0.019229663787375628 0.05706887155129756
1 0.49568063078626706 0.4116434226582074 0.012378886489479513 0.04736632293077854
2 0.523976809071612 0.4593749157608024 0.012979663787375629 0.056741322930778534
1 0.14934824645625572 0.4828545228399214 0.013280052436323509 0.06142882293077854
1 0.8631709145625679 0.5484838398893478 0.01836807063492074 0.0679244843961678
1 0.8007920280730882 0.5922471279944173 0.021192681985972774 0.06340075870642732
1 0.3354254488002941 0.4659547071452321 0.017867422886674155 0.06011198439616763
1 0.8232573133905486 0.5597179110111041 0.021593200184570095 0.06965075870642715
1 0.6441705906884446 0.5409258881711826 0.014842552436323509 0.06151071008590829
1 0.4858877213178281 0.5522274790806424 0.022554922886674156 0.06035764586155708
1 0.3283162507751924 0.5768922071452321 0.016905700184570095 0.06940509724103805
2 0.8416334808785522 0.3952835967867528 0.012278756939830516 0.04580382293077854
