1 0.5515625 0.35390625 0.0125 0.03671875
1 0.6765625 0.403125 0.01015625 0.0390625
1 0.68359375 0.425 0.01015625 0.03515625
1 0.7109375 0.4 0.009375 0.0421875
1 0.5578125 0.3875 0.01015625 0.04296875
1 0.3328125 0.375 0.01015625 0.0375
2 0.121875 0.3625 0.0109375 0.0390625
1 0.66796875 0.35 0.0078125 0.0375
0 0.8453125 0.39375 0.009375 0.04296875
1 0.171875 0.446875 0.0078125 0.0453125
1 0.75859375 0.4359375 0.01015625 0.04765625
1 0.73984375 0.4265625 0.01015625 0.04765625
1 0.3890625 0.36484375 0.0078125 0.0390625
1 0.125 0.44296875 0.01875 0.0546875
1 0.4375 0.4234375 0.01328125 0.046875
2 0.52109375 0.38125 0.0140625 0.040625
1 0.825 0.4671875 0.0125 0.0578125
1 0.6234375 0.36875 0.01015625 0.0421875
1 0.36953125 0.44921875 0.0140625 0.046875
1 0.1765625 0.47734375 0.0125 0.05078125
1 0.45078125 0.565625 0.0265625 0.0578125
1 0.7 0.45078125 0.0171875 0.0484375
1 0.55625 0.3390625 0.00859375 0.0328125
