1 0.65572130924947 0.5741245909138089 0.037718188311602674 0.013809528855940556
1 0.6086844423654971 0.697405834290387 0.03922614123370209 0.010739092558271324
1 0.5869321732907737 0.703673192457755 0.034538641233702094 0.010575401451278842
1 0.6124094602224047 0.7318899616950486 0.042351141233702094 0.010848219962933036
1 0.6222366534052715 0.5792014713136955 0.043913641233702096 0.010902783665263982
1 0.6308092637964224 0.35463798093234233 0.0376636412337021 0.010684528855940557
2 0.6396273360381265 0.1441369905509892 0.03925341477265239 0.012301592558271412
1 0.6616594379012704 0.690667250169636 0.03763636769475163 0.009122028855940555
0 0.6210049845721339 0.866483216504372 0.043913641233702096 0.010902783665263626
1 0.5561250892845374 0.19119055062512297 0.04544886769475163 0.009394847367594838
1 0.5773038031603901 0.7782912465414389 0.04703864123370209 0.011011911069925695
1 0.5863515206929859 0.759868628755424 0.04703864123370209 0.011011911069925695
1 0.6419473611986346 0.41124264499749297 0.03919886769475163 0.009176592558271324
1 0.5592131331160273 0.1444519598809501 0.05501478246740419 0.020659729581579977
1 0.5841990909060952 0.45763400616008576 0.047093188311602675 0.014136911069925696
2 0.6278457252399384 0.5427009761230189 0.04087046185055314 0.015481156260602268
1 0.5472129285657795 0.8436062224948218 0.05803068831160267 0.014518856986241602
1 0.6421321420411857 0.6454812357416657 0.042351141233702094 0.010848219962933036
1 0.5572314419617553 0.38876495507162667 0.047120461850553144 0.015699411069925694
1 0.5257381599013884 0.19481405842967128 0.05021818831160267 0.014246038474587408
1 0.4422434159871731 0.46594995924797794 0.058276150162155815 0.0285813569862416
1 0.5614372954497523 0.7191791413692957 0.04873750892845372 0.01887897477225664
1 0.670646879866321 0.5793304460859521 0.03297614123370209 0.010520837748947898
