1 0.4296875 0.428125 0.009375 0.02578125
0 0.7765625 0.43046875 0.009375 0.0375
1 0.5515625 0.3921875 0.01171875 0.0296875
1 0.4546875 0.4375 0.009375 0.0296875
1 0.753125 0.490625 0.01015625 0.0453125
1 0.5234375 0.4609375 0.0109375 0.0328125
1 0.6265625 0.42578125 0.0140625 0.0390625
1 0.6671875 0.47734375 0.01171875 0.03984375
1 0.3046875 0.4375 0.01328125 0.03203125
1 0.484375 0.46875 0.009375 0.04296875
1 0.1515625 0.5265625 0.01171875 0.0484375
1 0.778125 0.5109375 0.015625 0.04375
1 0.675 0.5578125 0.015625 0.04921875
1 0.1609375 0.54765625 0.01171875 0.0546875
1 0.315625 0.5984375 0.021875 0.05546875
1 0.4734375 0.6171875 0.0140625 0.05234375
1 0.15625 0.4640625 0.015625 0.03828125
1 0.94296875 0.603125 0.01328125 0.053125
2 0.08515625 0.8359375 0.02578125 0.09140625
2 0.5609375 0.3546875 0.00703125 0.03203125
1 0.6625 0.434375 0.01015625 0.0421875
1 0.65703125 0.425 0.01015625 0.04375
1 0.3015625 0.43125 0.00859375 0.034375
