1 0.5905581850618965 0.48450422008582716 0.03459318831160267 0.014903734160558102
1 0.5604475397677094 0.7711083556034382 0.04081591477265238 0.013778276735204997
1 0.5792115819776414 0.460301895580195 0.03922614123370209 0.012106516091543363
1 0.49751947686479153 0.33988585275344657 0.047093188311602675 0.01577781930985207
1 0.41650839934478634 0.884329985421066 0.05803068831160272 0.016542643815484225
1 0.4431663567311125 0.8916561663633154 0.05649546185055314 0.017995883171822415
1 0.41835235389503395 0.18531333121402152 0.04714773538950343 0.01890281930985207
1 0.5645217905817836 0.4233810497872394 0.042351141233702094 0.01232503737886681
1 0.38860062418757346 0.1348545093062794 0.059702282467404014 0.02290190445914595
1 0.5370707207757115 0.5494300975576664 0.042351141233702094 0.01232503737886681
1 0.43890773051494414 0.6923827860414845 0.05800341477265238 0.014980143815484227
1 0.42584902840691896 0.3465786131450067 0.053370461850553094 0.017777361884498966
1 0.5694310275928448 0.7046310497872394 0.040734094155801516 0.009090776735205175
1 0.36413818668674963 0.25330957836402995 0.056522735389503434 0.019558383171822413
2 0.4983570482924214 0.47727659210978485 0.04865568831160268 0.015887079953513704
1 0.3989254330300064 0.8604718683407867 0.05959318831160267 0.01665190445914604
1 0.4125871436660387 0.4361656370302202 0.05644091477265238 0.014870883171822414
2 0.18898341720169382 0.9027529314464526 0.08631932954530477 0.027884335401395077
1 0.42697079220334144 0.6790633312140215 0.05504205600635448 0.024136622528160602
1 0.3636138555165918 0.4467864267548756 0.0581397824674041 0.022792643815484227
1 0.36449274269310405 0.27362207836402996 0.05646818831160268 0.016433383171822413
1 0.3362525146072013 0.4885697351689643 0.06905000892845373 0.021994968321116203
0 0.5907103693163095 0.3144102413731506 0.04081591477265238 0.013778276735205175
2 0.6662906164736404 0.5764128506597596 0.02823409415580134 0.008216691585911207
