1 0.45 0.3515625 0.01015625 0.03828125
1 0.77421875 0.3921875 0.0078125 0.05078125
1 0.6625 0.365625 0.009375 0.040625
1 0.41484375 0.340625 0.01328125 0.04296875
1 0.440625 0.39453125 0.01015625 0.04453125
1 0.26484375 0.353125 0.01015625 0.04453125
1 0.7109375 0.4125 0.01015625 0.04921875
1 0.70703125 0.4546875 0.01328125 0.04921875
1 0.4609375 0.4015625 0.01015625 0.04921875
0 0.14375 0.371875 0.01328125 0.046875
1 0.6453125 0.403125 0.01328125 0.05078125
1 0.8625 0.4421875 0.015625 0.05703125
1 0.5203125 0.384375 0.009375 0.046875
2 0.5515625 0.43046875 0.009375 0.05546875
1 0.1796875 0.4734375 0.009375 0.0609375
1 0.8953125 0.5015625 0.0140625 0.0671875
1 0.8359375 0.5484375 0.0171875 0.06328125
1 0.3640625 0.446875 0.0140625 0.059375
1 0.85625 0.51484375 0.01640625 0.06875
1 0.6765625 0.50546875 0.0109375 0.0609375
1 0.51953125 0.525 0.01875 0.06015625
1 0.3640625 0.5578125 0.01328125 0.06796875
2 0.8640625 0.35 0.01015625 0.0453125
