1 0.538608855246927 0.06653910986768663 0.04282416996194396 0.018575037378866854
1 0.43514159292681837 0.4114524081423167 0.03625583498097207 0.010325494804219914
1 0.47312175399151374 0.38215839205077334 0.03625583498097189 0.010325494804219914
1 0.5099214170333755 0.36234863660289174 0.04269683596955502 0.01545003737886681
1 0.4649285465005903 0.5848681288092216 0.03475700197716627 0.011778734160558102
1 0.48258959589256795 0.42223708883246475 0.03788200197716627 0.011997255447881727
1 0.463189632964437 0.5998757697747141 0.037754667984777515 0.008872255447881727
1 0.5337979743340184 0.2368898146951496 0.04569450197716627 0.012543558666190257
1 0.5695059585538689 0.5556180353620546 0.04888316897336083 0.014324579953513706
1 0.5466865879839025 0.3801481417986718 0.04725700197716627 0.01265281930985207
1 0.5905956858536368 0.8424624715000842 0.05350700197716627 0.013089861884498788
1 0.5638926285158126 0.5716800779367015 0.048819501977166266 0.012762079953513705
1 0.6065417490485979 0.3493244766958642 0.05038200197716627 0.012871340597175518
1 0.6727078488954985 0.8194841573860121 0.06131950197716627 0.013636165102807496
1 0.6164260850181529 0.3611689128338938 0.05669566897336083 0.014870883171822414
1 0.5914393779843401 0.17096452991417282 0.05050933596955502 0.01599634059717552
2 0.8509256907965526 0.8477627046522361 0.08494800296574923 0.01996257475773362
1 0.6720075119373602 0.8022966573860121 0.06307300296574958 0.018432925746469576
1 0.5447169338021084 0.04339118697120882 0.04413200197716627 0.012434298022528578
1 0.5497864357792747 0.05243840504022361 0.04425933596955502 0.015559298022528579
0 0.43183090912471 0.3302024081423168 0.03631950197716627 0.011887994804219915
1 0.4386658409496521 0.40180425653316243 0.03788200197716627 0.011997255447881683
