1 0.3409319886853185 0.4823751210024841 0.04382272287263698 0.012754530054229284
1 0.3246433924725064 0.5965285245932803 0.03913522287263689 0.012727258976990364
2 0.3203569100337038 0.25906488602959876 0.040679542154477666 0.009611349336070062
1 0.35128316052468317 0.5830927384889268 0.040679542154477666 0.009611349336070062
1 0.3479627178044714 0.616704669207086 0.040697722872636885 0.012736349336070063
1 0.3312524616561513 0.5347734131569618 0.03756363251355736 0.011155668617910841
1 0.34798194028432483 0.3448387595661656 0.040688632513557366 0.011173849336070064
1 0.364214952580965 0.5088012656162898 0.040706813231716585 0.014298849336070063
2 0.3957280521134268 0.5976774132551577 0.056313632513557366 0.011264752926866173
1 0.3636462842576417 0.74082797043675 0.050072722872636886 0.012790891490547907
1 0.40141444985049046 0.6945160518188392 0.050081813231716586 0.01435339149054773
1 0.4328366457921561 0.7990171994577071 0.05946590359079611 0.015970433645025574
1 0.38210241023009556 0.388388771666414 0.05319772287263689 0.01280907220870695
1 0.40206843482337584 0.7163865066392994 0.05320681323171659 0.01437157220870695
1 0.7506160608940255 0.4268684469236243 0.09074317466803503 0.02083974082661797
1 0.5169025735834492 0.8516513200674076 0.06885908430895533 0.019149975799503238
1 0.4581285790443982 0.48013084407151274 0.05789431323171641 0.014398843285945873
1 0.5208841508603216 0.16727632006740767 0.07040340359079629 0.01603406615858276
1 0.5155127904059619 0.8219729104264871 0.07360112646343317 0.028552246876741804
1 0.71110709153743 0.7723991155415352 0.08602840359079629 0.016124969749379048
1 0.4033012202403583 0.23592684699837901 0.05943863251355737 0.011282933645025483
1 0.5181479527773567 0.6375888200674076 0.06574317466803503 0.02069429508134384
