1 0.5643244793768357 0.4721875794810635 0.028489021046687314 0.007232146641955417
1 0.5126430691076058 0.7412451143274538 0.03179603157003115 0.01046627404661713
1 0.5536221978068046 0.48120791541591296 0.025364021046687314 0.007123019237293704
1 0.5424788424321931 0.36339293283910806 0.034921031570031145 0.010575401451278842
1 0.4558022639306385 0.8300695121505356 0.0351030420933748 0.01370040145127902
1 0.4890745794191879 0.5141816173226788 0.03483002630835923 0.009012901451278843
1 0.46216971615206875 0.3981647477225653 0.041171031570031144 0.01079365626060227
1 0.46033784548655216 0.8059598895551972 0.03648353157003115 0.010629965153609788
1 0.4560892322194331 0.6907341936388812 0.03795502630835923 0.009122028855940555
1 0.31742303241707714 0.894127033750082 0.049529563140062204 0.02044147477225664
1 0.2718331424886629 0.41343753974053177 0.06028505261671846 0.01769842068857237
2 0.42468731377534674 0.6653696058899333 0.044842063140062116 0.020277783665263983
1 0.44572566879702225 0.4116816106992568 0.042733531570031145 0.010848219962933215
1 0.39462808745287004 0.6572743636944816 0.044842063140062206 0.020277783665263983
1 0.37563037456692167 0.9431300181409853 0.046495568401734036 0.021894847367595106
1 0.45642316118686316 0.7118825073412122 0.04144404735504672 0.015481156260602091
0 0.5305458027578929 0.15160969545297984 0.0351030420933748 0.013700401451278843
1 0.4191763922769015 0.19547376814098535 0.05063703683170293 0.012683538474587409
1 0.39754358695875985 0.13678824890369165 0.05100105787839038 0.018933538474587407
2 0.30216246850055606 0.09431551750801317 0.06028505261671846 0.017698420688572546
1 0.3144896213008012 0.2724504411918106 0.05716005261671846 0.017589293283910835
1 0.26542789291218594 0.8594320860196675 0.05467208944842143 0.028417665879248943
1 0.5366104611021585 0.6254390650530932 0.03179603157003115 0.01046627404661713
