1 0.46818196017465025 0.6374182206807234 0.03949900961864685 0.013864092558271323
1 0.6066120323145017 0.5483879809323423 0.03152281851165419 0.00890377404661713
1 0.4450718423886354 0.6272247651457604 0.04278770072563933 0.018660719962933215
1 0.5889880226958548 0.5602877802067029 0.03152281851165419 0.00890377404661713
1 0.4954860154394606 0.729107212876175 0.04095238221398514 0.01079365626060209
1 0.575391770248784 0.7256399616950486 0.03777281851165419 0.009122028855940555
1 0.5486258844066019 0.8201340061600859 0.04095238221398514 0.01079365626060209
1 0.46239571852735273 0.8703125662342195 0.05043650961864685 0.014246038474587408
1 0.343343162081416 0.6956349700477511 0.05076389183263199 0.023621038474587408
1 0.5085316524627691 0.7139187224948218 0.044131945916316084 0.012465283665263982
1 0.44285713339511157 0.08586315516429391 0.050709328130301046 0.022058538474587386
1 0.5465822678865313 0.5650645602437698 0.040897818511654194 0.00923115626060227
1 0.5852876477382638 0.39746039799271776 0.04095238221398514 0.01079365626060227
1 0.2776983809480408 0.24592265752654666 0.06671627404661713 0.033541675497895974
0 0.5597693256832305 0.1650372783926044 0.044186509618646855 0.014027783665263981
1 0.30547615136646084 0.3016468678708329 0.06002976442797028 0.02082342068857255
1 0.50628962850097 0.41973221287617496 0.05032738221398514 0.011121038474587407
1 0.5198064914776614 0.43584828619715277 0.04407738221398514 0.010902783665263982
1 0.427946307457427 0.9160417284852717 0.050709328130301046 0.022058538474587407
1 0.4550793364830036 0.22865085588993334 0.05857639183263199 0.0238938569862416
1 0.36505447097442345 0.7010863618803831 0.0414980192372937 0.026418656260602268
2 0.5959721103599847 0.8530754809323422 0.03470238221398514 0.010575401451279021
1 0.47802071852735273 0.8708582032575283 0.05361607332097762 0.015917665879248942
