1 0.29375 0.34921875 0.0125 0.0390625
1 0.7 0.3875 0.0078125 0.04140625
1 0.8140625 0.4015625 0.0109375 0.040625
1 0.69375 0.39296875 0.009375 0.03984375
0 0.1296875 0.3890625 0.0109375 0.040625
1 0.36875 0.42265625 0.009375 0.0421875
1 0.2609375 0.3828125 0.00859375 0.0375
1 0.22890625 0.3765625 0.009375 0.040625
1 0.8625 0.50703125 0.0140625 0.06015625
1 0.4484375 0.55 0.01640625 0.05078125
1 0.1765625 0.4578125 0.009375 0.046875
2 0.3234375 0.375 0.009375 0.03984375
1 0.159375 0.43125 0.01328125 0.04765625
1 0.2828125 0.4296875 0.009375 0.04296875
1 0.7140625 0.3859375 0.00625 0.0375
1 0.6796875 0.4515625 0.01171875 0.04921875
1 0.48125 0.41875 0.0125 0.0484375
1 0.83515625 0.4453125 0.0125 0.05078125
1 0.415625 0.39296875 0.00859375 0.03984375
1 0.503125 0.4515625 0.009375 0.0484375
1 0.85234375 0.5484375 0.01953125 0.06328125
2 0.83359375 0.35 0.00859375 0.03203125
1 0.2265625 0.3546875 0.00859375 0.03359375
