1 0.4646748587284971 0.4367506531188489 0.03450226933481808 0.012338173916276673
1 0.4287266260343621 0.23577574353702832 0.03444772533418181 0.007650673916276674
1 0.5427896733768162 0.29834738631293495 0.04077045066836362 0.014155341901054186
1 0.4418624253659985 0.22273457406937602 0.034484088001272714 0.010775673916276674
1 0.5083783107097253 0.29662306022921153 0.03917158800127254 0.010966674904859808
1 0.4841066587364514 0.49458039916451624 0.04385908800127254 0.011157675893442942
2 0.49179079471672493 0.34888589718734986 0.04387726933481808 0.012720175893442941
1 0.5755294480426344 0.2907603793928527 0.05635908800127272 0.011667011862998145
1 0.5265305160725422 0.5131738902672677 0.04080681333545435 0.017280341901054187
1 0.5309998400699968 0.4942328892786844 0.04387726933481808 0.012720175893442941
1 0.5619065841024499 0.7321493833471854 0.04854658800127254 0.011348676882026254
0 0.4989713267822674 0.8316347301911554 0.043895450668363624 0.014282675893442943
1 0.5834863040260897 0.16850337741568638 0.05325226933481808 0.0131021778706093
1 0.49476015869668044 0.20103864619876669 0.04385908800127254 0.011157675893442942
1 0.6188692733529536 0.11938278650321536 0.06113749466899989 0.01967051285158128
1 0.7242214867122707 0.30658701475438555 0.06268181333545435 0.01817167984777566
1 0.669478348026726 0.16968919262499482 0.06268181333545435 0.01817167984777566
1 0.47801229475649587 0.6425549841454882 0.04227840666772718 0.009531508897248565
1 0.6188089227402693 0.5172300374917985 0.05643181333545435 0.017917011862998145
1 0.7174651460852688 0.599188350229649 0.06275453866963616 0.024421679847775834
2 0.8272624813414996 0.0264764090131669 0.08462953866963616 0.02531301779449714
2 0.38258106874599634 0.5690630874152488 0.028234088001272716 0.01052100593149916
1 0.4085066747294516 0.446073914981847 0.034484088001272714 0.010775673916276674
1 0.44224532805536115 0.3899857410655704 0.037609088001272536 0.01090300790866543
