1 0.5418586844305924 0.4498701716758065 0.011137487899751618 0.03456591477265238
1 0.7443978771508042 0.4127444983817375 0.0064499878997516195 0.03448409415580134
1 0.6765513261175319 0.527198510556602 0.012736349336070063 0.04084318831160268
1 0.7568206090986275 0.4258075600701348 0.009574987899751619 0.034538641233702094
1 0.6798763140172834 0.49276896347870147 0.009602258976990541 0.03922614123370209
1 0.483155850121637 0.46964292938644425 0.009629530054229285 0.043913641233702096
2 0.6284138079671593 0.47648149026406267 0.011192030054229285 0.043940914772652384
1 0.6826104285768599 0.5599019164008008 0.00970225292686635 0.05641364123370209
1 0.46259791042648735 0.5121849853927987 0.015861349336070064 0.040897735389503434
1 0.4813206393492484 0.5165452029253946 0.011192030054229463 0.043940914772652384
1 0.24209451288581532 0.5488430543847966 0.009656801131468207 0.04860114123370209
0 0.14559221760807967 0.48647151379971765 0.012754530054229284 0.04396818831160267
1 0.8044308864223823 0.5671495803626743 0.01124657220870695 0.053315914772652385
1 0.7760427868899205 0.47859164083325556 0.009629530054229285 0.043913641233702096
1 0.8518780581635511 0.6022552374246889 0.017542024004104918 0.06123750892845372
1 0.6598718444642963 0.7087212459461055 0.015988614363184793 0.06277273538950343
1 0.7992434166730031 0.6531689009795253 0.015988614363184793 0.06277273538950343
1 0.33554505191703504 0.4644077788172513 0.008057939695149674 0.042323867694751625
1 0.45424907924078983 0.6045088530875503 0.01595225292686635 0.056522735389503254
1 0.36774343179831376 0.7036651477298191 0.022238614363184705 0.06288182954530477
2 0.9350349500468823 0.8101574663213705 0.02236587939029917 0.08475682954530477
2 0.413438768641352 0.36852648863920956 0.009538626463433175 0.028288641233702096
1 0.5351546873574586 0.393742902601083 0.009574987899751619 0.034538641233702004
1 0.589642199457707 0.42716332873782115 0.009593168617910841 0.0376636412337021
