1 0.4515625 0.5774858731860452 0.00625 0.02830685642649069
1 0.721875 0.5336830827403214 0.009375 0.03152278463973594
1 0.4609375 0.5670568385463091 0.00625 0.025181856426490866
1 0.34375 0.5524978965430101 0.0109375 0.034693248746358665
1 0.8125 0.47948366455620584 0.0125 0.03473871285298138
1 0.49609375 0.5035338961472988 0.0078125 0.034602320533113406
1 0.38125 0.4732817579840658 0.009375 0.040897784639736125
1 0.78828125 0.4833133582088574 0.009375 0.03621028463973612
1 0.6734375 0.4757174700456244 0.0078125 0.03772732053311341
1 0.88125 0.34310824386480787 0.01875 0.04898306927947225
1 0.403125 0.28358276049134823 0.015625 0.05982964106622681
2 0.64921875 0.443609663698276 0.01875 0.044295569279472244
1 0.3953125 0.4572475810244617 0.009375 0.042460284639735946
1 0.6421875 0.41334550217807803 0.01875 0.044295569279472244
1 0.928125 0.40268182066612745 0.0203125 0.045903533386094784
1 0.69453125 0.47666620460621817 0.0140625 0.041034176959604096
0 0.1328125 0.5344168009370721 0.0125 0.03473871285298138
1 0.18046875 0.4244363956850803 0.0109375 0.05031824874635871
1 0.12265625 0.40111856763011955 0.0171875 0.05050010517284949
2 0.08359375 0.3045989202956866 0.0171875 0.05987510517284953
1 0.2609375 0.3220949941940122 0.015625 0.056704641066226816
1 0.8484375 0.29015674010388415 0.0265625 0.053897889812585656
1 0.60546875 0.5542576586837111 0.009375 0.03152278463973612
