1 0.623381395202981 0.4452958056294657 0.015888620413308983 0.04613137155129756
1 0.6099637898167867 0.4680372648108627 0.01279089149054773 0.05065509724103805
1 0.7322205848981306 0.40879946291098335 0.011173849336070064 0.04119821008590829
1 0.4571069554096354 0.4139185736081471 0.012736349336070063 0.04128009724103805
1 0.475534247662309 0.47036996946970416 0.02528180113146803 0.049747694482076096
2 0.4147785548439013 0.43592637041964377 0.012772710772388507 0.04753009724103805
1 0.7923541090004316 0.4158583683834788 0.014298849336070063 0.041361984396167804
1 0.38635357299427386 0.4860149016273082 0.025272710772388508 0.0481851944820761
1 0.6947569463344491 0.4005841711878693 0.011155668617910841 0.03807321008590829
1 0.6619262656162899 0.4019895409301445 0.006477258976990541 0.03939004862051902
1 0.15945472970832805 0.5319537641334942 0.019113614363184706 0.06348264586155708
1 0.7396967416121848 0.46702139868663217 0.017451120413308985 0.04621325870642732
1 0.275433732831586 0.6114918571906607 0.022238614363184705 0.06364642017181658
1 0.7757887777165383 0.44234230325461643 0.019022710772388506 0.04785764586155707
1 0.5310024767814617 0.6076929070543752 0.033176114363184794 0.0642196302577247
1 0.19454734719477074 0.5447337251239135 0.02845225292686626 0.057723968792335614
1 0.1361717658126816 0.504162956806548 0.012836343285945873 0.05846759724103805
1 0.2630933349963264 0.44907706637205785 0.012781801131468207 0.04909259724103805
1 0.806547898326239 0.5283550463572115 0.012836343285945873 0.05846759724103805
1 0.8411410669441498 0.49265656377006606 0.015934072208707305 0.05394387155129756
1 0.4802353832009284 0.4682718809350933 0.014335210772388507 0.0476119843961678
2 0.7528239763886784 0.35986399592767015 0.009602258976990541 0.03955382293077854
