1 0.6590680113146815 0.4767388399109132 0.04382272287263689 0.013009077339272502
1 0.6753566075274936 0.5906195265754587 0.03913522287263689 0.012954533338636054
2 0.6796430899662962 0.25304680124127693 0.040679542154477846 0.009847714672181596
1 0.6487168394753169 0.5776473592457313 0.040679542154477666 0.009847714672181596
1 0.6520372821955286 0.6112047465786403 0.040697722872636885 0.012972714672181595
1 0.6687475383438487 0.5289735019096404 0.03756363251355736 0.011373852005090512
1 0.6520180597156752 0.339311565245095 0.040688632513557366 0.011410214672181595
1 0.635785047419035 0.5035740599140949 0.040706813231716585 0.014535214672181596
2 0.6042719478865732 0.5930092772517765 0.056313632513557366 0.011592028007635946
1 0.6363537157423582 0.7356144005808677 0.050072722872636886 0.013081802673454134
1 0.5985855501495095 0.6899570025859582 0.050081813231716586 0.014644302673454134
1 0.5671633542078439 0.7950172199236398 0.05946590359079611 0.01631589067472703
1 0.6178975897699044 0.3834615545830947 0.05319772287263689 0.01311816534054513
1 0.5979315651766242 0.7118410932527309 0.05320681323171659 0.014680665340545218
1 0.2493839391059745 0.4283773492998197 0.09074317466803503 0.02136701734563573
1 0.48309742641655085 0.8491240119350939 0.06885908430895533 0.019549978675999568
1 0.5418714209556018 0.47653993992682153 0.05789431323171641 0.014735209341181488
1 0.4791158491396784 0.1647490119350939 0.07040340359079629 0.016443160009545023
1 0.4844872095940381 0.8194183306015486 0.07360112646343317 0.028979522676635838
1 0.28889290846257004 0.773253497294729 0.08602840359079611 0.01662497334499946
1 0.5966987797596417 0.2313541619191855 0.05943863251355737 0.011628390674726851
1 0.48185204722264324 0.635061511935094 0.06574317466803503 0.021076116008908664
