1 0.6203125 0.51015625 0.0125 0.0390625
1 0.5265625 0.375 0.0078125 0.03046875
1 0.6109375 0.53359375 0.0171875 0.0421875
1 0.5390625 0.3921875 0.0078125 0.03203125
1 0.7109375 0.4796875 0.01015625 0.040625
1 0.7046875 0.4 0.0078125 0.03828125
1 0.8 0.4234375 0.0109375 0.03984375
1 0.853125 0.5078125 0.01328125 0.05
1 0.6828125 0.6328125 0.02109375 0.05
1 0.6953125 0.4671875 0.01171875 0.04375
1 0.0703125 0.5546875 0.0203125 0.05078125
1 0.5453125 0.434375 0.0078125 0.040625
1 0.3765625 0.4015625 0.009375 0.040625
1 0.2359375 0.7140625 0.03046875 0.06484375
0 0.1453125 0.43515625 0.0125 0.04453125
1 0.290625 0.684375 0.01875 0.06015625
1 0.4015625 0.4796875 0.009375 0.04921875
1 0.4171875 0.465625 0.009375 0.04375
1 0.9 0.540625 0.0203125 0.04921875
1 0.2125 0.5375 0.021875 0.0578125
1 0.6875 0.6109375 0.02578125 0.03984375
2 0.83125 0.375 0.00859375 0.03359375
1 0.853125 0.4921875 0.0140625 0.053125
