1 0.6940550125290537 0.37799623227986495 0.013864092558271323 0.0395718359695552
1 0.28646820182194777 0.3997240632693232 0.00923115626060227 0.04094333498097189
1 0.17191462850097006 0.4091388725471326 0.012356156260602269 0.04107066897336065
1 0.2925272288637898 0.4054474812541008 0.01079365626060227 0.041007001977166314
0 0.8567261381196168 0.42452501688027605 0.012356156260602092 0.04107066897336083
1 0.6164905185195035 0.4483777164625341 0.010848219962933215 0.04256950197716627
1 0.7256943929289403 0.41292698919994725 0.010684528855940557 0.03788200197716631
1 0.7579438977382638 0.40798216262193227 0.01079365626060227 0.041007001977166314
1 0.11979407859363729 0.5126339456651066 0.016135920688572548 0.05994800296574958
1 0.5323560767795388 0.5724744496566202 0.01737103847458741 0.05063666996194396
1 0.8074503352170591 0.49136500699444435 0.011011911069925873 0.04725700197716627
2 0.6634672114405946 0.40256780935217157 0.01079365626060227 0.041007001977166314
1 0.8255654181566838 0.4655028439525826 0.014136911069925517 0.0473843359695552
1 0.7021824818590147 0.4589106512532258 0.010902783665263982 0.04413200197716627
1 0.2724602655242786 0.3975885603035737 0.007559528855940556 0.037754667984777515
1 0.30454359002638265 0.46461423421985026 0.014246038474587408 0.0505093359695552
1 0.5041269277753306 0.43988744273653796 0.014191474772256463 0.0489468359695552
1 0.14929309483570607 0.4520293680985083 0.014246038474587408 0.0505093359695552
1 0.5706522288637897 0.4167802065767024 0.01079365626060209 0.041007001977166314
1 0.4811060900263827 0.4718086047898165 0.01106647477225664 0.048819501977166266
1 0.1285043904818696 0.55445403114037 0.02093254809323426 0.06326400395433271
2 0.15418398067788827 0.3567805350947027 0.01046627404661713 0.031632001977166355
1 0.7610515395708958 0.38620266311622375 0.010575401451278842 0.03475700197716636
