1 0.49210699967079563 0.5965515907799375 0.03942621285298138 0.014319365177646403
1 0.35967859606815644 0.5090965942945942 0.031477320533113404 0.009267992142117265
1 0.5158172843105316 0.5860849716733497 0.04268760517284953 0.01915241439185813
1 0.376502383215175 0.5207960736164298 0.031477320533113404 0.009267992142117265
1 0.4590013314866801 0.6885956956185018 0.040897784639736125 0.011267139784752267
1 0.37949568791317084 0.6860572005809005 0.03772732053311341 0.009559090570540541
1 0.4001598774091873 0.7802780814743127 0.040943248746358706 0.012829639784752267
1 0.48298909778401616 0.8294732526905964 0.05036371285298138 0.014828787427387625
1 0.6129446854058884 0.6533387841221278 0.05063649749271768 0.024203787427387446
1 0.4469559725529068 0.6735528924753487 0.04411371285298138 0.014537688998963993
1 0.5526416152019793 0.04447751447742062 0.05059103338609479 0.022641287427387448
1 0.41850802678868426 0.5250811592245717 0.040852320533113405 0.009704639784752268
1 0.39060565030393385 0.35785942597379466 0.040897784639736125 0.011267139784752267
1 0.7071974198999752 0.20267950455262315 0.06653428213245363 0.034306533498446055
0 0.4309280880840907 0.12504477192101873 0.04411371285298138 0.014537688998963993
1 0.6759186761681812 0.25874972208763447 0.059920569279472244 0.021515435070022626
1 0.468003224597971 0.37922069561850175 0.050272784639735946 0.011703787427387447
1 0.4534860835317442 0.3955006670824545 0.04402278463973595 0.011412688998963994
1 0.5144376745853357 0.8748199859413734 0.05059103338609496 0.022641287427387625
1 0.5313168814993153 0.18746553515558506 0.05844899749271768 0.024567660462916717
1 0.5909332930860203 0.6590451286216098 0.04135242570596294 0.026892139784752266
2 0.35081309527673366 0.8137840942945942 0.034647784639736126 0.010976041356328991
1 0.46736409778401616 0.830200998761655 0.05353417695960409 0.016536836641598995
