0 0.010425448800294158 0.444371761258767 0.020291516039128953 0.049538925046142525
1 0.524727780693982 0.38340426897378965 0.014903109191583752 0.03830103639719464
1 0.6716132726744174 0.3981107117571041 0.015503886489479512 0.04767603639719455
1 0.5272124306016969 0.41747888032484165 0.013741127390180985 0.04445090684754529
1 0.7954512908730147 0.3839504773348078 0.018328497840531633 0.04318879549649317
1 0.3937781693429299 0.38712765114433256 0.012078497840531633 0.04278827729789594
1 0.39850643970099553 0.4226145681709107 0.01237888648947969 0.04747577729789594
1 0.4781159916758938 0.5279948781653733 0.014642293337024982 0.058513406847545114
1 0.28369296807862565 0.4416427752953111 0.01902940468807692 0.05412629549649317
1 0.7803584145625679 0.449495134182353 0.022154404688076924 0.05432655459579187
1 0.7740478578073077 0.4265582819305996 0.015704145588778216 0.050801036397194466
1 0.5596849691583599 0.44496353023255664 0.019991127390180986 0.04485142504614252
1 0.3704222100590611 0.46020420574012444 0.012579145588778217 0.05060077729789594
1 0.340223570330379 0.44580054673311087 0.013941386489479601 0.04757590684754529
1 0.4735496051864141 0.5749700077150226 0.023917163787375628 0.05755168414544123
1 0.25363522825765844 0.4614639219638235 0.015704145588778216 0.050801036397194466
1 0.8338851303248418 0.5005279056201528 0.021192681985972683 0.06360142504614252
1 0.1824833166297512 0.5640567982742704 0.0163049228866742 0.06017603639719447
1 0.9021437769933541 0.46736614976005664 0.01942992288667398 0.06037629549649317
2 0.3334939065430034 0.5022508058324096 0.016204793337024802 0.058613536397194466
1 0.13327625617386318 0.6520166756644514 0.028043459283868755 0.07337694324473976
1 0.28093820789959284 0.4239243491694344 0.01237888648947969 0.04747577729789594
2 0.39153335132890277 0.3250281693429299 0.011577850092285047 0.03497577729789594
