1 0.6859103240163418 0.3163246275881525 0.01477513154179615 0.039644696856846906
1 0.27743069510538143 0.37352727543567543 0.010178636803468066 0.04098887303552932
1 0.16254914775033477 0.392902321754403 0.013303636803468067 0.041134422249741044
1 0.28336217668952995 0.37870492700725195 0.011741136803468066 0.04106164764263518
0 0.8476521898437095 0.3485270438420375 0.013303636803468067 0.041134422249741044
1 0.6066330767177648 0.3932553087292336 0.011832142065139984 0.04262414764263509
1 0.716766210890397 0.34839011083892946 0.011559126280124232 0.03793664764263518
1 0.7491614819370843 0.3406482313932594 0.011741136803468066 0.04106164764263518
1 0.10796879258748497 0.5006270845746845 0.017520699943530272 0.060029971463952767
1 0.5195286478915092 0.5243105636916324 0.018537168373499214 0.050727746071058635
1 0.7967729583301482 0.4194602820552132 0.012105157850155378 0.04731164764263518
2 0.6547212371987563 0.34348859512316376 0.011741136803468066 0.04106164764263518
1 0.8155075477785697 0.3920972613770487 0.015230157850155735 0.047457196856846816
1 0.6921610530402414 0.39628395533841143 0.0119231473268119 0.04418664764263518
1 0.2634592003670533 0.37261974689962807 0.00843412628012441 0.03779109842842345
1 0.2940119793768356 0.4366437055432993 0.015412168373499213 0.05058219685684691
1 0.4943605898719444 0.39458883044085535 0.015321163111827296 0.04901969685684691
1 0.138907250423523 0.43763477895033204 0.01541216837349917 0.05058219685684691
1 0.56148717668953 0.36575104694240934 0.011741136803468066 0.04106164764263518
1 0.4705744793768356 0.42842017494033735 0.012196163111827297 0.04887414764263518
1 0.11571340315318097 0.5415602996284965 0.02239021046687397 0.06337329528527036
2 0.14602107138550582 0.3422495043432262 0.011195105233437008 0.03168664764263518
1 0.7527793056004903 0.3186640694826006 0.011377115756780753 0.03481164764263518
