1 0.4825830825827122 0.39886476614881905 0.00838118506293455 0.0282704703647223
1 0.7556187634964618 0.4285106728745827 0.011742983403260432 0.031468205547083274
1 0.4927276771887719 0.40880281060173573 0.008144386722608487 0.0251454703647223
1 0.3769017676456467 0.4294991299402774 0.011979781743586493 0.03459320554708327
1 0.8501509361118416 0.4779638525861104 0.01510478174358667 0.03466594072944442
1 0.532619893995293 0.4704845398001732 0.01041728174358667 0.03455683795590279
1 0.4203217261537979 0.5067513077519441 0.012453378424238614 0.040843205547083275
1 0.8256953877715155 0.47540255024940914 0.012098180913749701 0.03615570554708327
1 0.7116804319626567 0.48901306820118 0.010654080083912554 0.03768183795590278
1 0.9290832647458618 0.610738678574166 0.022420374275053945 0.04887391109416672
1 0.4565230257435238 0.6953046614754164 0.02012416846619498 0.059738675911805574
2 0.6899480645360803 0.5223892658644786 0.022065176764564674 0.044186411094166725
1 0.43556821785542815 0.5220489994313191 0.012571777594401645 0.04240570554708327
1 0.6852255983542592 0.5530216700247912 0.022065176764564674 0.044186411094166725
1 0.9713406971095037 0.5487101508387492 0.023746075934727884 0.04578527868534721
1 0.7326557827924937 0.48695960572024255 0.017140878424238615 0.04095230832062491
0 0.1677994547831736 0.45862750474965264 0.015104781743586492 0.0346659407294446
1 0.22368444710950372 0.5661120432186457 0.014726273445216797 0.05025457313826394
1 0.16776633383211212 0.5924576440923263 0.020976273445216798 0.050400043502986235
2 0.13610378196730114 0.6910230838718402 0.020124168466194893 0.059738675911805574
1 0.31173074399993733 0.664239112272847 0.01988737012586892 0.05661367591180557
1 0.900355536116486 0.6654086479889576 0.03058807178554268 0.05374324905006951
1 0.6379101226246686 0.41403255841753417 0.011742983403260432 0.031468205547083315
