1 0.5418586844305924 0.4212976656838854 0.011137487899751618 0.035139824505632154
1 0.7443978771508042 0.3735546623296907 0.0064499878997516195 0.034812042574646894
1 0.6765513261175319 0.49153412000714525 0.012736349336070063 0.04149908514929379
1 0.7568206090986275 0.3859618271803968 0.009574987899751619 0.03503056386197034
1 0.6798763140172834 0.4569405987198218 0.009602258976990541 0.03971806386197034
1 0.483155850121637 0.4441449398212004 0.009629530054229285 0.04440556386197052
2 0.6284138079671593 0.443358699960659 0.011192030054229285 0.044514824505632156
1 0.6826104285768599 0.5239095774324983 0.00970225292686635 0.05690556386197052
1 0.46259791042648735 0.48775282818880294 0.015861349336070064 0.04171760643661741
1 0.4813206393492484 0.49112920046486214 0.011192030054229463 0.044514824505632156
1 0.24209451288581532 0.5359710789451076 0.009656801131468207 0.04909306386197052
0 0.14559221760807967 0.47868273885213525 0.012754530054229284 0.04462408514929379
1 0.8044308864223823 0.524762247226883 0.01124657220870695 0.05388982450563216
1 0.7760427868899205 0.4377210691346251 0.009629530054229285 0.04440556386197052
1 0.8518780581635511 0.5573672975952 0.017542024004104918 0.06213936708027923
1 0.6598718444642963 0.6738767264437626 0.015988614363184793 0.06359260643661742
1 0.7992434166730031 0.6110275291578683 0.015988614363184793 0.06359260643661742
1 0.33554505191703504 0.4466575706472343 0.008057939695149674 0.042733803218308705
1 0.45424907924078983 0.5804866314071117 0.01595225292686635 0.05734260643661741
1 0.36774343179831376 0.684152216808507 0.022238614363184705 0.06402964901126432
2 0.9350349500468823 0.7608422228374664 0.02236587939029917 0.08590464901126431
2 0.413438768641352 0.34671791878597846 0.009538626463433175 0.02878056386197043
1 0.5351546873574586 0.3655393385803632 0.009574987899751619 0.03503056386197034
1 0.589642199457707 0.39609021605220246 0.009593168617910841 0.03815556386197043
