1 0.7177577309658647 0.6393105440993854 0.009520445745273776 0.025054542154477843
1 0.714432743066113 0.6049173633812261 0.015861349336070064 0.040715903590796285
1 0.37393500809322766 0.6248106651018694 0.012736349336070063 0.040697722872636885
1 0.504962294295777 0.5872930052645573 0.012718168617910664 0.03757272287263689
1 0.6841730713249442 0.6406776013791735 0.009629530054229462 0.04380454215447784
1 0.6784179750139362 0.5914270351223949 0.01437157220870695 0.05320681323171659
1 0.38956000809322766 0.6249015686926656 0.009638620413308985 0.04536704215447766
1 0.33287821603694584 0.5503555657657994 0.01594316256778665 0.05477840359079611
1 0.4628566075274936 0.6011100655694076 0.009638620413308985 0.045367042154477843
1 0.31875208352338846 0.5393362525340828 0.009684072208706951 0.053179542154477843
1 0.4253747882456528 0.6040168969514967 0.01280907220870695 0.05319772287263689
1 0.36449183040013056 0.6130373729473917 0.009665891490547729 0.05005454215447784
1 0.09725887860473244 0.603670421544777 0.011246572208706996 0.05318863251355736
1 0.6095043485505032 0.5629020593228917 0.01907725292686635 0.05635908430895533
1 0.9549804750139362 0.5930360286794872 0.01280907220870695 0.05319772287263689
1 0.6409901770057261 0.4693384116840239 0.014435204722264316 0.0641443132317164
1 0.723285047419035 0.5151281555357038 0.019086343285945873 0.05792158430895533
2 0.8429783612399268 0.14083720354391396 0.020912463699254858 0.10324317466803504
2 0.48131571603694584 0.551219149878363 0.01438975292686635 0.056331813231716585
1 0.7352078096174793 0.41598212840834065 0.022256795081343837 0.06575226502711469
2 0.4478270260472085 0.7033629119786114 0.009602258976990541 0.039117042154477845
1 0.44446113153159866 0.6619384812604523 0.015879530054229284 0.04384090359079629
1 0.33143389070498086 0.5706589754067197 0.01438066256778665 0.05476931323171659
1 0.5042583123479538 0.6005697100850175 0.01278180113146803 0.048510222872636885
