1 0.659542089741971 0.3090793618723867 0.011412688998963994 0.04418664764263518
1 0.7876328564911941 0.3359971186968123 0.016391287427387446 0.05065497146395268
1 0.6936259913135476 0.3012283205160579 0.012975188998963993 0.04425942224974104
1 0.7741867865988179 0.31626681555365915 0.01312073821317572 0.04738442224974104
1 0.54857251054397 0.3807981581911143 0.019807385855810898 0.0570505206781645
1 0.4231893668302763 0.36158373945603 0.021078787427387446 0.05087329528527027
1 0.5928276246881591 0.3223649199779386 0.014828787427387446 0.05058219685684691
1 0.4665605312221344 0.40184271236772473 0.02093323821317572 0.04774829528527032
1 0.6332749962759463 0.38389957940739805 0.016536836641598995 0.05377997146395277
1 0.6872732915612166 0.40017524276579886 0.0213698858558109 0.05712329528527036
1 0.2116183200972639 0.40823622332597953 0.019952935070022625 0.06017552067816449
1 0.8302955454901582 0.37785497891206 0.013702935070022449 0.05988442224974104
1 0.6104346557054058 0.3473820366033271 0.018172111248705037 0.05541524607105854
1 0.5645550372179905 0.572658172459138 0.025077082712657628 0.06976884449948209
1 0.8227762979713574 0.4181353765546952 0.021806533498445902 0.06649829528527032
1 0.7211195986333112 0.37041281410591714 0.018172111248705037 0.05541524607105863
2 0.5087116439185815 0.39909654797586663 0.02747433664159917 0.05428939371369372
1 0.1836838728261323 0.5481185146823083 0.029910131926869442 0.0731121683207995
1 0.4079946681114025 0.5564617458661708 0.03288958271265767 0.07013271753501123
1 0.11009866955914467 0.5147473966091779 0.029764582712657715 0.0699871683207995
1 0.7861902886657326 0.5067462663394474 0.0280565334984459 0.06678939371369381
2 0.7027441261359012 0.26165639826631687 0.012829639784752444 0.041134422249741044
