1 0.6180573800746239 0.2978091255444797 0.012690176764564676 0.04435077729789594
1 0.7421334975012004 0.32251113202288473 0.01785127344521662 0.05090116594684382
1 0.652905976755276 0.28935627545219467 0.014252676764564676 0.04445090684754529
1 0.7311726867133196 0.30299966842007925 0.01448947510489056 0.04757590684754529
1 0.49896291534269527 0.37152483266888015 0.02144987012586892 0.057351425046142525
1 0.37663855206530367 0.35448513186600117 0.0225387734452168 0.05120155459579188
1 0.5501002854685642 0.31227094617940054 0.01628877344521662 0.050801036397194646
1 0.414848024470902 0.3940191988002941 0.022301975104890737 0.048076554595791875
1 0.5828051190769618 0.3731490869878168 0.01808807178554268 0.05402616594684391
1 0.6345093290350053 0.3884946822997398 0.023012370125868743 0.057451554595791876
1 0.1605749215664726 0.4048715653931335 0.02168666846619489 0.06047642504614252
1 0.7794433207366357 0.3636577637320023 0.015436668466194802 0.06007590684754529
1 0.5645529491608743 0.33700083590808266 0.019768970955705713 0.05568879549649317
1 0.4914310674126433 0.5632617496954582 0.027084563487172985 0.07015181369509058
1 0.7670491418974785 0.40410229102989825 0.023722765146846923 0.06682655459579187
1 0.6717967640979399 0.3581167674326301 0.01976897095570589 0.05568879549649317
2 0.45709472405598356 0.39053445095976247 0.02902557178554286 0.05472707279438911
1 0.11572159500704497 0.5453556654854186 0.03200886182749909 0.07357720234403846
1 0.3377383049650887 0.5497871398855656 0.03489706348717307 0.07065246144333699
1 0.046628975505876046 0.5132428747692874 0.031772063487173055 0.07045220234403829
1 0.7198529879534308 0.49342440932078063 0.029972765146846925 0.06722707279438911
2 0.6668034560093515 0.24959286860464935 0.014015878424238615 0.04132590684754529
