1 0.64375 0.3390625 0.01015625 0.04453125
1 0.7703125 0.371875 0.0140625 0.05
1 0.678125 0.3328125 0.0109375 0.04375
1 0.7578125 0.3515625 0.0109375 0.046875
1 0.5296875 0.40546875 0.0171875 0.05546875
1 0.40546875 0.38046875 0.01875 0.05
1 0.5765625 0.34921875 0.01328125 0.05
1 0.446875 0.42265625 0.01875 0.04765625
1 0.6140625 0.4125 0.0140625 0.05234375
1 0.6671875 0.43125 0.01875 0.05546875
1 0.1921875 0.4171875 0.0171875 0.06015625
1 0.8109375 0.415625 0.0109375 0.05859375
1 0.59296875 0.375 0.01484375 0.0546875
1 0.53671875 0.59765625 0.021875 0.06953125
1 0.8015625 0.45546875 0.01796875 0.06484375
1 0.70234375 0.403125 0.01640625 0.0546875
2 0.4890625 0.421875 0.025 0.05234375
1 0.1578125 0.55546875 0.0265625 0.07265625
1 0.38125 0.57421875 0.0296875 0.06875
1 0.0859375 0.51875 0.0265625 0.06796875
1 0.7609375 0.5421875 0.02578125 0.06484375
2 0.6890625 0.29375 0.0109375 0.040625
