1 0.3949080794897751 0.5728032583878152 0.025546031570031148 0.009520445745273776
0 0.4174549975809255 0.22594189392643468 0.03804603157003115 0.009593168617910841
1 0.36606898990017933 0.45071918012898404 0.030324536831702886 0.011110216822512698
1 0.4057391636765247 0.5478578005422929 0.03023353157003115 0.009547716822512698
1 0.47624616865584785 0.249729372751 0.04585853157003115 0.009638620413308896
1 0.43318089519008607 0.4792441559284873 0.03344953683170289 0.011128397540672097
1 0.40403099246042806 0.3759146228491958 0.039881547355046544 0.014289758976990363
1 0.45795962926389616 0.3355896046988232 0.04126203683170289 0.011173849336070064
1 0.3970026585560271 0.6978578005422931 0.031978042093374806 0.01268180718159222
1 0.43871826364828975 0.5183521077238853 0.04429603157003115 0.009629530054229285
1 0.477146642912186 0.8515009510098313 0.04916554209337463 0.01278180113146803
1 0.4980147528425974 0.224847547419035 0.04466005261671846 0.015879530054229284
1 0.5388834055722553 0.32824525819142353 0.05091005261671846 0.01591589149054773
1 0.49878642448221705 0.842248670857406 0.055415542093374806 0.012818162567786829
1 0.5585771953877301 0.6878566075274936 0.05752407366340595 0.022202252926866173
1 0.5865187268165869 0.530153191836449 0.05403505261671846 0.01593407220870695
1 0.4149196586972015 0.8464498366466465 0.03841005261671846 0.015843168617910665
1 0.5998033079489775 0.060540128604732436 0.053853042093374805 0.012809072208706996
2 0.7826539192911323 0.9197070921075955 0.09208108418674961 0.025527240826617968
2 0.32911502147021043 0.4411260115110732 0.0316140210466874 0.006431807181592397
1 0.41471786347888057 0.3400271198241337 0.042733531570031145 0.009620439695149674
1 0.40502434506302915 0.345441327669656 0.04429603157003115 0.009629530054229285
1 0.3905706480326835 0.7009464391059745 0.034921031570031145 0.009574987899751619
