1 0.3950704815981471 0.3886235674153459 0.04604024607105854 0.017207347367594838
1 0.41788939743774733 0.4027232729503088 0.05058219685684691 0.014246038474587408
1 0.35794081679200423 0.2785565974524128 0.041134422249741044 0.012356156260602269
1 0.36466373594137336 0.5542386437315485 0.04120719685684691 0.013918656260602092
1 0.4210057812266436 0.5374256551642939 0.04960189371369363 0.02669147477225664
2 0.38691757154951517 0.5972718811176768 0.047457196856846816 0.014136911069925696
1 0.3646488891655798 0.21853675670824 0.04127997146395277 0.015481156260602268
1 0.43717012862160975 0.627197483294595 0.04803939371369381 0.026636911069925696
1 0.3499442262214637 0.3158383426430894 0.03800942224974104 0.012247028855940556
1 0.3515409594722406 0.3487599700477511 0.03935359842842345 0.0076140925582713235
1 0.4844303105912605 0.8557788402808366 0.06337329528527036 0.02093254809323426
1 0.41611718982753354 0.2727629544386545 0.046113020678164494 0.01876984736759484
1 0.5632895188206468 0.741937084290387 0.06351884449948209 0.02405754809323426
1 0.39122850579096824 0.23589787149902994 0.04774829528527027 0.020386911069925694
1 0.5580006670824545 0.4858681335647475 0.06402826674922295 0.03499504809323426
1 0.49700523925114215 0.8210045361971527 0.05755994292790554 0.030089293283910835
1 0.4567761914846725 0.8782887573412121 0.05839469685684691 0.014518856986241602
1 0.400952184660247 0.7495709910991433 0.04901969685684691 0.01419147477225664
1 0.47705899793308537 0.2075943114248962 0.05839469685684691 0.014518856986241602
1 0.4411600392894142 0.17190978256895564 0.05385274607105863 0.01748016587924912
1 0.41888035504796123 0.5326563096107976 0.04752997146395277 0.015699411069925694
2 0.30888688668438036 0.25649805897782546 0.03949914764263518 0.010739092558271412
