0 0.554261602665567 0.016524383347185412 0.04893760517284953 0.01916117688202614
1 0.5972988296378064 0.5278783774156863 0.03786371285298138 0.01402800790866543
1 0.5773991697669612 0.6773027158566995 0.04723871285298138 0.014410009885831698
1 0.5630602219576744 0.5339665513319629 0.04406824874635866 0.012720175893442941
1 0.5872408341901529 0.8004855478719218 0.04264214106622681 0.017344008897248474
1 0.5981673446815012 0.39643737642710314 0.042460284639736126 0.011094008897248564
1 0.5624344331613033 0.4049329673395742 0.04714778463973612 0.011285009885831698
1 0.4540201910788621 0.496172074069376 0.058130748746358665 0.013293178859192522
1 0.5473968033778476 0.2913479698110321 0.05357964106622681 0.0177896778706093
1 0.5220788354437942 0.7921902282139891 0.053670569279472245 0.02091467787060921
1 0.5452890149106808 0.7834227232710733 0.05036371285298138 0.014537343878220454
1 0.5343729323033735 0.5695512242596564 0.04425010517284953 0.018970175893442943
1 0.525746775402029 0.3806160582520452 0.050272784639735946 0.011412343878220543
1 0.5412437432695754 0.3486975547920041 0.04719324874635866 0.012847509885831698
1 0.4070997269722394 0.49651958395520773 0.05684103338609492 0.022604511862998146
1 0.5285869674053278 0.2631738902672677 0.05036371285298138 0.014537343878220454
1 0.46905077533552203 0.8514498230807928 0.06300010517284953 0.019734179847775833
1 0.42826270698048674 0.20234116102751426 0.05973871285298142 0.014919345855386878
1 0.49988924986698596 0.9166782336511965 0.05982964106622681 0.018044345855386723
2 0.4849028150563301 0.34786456665500215 0.05817621285298138 0.014855678859192523
1 0.34183346199505166 0.16206101232010864 0.07255696159934022 0.026366181824942013
1 0.5652518931112909 0.2867095493547966 0.04714778463973594 0.011285009885831698
2 0.6604854882550105 0.38764069657932754 0.034647784639735946 0.010775673916276585
