1 0.425 0.3687524229660072 0.0125 0.025436509618646852
1 0.2796875 0.45898309728277675 0.009375 0.04095238221398514
1 0.20234375 0.47496525054815414 0.009375 0.04251488221398514
1 0.4953125 0.41004705636111877 0.0109375 0.03475694591631604
1 0.5578125 0.4031770082678845 0.009375 0.03626488221398514
1 0.075 0.5645684422881189 0.0125 0.05043650961864685
1 0.6375 0.4777380094490109 0.0140625 0.04580357332097762
1 0.884375 0.4870856944807356 0.009375 0.05032738221398514
1 0.19375 0.5010466009109739 0.009375 0.04251488221398514
2 0.4 0.46571919220330094 0.015625 0.04429563702330856
1 0.4421875 0.4533084722403678 0.009375 0.04095238221398514
1 0.6671875 0.46498254910472453 0.0109375 0.044131945916316084
1 0.83515625 0.5520857011041576 0.0140625 0.06142857332097762
1 0.4296875 0.5990574818590146 0.01875 0.05690476442797028
1 0.2640625 0.5439037343060853 0.015625 0.053670637023308564
1 0.859375 0.5528024637180293 0.0140625 0.05674107332097762
1 0.5203125 0.583392787123825 0.021875 0.06013889183263181
0 0.9046875 0.8012201163504343 0.021875 0.08826389183263209
2 0.47421875 0.3209399163425853 0.0078125 0.026835318511654282
1 0.3671875 0.4043650299522489 0.0125 0.03793650961864685
1 0.3578125 0.40156741216623404 0.0125 0.03168650961864685
1 0.3171875 0.41236106842683623 0.0125 0.03793650961864685
1 0.303125 0.4128521417478139 0.0125 0.03793650961864685
0 0.2765625 0.4012797246874385 0.009375 0.039389882213985136
