1 0.4286574496600689 0.6200007078995927 0.011664851823611145 0.03195090684754511
1 0.6042393311189578 0.5837861983388688 0.010320557370694417 0.041225777297895935
1 0.35594730148368003 0.5934567967331109 0.010247822188333356 0.03810077729789594
1 0.5905405070307633 0.5690623642857127 0.010393292553055567 0.04435077729789594
1 0.592994013014687 0.5306809847360634 0.008830792553055567 0.04425064774824676
1 0.5565843875397217 0.5197527791528225 0.01991376291777769 0.05120155459579188
1 0.5645793787060065 0.4778959461794005 0.016861498100139018 0.05412629549649317
1 0.6821123708222219 0.45554247995570146 0.013736498100139017 0.05392603639719447
1 0.33957807228524256 0.5594019717792534 0.013518292553055566 0.04455103639719447
1 0.6093463648382981 0.4984296892395702 0.019986498100139017 0.05432655459579187
2 0.5313668352030204 0.4971861667220363 0.013736498100139017 0.05392603639719447
0 0.1398871968102773 0.5589373041343665 0.013591027735416716 0.04767603639719446
0 0.9225905940367356 0.5134598997600566 0.016861498100139018 0.05412629549649317
1 0.41383514950756906 0.4524522624953846 0.012246733282499988 0.05695090684754511
2 0.18974956497013876 0.1594589358434842 0.030379790653194495 0.09867733189368781
1 0.2230296179724302 0.4053931971022512 0.015589938829583438 0.06652616594684382
1 0.35707339038951336 0.6121066671834615 0.01021145459715278 0.03653827729789594
1 0.6247888736720134 0.5387845789682523 0.013591027735416716 0.04767603639719446
1 0.6457371533072912 0.5436828300479866 0.010247822188333445 0.03810077729789594
1 0.6324922708984717 0.5429714312200058 0.010429660144236052 0.04591327729789594
1 0.6375973449866661 0.5582459777962331 0.010320557370694417 0.041225777297895935
1 0.6482815782691662 0.5013952004983372 0.013591027735416716 0.04767603639719464
1 0.6543315565176732 0.5095884322997398 0.010320557370694417 0.041225777297895935
1 0.6570383292190967 0.5273569232004413 0.01028418977951393 0.03966327729789594
2 0.582109104770312 0.6296691972591347 0.006904616641249995 0.02852551819859741
