1 0.630098769374589 0.3513843172353726 0.040752269334818084 0.014015878424238615
1 0.6385396200668151 0.5401391639160247 0.03444772533418181 0.00885478174358667
1 0.6327361574235868 0.7122034180652096 0.043859088001272716 0.012690176764564676
1 0.5422067760184537 0.1769036128764063 0.05325226933481808 0.014963071785542814
1 0.6039715266947715 0.25261493051276424 0.037645450668363625 0.015341580083912554
1 0.5719317333704528 0.31653479793934075 0.043859088001272716 0.012690176764564676
1 0.6180089440642698 0.5198499747039054 0.03917158800127254 0.012334979254075585
1 0.5904095607097253 0.3616463883962155 0.045421588001272536 0.012808575934727706
1 0.4995889447803584 0.8746181398461079 0.05797613200190917 0.018443269296032128
1 0.5847975494111782 0.6172451929603189 0.04854658800127272 0.013045374275053766
1 0.5062329133513628 0.17105543196265677 0.05953863200190899 0.01856166846619489
1 0.4420255100254534 0.22082936640089126 0.05799431333545435 0.020005769296031862
0 0.6037315521164492 0.9028041846619491 0.04700226933481808 0.014489475104890914
1 0.4731038820416799 0.3426102006339887 0.05325226933481808 0.014963071785542858
1 0.5999503820814509 0.6449324850768676 0.04073408800127254 0.012453378424238614
1 0.522059002705271 0.32368352449412396 0.05016363200190917 0.0178512734452168
1 0.49433235001590836 0.15454243818643407 0.05953863200190899 0.01856166846619489
1 0.44849587539781516 0.5085661647412174 0.05797613200190917 0.018443269296031774
2 0.5452885120544065 0.4417473628764063 0.04700226933481808 0.014489475104890737
1 0.5332901407542687 0.6851538207598576 0.056377269334818084 0.015199870125868742
1 0.35482024275935936 0.7090971157761914 0.07209317600254535 0.024196361827499048
2 0.6423158640197263 0.19385615976683984 0.04077045066836362 0.015578378424238615
1 0.6577350627386785 0.579841203957981 0.037645450668363625 0.015341580083912731
