1 0.4024468172342773 0.7440377537130151 0.037645450668363625 0.013809528855940556
2 0.4000217985757769 0.6837723763083534 0.032939769334818084 0.012083337748947898
1 0.4472909813017287 0.2485268462712865 0.03453863200190917 0.015262901451278843
1 0.47610139855191436 0.8622818114248961 0.043895450668363624 0.014027783665263981
1 0.40902736529282 0.31284231741534596 0.03769999466899989 0.018497028855940557
1 0.5011741238860962 0.8569048306621898 0.043895450668363624 0.014027783665263981
1 0.4163098699077315 0.6945015451828274 0.03762726933481812 0.012247028855940556
1 0.40898881325591263 0.5848264448200077 0.036046588001272716 0.010629965153609611
1 0.4316434212285502 0.7872619640573013 0.04385908800127254 0.010902783665263982
1 0.4537195105824584 0.6364087921876025 0.04077045066836362 0.013918656260602269
1 0.4506592399347758 0.4964013510806099 0.03759090666772735 0.009122028855940555
1 0.43458934460536647 0.4669221822061359 0.043895450668363624 0.014027783665263981
1 0.4744672679026408 0.7340476840202343 0.045457950668363625 0.01408234736759475
1 0.4589910026257291 0.3177133558899333 0.04393181333545435 0.01715278366526398
1 0.555881447247004 0.6556077146902736 0.05330681333545435 0.01748016587924912
1 0.49000573997454655 0.20468756623421958 0.05018181333545435 0.01737103847458741
1 0.525670519971365 0.22938003138782928 0.05646817600254543 0.020714293283910834
0 0.41267415054109674 0.9397867633316619 0.036082950668363575 0.013754965153609789
1 0.41136257196850146 0.2464906311176768 0.03918976933481808 0.012301592558271412
2 0.35964553063336513 0.25797127894075855 0.029796588001272717 0.010411710344286184
1 0.3994705519573656 0.3281399352013608 0.037645450668363625 0.013809528855940556
1 0.40976842122855023 0.7864980722246694 0.03448408800127258 0.010575401451278842
1 0.39699953262254745 0.3389955896478645 0.037645450668363535 0.013809528855940556
