1 0.70625 0.34921875 0.0125 0.0390625
1 0.3 0.3875 0.0078125 0.04140625
1 0.1859375 0.4015625 0.0109375 0.040625
1 0.30625 0.39296875 0.009375 0.03984375
0 0.8703125 0.3890625 0.0109375 0.040625
1 0.63125 0.42265625 0.009375 0.0421875
1 0.7390625 0.3828125 0.00859375 0.0375
1 0.77109375 0.3765625 0.009375 0.040625
1 0.1375 0.50703125 0.0140625 0.06015625
1 0.5515625 0.55 0.01640625 0.05078125
1 0.8234375 0.4578125 0.009375 0.046875
2 0.6765625 0.375 0.009375 0.03984375
1 0.840625 0.43125 0.01328125 0.04765625
1 0.7171875 0.4296875 0.009375 0.04296875
1 0.2859375 0.3859375 0.00625 0.0375
1 0.3203125 0.4515625 0.01171875 0.04921875
1 0.51875 0.41875 0.0125 0.0484375
1 0.16484375 0.4453125 0.0125 0.05078125
1 0.584375 0.39296875 0.00859375 0.03984375
1 0.496875 0.4515625 0.009375 0.0484375
1 0.14765625 0.5484375 0.01953125 0.06328125
2 0.16640625 0.35 0.00859375 0.03203125
1 0.7734375 0.3546875 0.00859375 0.03359375
