1 0.5021380223174836 0.8662551442045021 0.042824169961943784 0.01832849784053181
1 0.6056052846375921 0.5220266779808032 0.03625583498097189 0.0101154796419344
1 0.5676251235728967 0.5510924167220362 0.03625583498097207 0.0101154796419344
1 0.5308254605310351 0.57068302591362 0.04269683596955502 0.015203497840531632
1 0.5758183310638204 0.34847855645071835 0.03475700197716627 0.011577850092285047
1 0.5581572816718425 0.5109680644702829 0.03788200197716627 0.011778109191583752
1 0.5775572445999735 0.3334846121262444 0.037754667984777515 0.008653109191583751
1 0.506948903230392 0.6959729225821324 0.04569450197716627 0.012278756939830337
1 0.4712409190105419 0.3771123010520475 0.04888316897336083 0.014041516039128954
1 0.494060289580508 0.5526735055555543 0.04725700197716627 0.012378886489479513
1 0.4501511917107738 0.09021307834994348 0.05350700197716627 0.012779404688076923
1 0.4768542490485979 0.36108678285345025 0.048819501977166266 0.012479016039128954
1 0.4342051285158126 0.5831410579918779 0.05038200197716627 0.012579145588778217
1 0.368039028668912 0.11270744448135747 0.06131950197716636 0.013280052436323509
1 0.4243207925462576 0.5712418352897737 0.05669566897336078 0.014542163787375629
1 0.4493074995800705 0.7615466602436312 0.0505093359695552 0.015704145588778216
2 0.1898211867678579 0.08339708359173079 0.08494800296574953 0.019469495681063355
1 0.36873936562705034 0.1298949444813575 0.0630730029657495 0.01806768198597286
1 0.49602994376230214 0.8893619771779242 0.04413200197716627 0.012178627390181163
1 0.49096044178513587 0.8802873658268723 0.04425933596955502 0.015303627390181162
0 0.6089159684397005 0.6032766779808032 0.03631950197716627 0.0116779796419344
1 0.6020810366147584 0.5316520018549266 0.03788200197716627 0.011778109191583752
