1 0.7103672690341354 0.6102206380347989 0.009520445745273776 0.02532738221398496
1 0.707442256933887 0.5759547654394606 0.015861349336070064 0.041170637023308386
1 0.3666899919067723 0.6097246525475872 0.012736349336070063 0.04106150961864685
1 0.498162705704223 0.5668600515517952 0.012718168617910664 0.03793650961864685
1 0.6767644286750558 0.6129562576349123 0.009629530054229462 0.04407738221398514
1 0.6715820249860638 0.5639284805930703 0.01437157220870695 0.05361607332097762
1 0.3823149919067723 0.6091790155242787 0.009638620413308985 0.04563988221398514
1 0.32649678396305415 0.5369245588081895 0.01594316256778665 0.055233137023308565
1 0.45589339247250643 0.5823957715147283 0.009638620413308985 0.04563988221398514
1 0.3124979164766115 0.5264781321291672 0.009684072208706951 0.05345238221398496
1 0.4183752117543472 0.586830300370669 0.01280907220870695 0.05356150961864685
1 0.35738316959986943 0.5983332847615723 0.009665891490547729 0.05032738221398514
1 0.09024112139526756 0.5998511778601486 0.011246572208706996 0.053506945916316086
1 0.6029956514494967 0.538204283495628 0.01907725292686635 0.05690476442797028
1 0.9481445249860638 0.5542707052805088 0.01280907220870695 0.05356150961864685
1 0.6355723229942739 0.44333572759784534 0.014435204722264316 0.06455357332097762
1 0.717339952580965 0.4857836332254754 0.019086343285945873 0.058467264427970275
2 0.8413966387600732 0.10652766444366871 0.020912463699254858 0.10383432813030113
2 0.47493428396305415 0.5317410070867581 0.01438975292686635 0.05674107332097762
1 0.7304171903825207 0.38612837360682867 0.022256795081343837 0.066388891832632
2 0.4396729739527915 0.685285158538037 0.009602258976990541 0.039389882213985136
1 0.4367888684684013 0.6439880359426986 0.015879530054229284 0.04429563702330856
1 0.32481610929501914 0.5572916225105203 0.01438066256778665 0.05517857332097762
1 0.4973041876520462 0.5801685834029607 0.01278180113146803 0.04887400961864685
