1 0.4515625 0.409375 0.00625 0.028125
1 0.721875 0.4453125 0.00859375 0.03046875
1 0.4609375 0.41953125 0.00703125 0.02578125
1 0.34375 0.4375 0.01015625 0.03515625
1 0.8125 0.496875 0.01171875 0.03515625
1 0.49609375 0.48203125 0.0078125 0.034375
1 0.38125 0.515625 0.01015625 0.03984375
1 0.78828125 0.49375 0.009375 0.0359375
1 0.6734375 0.5046875 0.0078125 0.0375
1 0.88125 0.63125 0.01953125 0.0484375
1 0.403125 0.7046875 0.015625 0.06015625
2 0.64921875 0.5375 0.01796875 0.04453125
1 0.3953125 0.53125 0.009375 0.0421875
1 0.6421875 0.56796875 0.01875 0.04375
1 0.928125 0.5703125 0.0203125 0.0453125
1 0.69453125 0.503125 0.0140625 0.04140625
0 0.1328125 0.46171875 0.01171875 0.034375
1 0.18046875 0.5703125 0.0109375 0.05078125
1 0.12265625 0.5953125 0.0171875 0.04921875
2 0.08359375 0.69296875 0.01640625 0.06015625
1 0.2609375 0.6703125 0.015625 0.05703125
1 0.8484375 0.68515625 0.0265625 0.05390625
1 0.60546875 0.428125 0.01015625 0.03203125
