1 0.62578125 0.4125 0.01640625 0.0453125
1 0.6125 0.4359375 0.0125 0.04921875
1 0.734375 0.3703125 0.01015625 0.03984375
1 0.459375 0.38984375 0.0109375 0.040625
1 0.478125 0.4453125 0.02421875 0.0484375
2 0.4171875 0.4140625 0.01328125 0.046875
1 0.79453125 0.37421875 0.0140625 0.040625
1 0.3890625 0.465625 0.02421875 0.04765625
1 0.696875 0.3640625 0.0109375 0.0375
1 0.6640625 0.3671875 0.0078125 0.0390625
1 0.1625 0.5234375 0.01953125 0.06328125
1 0.7421875 0.428125 0.0171875 0.0453125
1 0.27890625 0.596875 0.021875 0.06171875
1 0.778125 0.4015625 0.01875 0.04765625
1 0.534375 0.5796875 0.0328125 0.0625
1 0.19765625 0.534375 0.02890625 0.05703125
1 0.1390625 0.496875 0.0125 0.0578125
1 0.265625 0.43515625 0.0125 0.0484375
1 0.809375 0.4859375 0.01171875 0.0578125
1 0.84375 0.4484375 0.015625 0.05234375
1 0.4828125 0.44296875 0.0140625 0.04765625
2 0.7546875 0.3203125 0.009375 0.0390625
