1 0.5332202255337088 0.6488426495341247 0.03993658514929379 0.014775131541796327
1 0.6618208369140047 0.5629646046687397 0.03179630321830871 0.00963260523343692
1 0.5091271616717383 0.6381025706090468 0.04338936708027905 0.019644642065139807
1 0.6455074220632986 0.5744635467903493 0.03179630321830871 0.00963260523343692
1 0.5700260928660894 0.7412422521367257 0.04128056386197052 0.011741136803468066
1 0.6492765502914425 0.73963352048199 0.03804630321830871 0.00999662628012441
1 0.6325039495548083 0.8335809415569123 0.04128056386197052 0.011741136803468066
1 0.5518438114393073 0.8817916574266323 0.05087408514929379 0.015412168373499213
1 0.4149344012801782 0.7041987364928846 0.05152964901126431 0.024787168373499213
1 0.5814334864294721 0.7263452942301005 0.044514824505632156 0.013485647326811723
1 0.450229228964778 0.09624899957647699 0.0514203883676025 0.02322466837349917
1 0.6037569646379455 0.5782564047252093 0.04117130321830871 0.010178636803468066
1 0.6247693151224782 0.4114175152203182 0.04128056386197052 0.011741136803468066
1 0.302435857192922 0.25259146288594836 0.06781021287323466 0.03507222099021767
0 0.5750049898605413 0.17821090209437346 0.04462408514929379 0.015048147326811812
1 0.3359474797210827 0.30900806285771354 0.060686127723940865 0.022208199943530273
1 0.548392485421066 0.4318672521367257 0.05065556386197052 0.012287168373499214
1 0.5635475918576832 0.44831129949177234 0.04440556386197052 0.0119231473268119
1 0.5223091307491593 0.9267555469315237 0.0514203883676025 0.023224668373499215
1 0.477359447537996 0.23943755745486733 0.05934214901126431 0.025242194681858444
1 0.43713718321116335 0.7101603101562904 0.04237317029858776 0.027366136803468066
2 0.683126662428043 0.8676521046687397 0.03503056386197034 0.011377115756780753
1 0.5674688114393074 0.8827017100433509 0.054108345792955606 0.017156678896842692
