1 0.10701515280522926 0.540426849901178 0.015870439695149674 0.04309755261671846
1 0.443052125874258 0.44285098379146143 0.008021578258831142 0.03639252630835923
1 0.41671688485124836 0.48036639434303996 0.008021578258831142 0.03639252630835923
1 0.3997475534691592 0.5168653364646497 0.012745439695149763 0.0429155420933748
1 0.6181839360809124 0.4756998230987085 0.009574987899751619 0.034921031570031145
1 0.4573873366466465 0.49054503114650816 0.009593168617910663 0.03804603157003115
1 0.633014050542293 0.47422062308459106 0.006468168617910841 0.03786402104668731
1 0.27647822511213216 0.5385821707925735 0.008076120413308897 0.04576752630835923
1 0.5969225353187866 0.5798944994353027 0.011219301131468028 0.04907453683170289
1 0.4202691317279904 0.5539859048663838 0.009647710772388508 0.04742103157003115
1 0.8844770774732643 0.6060144675829229 0.009684072208706951 0.05367103157003115
1 0.6125111738824682 0.5745545520520212 0.009656801131468029 0.048983531570031144
1 0.39406115573209555 0.6133763154179622 0.009665891490547729 0.050546031570031145
1 0.8677713665044842 0.6878259097045325 0.009729524004104918 0.06148353157003115
1 0.40661569788657326 0.623479357511337 0.01126475292686635 0.05688703683170289
1 0.2151094539366974 0.5951437129565356 0.01279089149054773 0.0507280420933748
2 0.9094235770804808 0.8667545465080007 0.01455337939029917 0.08519404735504636
1 0.8505838665044841 0.6868248518261423 0.01442611436318444 0.06331904735504672
1 0.08439980942108753 0.5461385236069362 0.009629530054229285 0.04429603157003115
1 0.09380208049832639 0.5513720551769673 0.012754530054229284 0.0444780420933748
0 0.3618021258742579 0.4381187101845253 0.009584078258831142 0.03648353157003115
1 0.43369985177195697 0.4462112022214303 0.009593168617910841 0.03804603157003115
