1 0.721642383678522 0.6156226791168301 0.00807010523343692 0.03176018303053816
1 0.4624493942018656 0.5975750833494973 0.00797909997176518 0.03019768303053816
1 0.46095551266006946 0.5585763562283145 0.008252115756780753 0.034885183030538156
1 0.5612586205243424 0.5986429889592901 0.00807010523343692 0.03176018303053816
1 0.7692237679923284 0.5114292577552215 0.014866136803468067 0.041645366061076314
1 0.3260267758142491 0.5514498981929272 0.011377115756780753 0.03514027454580724
1 0.8036967495058898 0.5826664000290951 0.011650131541796328 0.03982777454580706
1 0.13347598379146144 0.44942565727678296 0.011923147326811767 0.04451527454580724
1 0.40457671004335094 0.5384234818322884 0.00999662628012441 0.038137728788172606
1 0.6452171205949295 0.5316305742656414 0.010178636803468066 0.04126272878817261
2 0.9609962261107151 0.29304527488416293 0.029095236775233246 0.07235323212215264
1 0.23961259172632152 0.41610258743238315 0.011832142065139984 0.04295277454580724
2 0.44360911796409364 0.5143959215307865 0.014775131541796327 0.04008286606107632
1 0.948767783847931 0.4568846342772794 0.014031678896842693 0.05401782030344186
0 0.15547208113239064 0.4799900021260319 0.01624662628012441 0.038647911818710766
1 0.5020131521649607 0.5292713645632642 0.00999662628012441 0.038137728788172606
1 0.42204566012805544 0.45121039531798923 0.010542657850155379 0.04751272878817261
1 0.8921915601562904 0.46004171412361894 0.023224668373499215 0.05165809484924892
1 0.6818224785297896 0.49263171820650486 0.01201415258848364 0.046077774545807235
1 0.6337504576242765 0.33475557426564145 0.022026189420186526 0.05778054909161447
1 0.23534304970353387 0.3294476103112004 0.015776189420186527 0.057270366061076314
1 0.7757405365493544 0.3696721924527496 0.01926521046687384 0.0637754575763454
1 0.7357048836785219 0.6167705909355409 0.008161110495108837 0.03332268303053816
