1 0.5536214663315334 0.3506973532448949 0.01271816861791084 0.03757272287263689
1 0.6789078126425414 0.3991888745185255 0.009602258976990541 0.039117042154477664
1 0.686066327669656 0.42102296790266724 0.009574987899751619 0.03442954215447767
1 0.7132646319243822 0.3958638866187739 0.009620439695149585 0.04224204215447776
1 0.5600669090517452 0.3842547418085765 0.009629530054229285 0.04380454215447767
1 0.33499418617910826 0.37306375351604143 0.009593168617910841 0.03755454215447766
2 0.1239839633064713 0.3617909519917898 0.011164758976990452 0.039126132513557364
1 0.6700049904338343 0.3461138714934634 0.008030668617910842 0.037545451795398053
0 0.8476032704880637 0.3888321157379268 0.009629530054229462 0.04380454215447767
1 0.17447484269677066 0.4458750605012421 0.008076120413308897 0.04535795179539796
1 0.7611299601832133 0.43152413066684564 0.009647710772388508 0.046929542154477845
1 0.7423254180287356 0.42225821497580107 0.009647710772388508 0.046929542154477664
1 0.39118509884509073 0.3625802505891752 0.008039758976990363 0.039107951795398145
1 0.12757711679907163 0.4422415212736306 0.019068162567786606 0.05479658430895533
1 0.43996348731057644 0.42089219945770706 0.012772710772388507 0.04694772287263689
2 0.5233117976154268 0.37821836524694746 0.014298849336070063 0.040706813231716585
1 0.8277180173648058 0.46238779040596184 0.012836343285945873 0.057885222872636886
1 0.6255828247427898 0.36512294672723256 0.009620439695149585 0.04224204215447767
1 0.3721447282353901 0.4470688800776704 0.014335210772388507 0.04695681323171641
1 0.1793396046988232 0.47631653942400315 0.012790891490547773 0.050072722872636886
1 0.45407195998682165 0.5630024314055303 0.026898843285945873 0.05796703610435365
1 0.7026225685944697 0.44670876913233126 0.01746930113146803 0.04853749394987581
1 0.5582226079202771 0.3358263321676561 0.009565897540672098 0.032867042154477666
