0 0.446875 0.9427287390884039 0.0484375 0.0191611768820259
1 0.41875 0.43137474501990314 0.0375 0.01402800790866543
1 0.44296875 0.28195040657889 0.046875 0.014410009885831698
1 0.453125 0.42528657110362644 0.04375 0.012720175893442941
1 0.43671875 0.15876757456366758 0.0421875 0.017344008897248565
1 0.4140625 0.5628157460084863 0.0421875 0.011094008897248564
1 0.45 0.5543201550960152 0.046875 0.011285009885831698
1 0.5609375 0.46308104836621344 0.0578125 0.013293178859192522
1 0.46171875 0.6679051526245573 0.053125 0.01778967787060921
1 0.5015625 0.1670628942216003 0.053125 0.0209146778706093
1 0.478125 0.1758303991645162 0.05 0.014537343878220543
1 0.4828125 0.38970189817593304 0.04375 0.018970175893442943
1 0.4859375 0.5786370641835443 0.05 0.011412343878220455
1 0.46953125 0.6105555676435854 0.046875 0.012847509885831698
1 0.6078125 0.4627335384803818 0.05625 0.022604511862997965
1 0.4796875 0.6960792321683218 0.05 0.014537343878220454
1 0.55625 0.10780329935479663 0.0625 0.019734179847775656
1 0.578125 0.7569119614080752 0.059375 0.0149193458553869
1 0.52734375 0.042574888784392875 0.059375 0.01804434585538688
2 0.52578125 0.6113885557805873 0.0578125 0.014855678859192523
1 0.66328125 0.7971921101154809 0.071875 0.026366181824941926
1 0.44375 0.6725435730807928 0.046875 0.011285009885831698
2 0.3515625 0.5716124258562619 0.034375 0.010775673916276674
