1 0.57890625 0.41875 0.00703125 0.034375
1 0.3578125 0.4421875 0.0109375 0.0375
1 0.3375 0.4390625 0.0125 0.0359375
1 0.615625 0.421875 0.00625 0.0359375
1 0.65 0.475 0.01015625 0.0390625
1 0.528125 0.4671875 0.0109375 0.04375
1 0.85 0.56171875 0.01796875 0.04375
2 0.58046875 0.496875 0.009375 0.04453125
1 0.3640625 0.5515625 0.0125 0.05234375
1 0.1515625 0.55703125 0.0109375 0.05703125
1 0.5828125 0.553125 0.01171875 0.05
1 0.378125 0.5578125 0.01484375 0.05
1 0.1359375 0.62734375 0.01328125 0.06015625
1 0.1484375 0.6171875 0.0140625 0.06484375
2 0.1125 0.81484375 0.0140625 0.08515625
1 0.7109375 0.5328125 0.009375 0.0484375
1 0.56015625 0.63046875 0.0140625 0.06328125
1 0.603125 0.6171875 0.0171875 0.05390625
1 0.78359375 0.6078125 0.0203125 0.05703125
2 0.4828125 0.346875 0.00625 0.0234375
1 0.928125 0.5453125 0.0109375 0.0484375
1 0.9375 0.553125 0.01484375 0.034375
0 0.675 0.4125 0.01171875 0.04140625
