1 0.4451032965843541 0.3637990568672068 0.013810194482076099 0.025582196856846907
1 0.30425364653892556 0.45572334532805153 0.011504066033373572 0.04106164764263518
1 0.22760593735752846 0.4726069383797915 0.011585953188503329 0.04262414764263518
1 0.5177086369279872 0.4042741995474432 0.012739017412854636 0.034884422249741046
1 0.5799629754625979 0.3966757152632089 0.011258404567984215 0.036374147642635093
1 0.10472503731209992 0.5636943188589189 0.015120388964152066 0.05058219685684691
1 0.6637038896415206 0.4703079603008102 0.016437227498762752 0.04596747146395277
1 0.9115205919255128 0.47677832237808476 0.011995388964152198 0.05043664764263518
1 0.22036332541716935 0.4987884487188737 0.01158595318850324 0.04262414764263518
2 0.4251393566248338 0.4610572005809005 0.017917840343632994 0.04447774607105863
1 0.4667536465389256 0.4481547861890423 0.011504066033373662 0.04106164764263518
1 0.6927772359780475 0.4572064927657989 0.013230340343633174 0.04425942224974104
1 0.8656182717082677 0.5423519725019192 0.017256099050060314 0.061592471463952594
1 0.4618691519659925 0.5940494830458892 0.021697937584671045 0.05712329528527036
1 0.2930505529159322 0.5408260913991101 0.018409163274411534 0.05385274607105863
1 0.8899189088633974 0.5427864660917784 0.017010437584671224 0.05690497146395259
1 0.5518390547249544 0.5773285558337495 0.02498671189493056 0.06039384449948208
0 0.9483333536841577 0.7906760024857086 0.02646068068726599 0.08851884449948208
2 0.49190637550802646 0.3154129067433723 0.009204581637205677 0.026926373035529316
1 0.38905137041964377 0.40008546733012357 0.01446529172311406 0.03808219685684686
1 0.37951259610938426 0.39739711497275865 0.014137743102595034 0.031832196856846906
1 0.33937891904016276 0.4086642547575109 0.014465291723113971 0.038082196856846905
1 0.3253164190401628 0.40931922622146366 0.014465291723113971 0.038082196856846905
0 0.2980988217991247 0.3980563945422632 0.011422178878243728 0.03949914764263509
