2 0.2402111869138123 0.6444420030800428 0.044460395020978184 0.010902783665263982
1 0.3055340692867431 0.3302629411918106 0.04133539502097818 0.01079365626060227
1 0.32887832613522033 0.24961314191744996 0.05071039502097818 0.011121038474587407
1 0.34245280621448854 0.4012674111547437 0.05563469336130424 0.014409729581580022
1 0.3340124215664726 0.42995540634542023 0.049621491701630216 0.01731647477225664
1 0.4346547294545683 0.2595734736759482 0.0636839917016303 0.01780754809323426
1 0.27262279044294163 0.5578423041685021 0.041808991701630306 0.017043656260602093
1 0.3655081074545996 0.5932019400106843 0.05395379419114121 0.012792665879249121
1 0.36979747882986835 0.3505233666897065 0.05395379419114121 0.012792665879249121
2 0.3955204518601666 0.3005060085223385 0.06489129419114122 0.013174611795565117
1 0.4507174373380195 0.2750174244015876 0.06969719336130424 0.014900802902557686
1 0.4360699838042458 0.5510169292109109 0.07485829004195636 0.021314494009550343
1 0.46696017321685784 0.815290249536664 0.0793089917016303 0.018353185116542648
1 0.5108172555990773 0.12280264917384413 0.08110829004195637 0.021532748818873636
1 0.3612331593194106 0.6909673174153459 0.0640391892121193 0.02249504809323426
1 0.7107614078695181 0.6060417682258035 0.10142079004195637 0.022242076949174815
1 0.44210741886718025 0.5230283384667381 0.06825309253146727 0.01640873920022674
1 0.40295628879255646 0.18170144482000766 0.0669273908717933 0.019479175497895927
1 0.4873564448111967 0.10161712993655043 0.07642079004195637 0.0213690577118811
1 0.6279213226107354 0.15900802240215461 0.08759508838228243 0.024876003628197106
1 0.5963725568391884 0.3169197261230189 0.0886839917016303 0.018680567330527965
1 0.589866138172501 0.09266377058805607 0.08579579004195637 0.02169643992586623
