1 0.3634867688202614 0.5003854135632887 0.044259335969555204 0.014537688998964172
1 0.35250945954245194 0.61372016749223 0.0395718359695552 0.014319365177646403
2 0.33250738836446336 0.27592906906380665 0.041007001977166356 0.011267139784752267
1 0.3785307900747996 0.6016760858130297 0.041007001977166356 0.011267139784752267
1 0.37677463049297905 0.6351242865988179 0.0411343359695552 0.014392139784752267
1 0.3562446131927735 0.5522925159206535 0.037945668973360734 0.01268409057054054
1 0.3641340731551549 0.363176511991712 0.04107066897336074 0.012829639784752267
1 0.388006607755566 0.5280395326698765 0.04119800296574958 0.015954639784752443
2 0.4236668765386463 0.6185939121155466 0.05669566897336065 0.0135573858558109
1 0.39824240669043315 0.7601071699734294 0.05050933596955511 0.01482878742738727
1 0.43386423030269866 0.71576001054397 0.05057300296574958 0.016391287427387446
1 0.47016116904772287 0.8219393899896399 0.06001166996194378 0.01839043507002245
1 0.4002917490485979 0.4085275533480409 0.053634335969555066 0.014974336641599173
1 0.43553681824942014 0.7376713978475229 0.05369800296574958 0.016536836641599172
1 0.7706970909496521 0.4663273606250232 0.09145267095052709 0.024533427212139712
1 0.5567008469183321 0.8789942187733564 0.06951400395433253 0.02195208271265763
1 0.4806106018240669 0.5042810090962279 0.05838550296574958 0.016755160462916762
1 0.5288147025851886 0.19461921877335636 0.07094916996194378 0.01889985731976358
1 0.5539286739906387 0.8492339441662505 0.07458350593149916 0.0315454065339754
1 0.7472674971086126 0.8098932700544828 0.08657416996194396 0.019627603390822302
1 0.4143967169196447 0.2571298732404171 0.05982066897336082 0.013702935070022626
1 0.5479784684397006 0.6649317187733563 0.06645267095052709 0.02336903349844608
