1 0.35822260792027705 0.330770689210833 0.009629530054229285 0.04396820554708336
1 0.231851005460949 0.36652896409645813 0.01435339149054773 0.050327308320625
1 0.32381124648395854 0.3253207762168053 0.011192030054229285 0.04400457313826393
1 0.24423283079291397 0.3459255233670137 0.011210210772388507 0.047129573138263936
1 0.47267144818116086 0.3945221050546524 0.01751475292686635 0.05665004350298615
1 0.5967447524358869 0.3666308815557981 0.019040891490547728 0.05043641109416672
1 0.4254691952542945 0.3393631327900691 0.012790891490547907 0.05029094072944442
1 0.5555839421310366 0.40978212272208286 0.019022710772388506 0.04731141109416672
1 0.3883373547970191 0.4035172049784025 0.01437157220870695 0.053452308320624954
1 0.3353214391059745 0.42350370307854135 0.01907725292686626 0.05668641109416672
1 0.810239625874258 0.3983854553596521 0.017532933645025395 0.059775043502986146
1 0.19148053551517832 0.41122452146715266 0.011282933645025483 0.05962957313826389
1 0.40921293617910826 0.3655262424974649 0.01594316256778665 0.05505117591180557
1 0.46675831234795384 0.5868732592149649 0.022274975799503237 0.06925914627652788
1 0.20108733967170855 0.45085006592006927 0.019131795081343928 0.06606141109416672
1 0.3000015626425414 0.3961969738801039 0.01594316256778665 0.05505117591180557
2 0.5133918969514968 0.40998279768395796 0.02530907220870695 0.05370688145888884
1 0.8454191226528043 0.5358666183536799 0.026980656517662283 0.07249324905006951
1 0.6220907069617596 0.5598171838924995 0.030087475799503237 0.06944098423243047
1 0.917080499214433 0.49747495915937423 0.026962475799503238 0.06936824905006951
1 0.24221685460062736 0.5366232585493748 0.026944295081343928 0.06624324905006951
2 0.31264648750696816 0.2865128493550692 0.012736349336070063 0.04091594072944442
