1 0.3169469748570745 0.3911380233951746 0.012356156260602269 0.04126203683170289
1 0.5050099700477511 0.39585415742663244 0.007450401451278843 0.034739021046687316
1 0.6779390385594054 0.41372273884137184 0.010902783665263982 0.044296031570031105
1 0.15197922848527162 0.4672924577654509 0.012792665879249121 0.053762036831702886
1 0.22094499409436824 0.41049569717152 0.013809528855940556 0.038228042093374805
1 0.28849708184331624 0.44717592079257357 0.010902783665263982 0.04429603157003115
1 0.48696929817805223 0.41507459428657023 0.010739092558271324 0.03960853157003115
1 0.33161959926651136 0.4317553181193853 0.01095734736759484 0.04585853157003115
1 0.8553150488110244 0.5589350702561111 0.0160813569862416 0.05863154735504672
1 0.5881696996293311 0.45527393103356867 0.011066474772256463 0.048983531570031144
1 0.15010919363888128 0.5030479472421072 0.016135920688572548 0.06019404735504672
1 0.20706108728561184 0.5710768814006218 0.017643856986241623 0.05872255261671846
0 0.8719990626060226 0.4562118886578451 0.012574411069925517 0.04751203683170289
1 0.32555562694132556 0.5483512839185183 0.012792665879249121 0.053762036831702886
1 0.6142138444571879 0.44197727048199004 0.01079365626060209 0.041171031570031144
1 0.3011806203179036 0.49781295762427646 0.015808538474587408 0.05081904735504672
1 0.1348934214063627 0.5138566446253886 0.016135920688572548 0.06019404735504672
1 0.49445195988095014 0.5846968495482422 0.0160813569862416 0.05863154735504672
2 0.4168229784852716 0.48271784961882924 0.012574411069925694 0.04751203683170289
1 0.6618725836574147 0.5118039230704736 0.012901793283910834 0.05688703683170289
1 0.7056201275742977 0.6928942993505981 0.0212599303072194 0.0729670631400623
2 0.15786215153609684 0.36783848933548197 0.013918656260602269 0.0413530420933748
1 0.5426364556197808 0.37933378633759274 0.013809528855940556 0.038228042093374805
