2 0.36614583333333334 0.2884259259259259 0.008333333333333333 0.04351851851851852
1 0.6817708333333333 0.32916666666666666 0.008333333333333333 0.041666666666666664
1 0.7625 0.34675925925925927 0.009375 0.05092592592592592
1 0.61171875 0.37175925925925923 0.013020833333333334 0.05462962962962963
1 0.5825520833333333 0.36574074074074076 0.015104166666666667 0.04814814814814815
1 0.75625 0.4537037037037037 0.015625 0.06296296296296296
1 0.45286458333333335 0.3138888888888889 0.016145833333333335 0.040740740740740744
1 0.42109375 0.4090462962962963 0.0109375 0.05227777777777778
1 0.66328125 0.39537037037037037 0.0109375 0.053703703703703705
2 0.7145833333333333 0.41712962962962963 0.011458333333333333 0.06388888888888888
1 0.74140625 0.4699074074074074 0.013020833333333334 0.06944444444444445
1 0.465625 0.47638888888888886 0.01875 0.07314814814814814
1 0.20286458333333332 0.5273148148148148 0.016145833333333335 0.07685185185185185
1 0.8953125 0.5185185185185185 0.017708333333333333 0.07962962962962963
1 0.3234375 0.412962962962963 0.019791666666666666 0.06296296296296296
1 0.4197916666666667 0.7541666666666667 0.017708333333333333 0.09907407407407408
1 0.49322916666666666 0.48055555555555557 0.013541666666666667 0.06666666666666667
1 0.8328125 0.4162037037037037 0.016666666666666666 0.06574074074074074
1 0.9158854166666667 0.49398148148148147 0.018229166666666668 0.075
1 0.86328125 0.638425925925926 0.022395833333333334 0.08611111111111111
1 0.7046875 0.6189814814814815 0.015625 0.08796296296296297
1 0.9283854166666666 0.5949074074074074 0.019270833333333334 0.08425925925925926
