1 0.4045127645877794 0.66597032225341 0.03157754862051902 0.007887743102595124
1 0.4149810323393182 0.4067590965636695 0.030015048620519024 0.00780585594746519
1 0.4540025887617533 0.4054931676854256 0.034702548620519025 0.008051517412854637
1 0.416812447988579 0.5056093543655855 0.03157754862051902 0.007887743102595124
1 0.510281407735803 0.7141854149718923 0.04128009724103805 0.014629066033373661
1 0.4571795776804769 0.27054163557325006 0.034866322930778536 0.011176517412854548
1 0.4399346082107728 0.7482571997976013 0.03955382293077854 0.011422178878243728
1 0.5537247862960472 0.07849689846354883 0.04424132293077854 0.011667840343633041
1 0.47253458276885957 0.3492055461341282 0.03790943577564878 0.00977779172311406
1 0.486404573723748 0.5900009644969224 0.04103443577564878 0.00994156603337366
2 0.7346694968362406 0.9073301481248646 0.07170458163720568 0.03024742198083885
1 0.5902211290145294 0.18487969527504552 0.042678822930778536 0.011585953188503284
2 0.49774926673548603 0.3883975209193575 0.03971759724103805 0.014547178878243727
1 0.5701909170080571 0.8941351865686183 0.05369821008590829 0.013721663274411355
0 0.5237540032793604 0.10032431083344924 0.03823698439616781 0.01602779172311406
1 0.4845631919956852 0.4467422874277009 0.03790943577564878 0.00977779172311415
1 0.5604097190194782 0.3671942282917323 0.0472844357756486 0.010269114653892509
1 0.5653672981702931 0.8375133723442669 0.05106453301668683 0.022932888964152198
1 0.5265448948455042 0.6268525113084191 0.04580382293077854 0.011749727498762751
1 0.683279573723748 0.5796831829505736 0.057232645861557074 0.021697937584671045
1 0.6768989354369646 0.1811162081653443 0.05690509724103805 0.015447937584671046
1 0.6524722297620704 0.72153649027752 0.06331887155129756 0.01890048620519007
1 0.40377578019161164 0.68003282225341 0.03314004862051902 0.007969630257724703
