2 0.13277891502399325 0.33775338478028055 0.0116779796419344 0.03642882293077854
1 0.32695971160022064 0.35341708559393464 0.014702850092285048 0.03503009724103805
1 0.3385282672757467 0.35637498925740785 0.011778109191583752 0.03799132293077854
1 0.7324983127722399 0.3613446087725404 0.010215609191583753 0.03790943577564878
1 0.6910222116002206 0.37249679273916686 0.011878238741233105 0.03955382293077854
1 0.2457202035806562 0.3734595906823174 0.011778109191583752 0.03799132293077854
1 0.35675783313030546 0.3777110786965297 0.015103368290882279 0.04128009724103805
0 0.8841318615079355 0.4171076871303859 0.015503886489479512 0.04753009724103805
1 0.7038528786267987 0.3802240835577697 0.010616127390180984 0.04415943577564878
1 0.3384293352897738 0.4190797071452321 0.012178627390180986 0.044241322930778496
2 0.5805958513289028 0.3831709418800842 0.013741127390180985 0.044323210085908296
1 0.5559963695275 0.3756107473980082 0.008853368290882457 0.04095254862051902
1 0.5213314728589875 0.4027973671402834 0.013440738741233105 0.03963571008590829
1 0.603493130786267 0.4172936363621602 0.013741127390180985 0.044323210085908296
1 0.5612055012366177 0.41664518317365695 0.012378886489479513 0.04736632293077854
1 0.7785839659191574 0.4617440784693871 0.017266645588778218 0.050736984396167806
1 0.760725837449242 0.4835405133405247 0.018628886489479513 0.04769387155129756
1 0.11887829889257921 0.4201155054270669 0.015904404688076922 0.05378009724103805
1 0.43340187384643675 0.45384421076327686 0.011016645588778217 0.0504094357756486
1 0.15501845311923082 0.5411583457707 0.02003070018457014 0.06956887155129757
1 0.1347850987080091 0.4899300384437537 0.01640505243632351 0.06159259724103805
1 0.363973148523439 0.5709221681356516 0.022554922886674156 0.06035764586155708
