1 0.35625 0.3390625 0.01015625 0.04453125
1 0.2296875 0.371875 0.0140625 0.05
1 0.321875 0.3328125 0.0109375 0.04375
1 0.2421875 0.3515625 0.0109375 0.046875
1 0.4703125 0.40546875 0.0171875 0.05546875
1 0.59453125 0.38046875 0.01796875 0.05
1 0.4234375 0.34921875 0.01328125 0.05
1 0.553125 0.42265625 0.01875 0.04765625
1 0.3859375 0.4125 0.0140625 0.05234375
1 0.3328125 0.43125 0.01875 0.05546875
1 0.8078125 0.4171875 0.0171875 0.06015625
1 0.1890625 0.415625 0.0109375 0.05859375
1 0.40703125 0.375 0.015625 0.0546875
1 0.46328125 0.59765625 0.021875 0.06953125
1 0.1984375 0.45546875 0.01796875 0.06484375
1 0.29765625 0.403125 0.01640625 0.0546875
2 0.5109375 0.421875 0.025 0.05234375
1 0.8421875 0.55546875 0.0265625 0.07265625
1 0.61875 0.57421875 0.0296875 0.06875
1 0.9140625 0.51875 0.0265625 0.06796875
1 0.2390625 0.5421875 0.0265625 0.06484375
2 0.3109375 0.29375 0.01171875 0.040625
