1 0.7140625 0.36484375 0.009375 0.02578125
1 0.7109375 0.39921875 0.015625 0.040625
1 0.3703125 0.37734375 0.0125 0.03984375
1 0.5015625 0.415625 0.0125 0.0375
1 0.68046875 0.36328125 0.01015625 0.04375
1 0.675 0.4125 0.0140625 0.05234375
1 0.3859375 0.37734375 0.01015625 0.0453125
1 0.3296875 0.4515625 0.01484375 0.0546875
1 0.459375 0.4015625 0.01015625 0.0453125
1 0.315625 0.4625 0.01015625 0.05390625
1 0.421875 0.3984375 0.01328125 0.05234375
1 0.3609375 0.3890625 0.01015625 0.05078125
1 0.09375 0.396875 0.0109375 0.053125
1 0.60625 0.440625 0.01796875 0.05703125
1 0.9515625 0.4125 0.0125 0.05234375
1 0.63828125 0.534375 0.0140625 0.0640625
1 0.7203125 0.4890625 0.01875 0.0578125
2 0.8421875 0.8640625 0.0203125 0.10234375
2 0.478125 0.4515625 0.0140625 0.05546875
1 0.7328125 0.58828125 0.021875 0.065625
2 0.44375 0.29921875 0.009375 0.0390625
1 0.440625 0.340625 0.01640625 0.04453125
1 0.328125 0.43125 0.0140625 0.0546875
1 0.50078125 0.40234375 0.01171875 0.0484375
