1 0.5537259890464333 0.71875 0.03795464106622681 0.015625
1 0.6100716142775425 0.5609375 0.033085284639735944 0.009375
1 0.5433795224325282 0.7390625 0.03942621285298138 0.0125
2 0.5315207169431095 0.6 0.04402278463973595 0.009375
1 0.5362322636570396 0.815625 0.040897784639736125 0.009375
1 0.5995887553437693 0.5765625 0.03621028463973595 0.009375
1 0.5119212707831755 0.59765625 0.04402278463973612 0.009375
1 0.4764601100544004 0.909375 0.04723871285298138 0.0125
1 0.577735172736462 0.3625 0.04080685642649069 0.00625
1 0.4975167561351922 0.88125 0.05036371285298138 0.0125
1 0.581860383082161 0.396875 0.03777278463973612 0.009375
1 0.35166545157021034 0.1109375 0.06906824874635875 0.0109375
1 0.4599592686716045 0.771875 0.05348871285298138 0.0125
1 0.4621028463973609 0.09375 0.05353417695960409 0.0140625
1 0.48231502414838784 0.4125 0.05339778463973612 0.009375
1 0.41632161427754255 0.5609375 0.0597841769596041 0.0140625
1 0.3416539540774928 0.0890625 0.06911371285298147 0.0125
1 0.4194609861434394 0.58828125 0.053625105172849484 0.0171875
1 0.47339466521461465 0.428125 0.05036371285298138 0.0125
2 0.16257420783841653 0.05625 0.09264214106622681 0.015625
1 0.5647998813663013 0.7234375 0.040897784639736125 0.009375
0 0.6020438171013941 0.6609375 0.03482964106622681 0.015625
1 0.5993387027573446 0.56796875 0.03777278463973612 0.009375
2 0.6763210884132951 0.475 0.02830685642649069 0.00625
