1 0.4986572594038405 0.501962659982543 0.011377590992986342 0.032015274545807236
1 0.46565499228497736 0.4771698251352337 0.013440738741233105 0.039955320303441864
1 0.6628408729143608 0.4414402639156477 0.011778109191583752 0.038265274545807235
1 0.7762420388612047 0.44631946936596123 0.01197836829088228 0.04139027454580724
0 0.18744035471576354 0.47396417423654646 0.012178627390180986 0.04451527454580724
1 0.17138575570321263 0.4195157902976227 0.013340609191583707 0.03839282030344186
1 0.6737492921004071 0.3910736020969369 0.012178627390180986 0.04451527454580724
1 0.49616451264304295 0.43855386422490844 0.011978368290882457 0.04139027454580724
1 0.3434190468807692 0.505995939988362 0.0085529796419344 0.03644768303053816
1 0.7957849784053167 0.3591224872438086 0.015503886489479512 0.04789536606107632
1 0.4127617273255826 0.4115924936219043 0.015303627390181162 0.04477036606107632
2 0.5495293445367307 0.4624698542229688 0.011778109191583752 0.038265274545807235
1 0.7214253284976018 0.39974722936790086 0.00895349784053181 0.042697683030538156
1 0.3040504565060916 0.2838179221105146 0.012979663787375629 0.05701527454580724
1 0.351344563538207 0.3600616866543821 0.012579145588778217 0.05076527454580724
1 0.7497529827242534 0.2780636769423065 0.012979663787375629 0.05701527454580724
1 0.606224225784423 0.24423029512941472 0.016304922886674334 0.06039536606107632
1 0.8826446283130316 0.3174773790586401 0.016104663787375628 0.057270366061076314
2 0.8765682017257296 0.1491259917857365 0.021693329734219446 0.07171550333397989
2 0.4139503948135859 0.5772015181677116 0.007751943244739756 0.02394768303053816
1 0.5166353038205995 0.5374059524061977 0.011377590992986342 0.03201527454580706
1 0.568358490125509 0.5111943966466235 0.011577850092285047 0.03514027454580724
1 0.732571184449983 0.5001458420949974 0.010015350092285047 0.03501272878817261
1 0.7275332310262103 0.4950597293679008 0.009815090992986341 0.03188772878817261
