1 0.5842016757156575 0.45370958250326077 0.025947193361304244 0.013664393713693634
1 0.5100565485408187 0.30443086641599154 0.04133539502097818 0.011267139784752267
1 0.5026360574638884 0.22646853225559171 0.04289789502097818 0.01133991439185813
1 0.5351237130583214 0.5219843935042967 0.03520379419114121 0.012538541356328814
1 0.5350752462518005 0.5847027173256143 0.036647895020978184 0.011048815963434678
1 0.4271293398321749 0.0951585661683225 0.050947193361304245 0.014828787427387446
1 0.45169313857348625 0.6607878742738744 0.046378092531467276 0.016172963606069856
1 0.41501731968772837 0.906825966292157 0.05071039502097818 0.011703787427387624
1 0.477506002899785 0.21667400123834507 0.04289789502097818 0.01133991439185813
2 0.4900023124382658 0.4242339441662505 0.0449339917016303 0.017662688998963994
1 0.49774303484386423 0.4669308664159916 0.04133539502097818 0.011267139784752444
1 0.46116230434038885 0.6910211838271683 0.04457879419114121 0.012975188998963993
1 0.3554656435478637 0.8546598447043697 0.062003092531467276 0.01690070967712849
1 0.3533777282051684 0.4476628279551468 0.05767079004195628 0.0213698858558109
1 0.42686554024244894 0.2848760376322752 0.0543089917016303 0.018099336641599174
1 0.3520679564103368 0.8788058200972639 0.05731559253146727 0.016682385855811076
1 0.35901057633571304 0.5388700248119936 0.061032588382282336 0.024640435070022625
0 0.09863438047560913 0.9124743829603268 0.08915758838228234 0.02595037799792834
2 0.6265658518555222 0.5050751834128835 0.02715449585081515 0.009049668320799498
1 0.5549886950116895 0.39433242845048483 0.03844719336130424 0.014246590570540629
1 0.5588240900326674 0.3851029776646965 0.03219719336130424 0.013955492142117087
1 0.5525274684569061 0.3440413300220614 0.03844719336130424 0.01424659057054054
1 0.5535930609883734 0.3299788300220614 0.03844719336130424 0.01424659057054054
0 0.5681058468811447 0.3039985268789082 0.03977289502097818 0.011194365177646404
