1 0.5648024342511176 0.3174464174092692 0.031359094155801334 0.006613626670908879
1 0.5724548417168741 0.5768577800763601 0.029796594155801336 0.006595445337363515
1 0.5333787049473989 0.5756219967377241 0.03448409415580134 0.006649989337999785
1 0.5636917219935275 0.4775572140754056 0.031359094155801334 0.006613626670908879
1 0.4552677471573309 0.26227656472786076 0.04084318831160268 0.012972714672181595
1 0.5396441160666032 0.7108237000715876 0.034538641233702094 0.009774989337999784
1 0.5234859131477994 0.2326077934038604 0.03922614123370209 0.009829533338636143
1 0.4561981907406441 0.8973146360598154 0.043913641233702096 0.009884077339272324
1 0.518721915580136 0.6309089334022696 0.03763636769475163 0.00824885200509069
1 0.4879320170428333 0.388412350731997 0.040761367694751624 0.008285214672181596
2 0.2165250267853612 0.05407152402927138 0.07074887662320543 0.02581816000954502
1 0.41211517978359546 0.7882299900540884 0.042351141233702094 0.00986589600572696
2 0.4906690535674271 0.5899657600652242 0.039280688311602675 0.012954533338636054
1 0.382531856330666 0.07787374538508854 0.053315914772652385 0.01155566534054513
0 0.4847498847342897 0.8773384907304063 0.03774546185055314 0.014498852005090868
1 0.49981618262626454 0.5322714387332697 0.03763636769475163 0.00824885200509069
1 0.429263949265356 0.6072163473901793 0.04701136769475163 0.008357940006363408
1 0.3913398405023534 0.13499590205281575 0.05035455600635448 0.020894302673454223
1 0.4450626785690748 0.34885895472627004 0.0454761412337021 0.009902258672817865
1 0.29105701704283327 0.38612150270527096 0.05657728246740401 0.019404528007636035
1 0.3253827930141203 0.7864396760423162 0.05646818831160268 0.013154528007635946
1 0.3120398985373027 0.2457692227084526 0.06277273538950343 0.01635225334181776
1 0.5645569724005646 0.30338391740926923 0.032921594155801336 0.006631808004454331
