1 0.6565708203287868 0.6202958056294656 0.017999727498762753 0.04613137155129756
1 0.6420612630018404 0.5961622648108628 0.015120388964152198 0.05065509724103805
1 0.76737552351729 0.6681744629109834 0.011504066033373662 0.041116322930778534
1 0.49135193407816813 0.6342310736081471 0.013066566033373483 0.04119821008590811
1 0.5071949400710618 0.5797449694697041 0.027538501809022266 0.049747694482076096
2 0.44789518317365695 0.6078013704196438 0.014956614653892687 0.04753009724103805
1 0.8273270556294655 0.6674208683834788 0.016191566033373305 0.041361984396167804
1 0.4170679070543752 0.5547649016273082 0.027456614653892687 0.0481851944820761
1 0.730203072137809 0.6724591711878694 0.012902791723114149 0.03807321008590829
1 0.6972267978275495 0.6676145409301445 0.009859678878243728 0.03947193577564878
1 0.1874755823145743 0.4850787641334942 0.02202548620519007 0.06348264586155708
1 0.7721581987774891 0.6107713986866321 0.01956222749876275 0.04621325870642732
1 0.300033136023476 0.4177418571906607 0.02515048620519007 0.06364642017181658
1 0.809487780414695 0.6392173032546165 0.021206614653892418 0.04785764586155707
1 0.5564026447299033 0.4483179070543752 0.03608798620519007 0.0642196302577247
1 0.22205862222866607 0.4759837251239135 0.031072937584671046 0.057723968792335614
1 0.16543016395178012 0.510412956806548 0.015529824739800802 0.05846759724103805
1 0.29522720657940527 0.5787645663720579 0.015038501809022265 0.04909259724103805
1 0.8363158740376884 0.5564800463572115 0.015529824739800802 0.05846759724103805
1 0.8726561657608023 0.5957815637700661 0.018409163274411354 0.05394387155129756
1 0.5120052708037566 0.5823343809350934 0.016519114653892684 0.0476119843961678
2 0.790308412481442 0.7192389959276702 0.011422178878243728 0.03955382293077854
