1 0.515625 0.34674981849627384 0.0125 0.04382272287263689
1 0.4015625 0.33046122228346175 0.0125 0.039135222872636974
2 0.7390625 0.32617473984465917 0.009375 0.040679542154477666
1 0.41484375 0.3571009903356385 0.009375 0.040679542154477666
1 0.38125 0.3537805476154267 0.0125 0.040697722872636975
1 0.46328125 0.33707029146710665 0.0109375 0.03756363251355736
1 0.653125 0.35379977009528024 0.0109375 0.040688632513557366
1 0.4890625 0.3700327823919204 0.0140625 0.040706813231716585
2 0.4 0.4015458819243821 0.0109375 0.056313632513557366
1 0.25703125 0.36946411406859714 0.0125 0.05007272287263698
1 0.303125 0.4072322796614459 0.0140625 0.050081813231716586
1 0.1984375 0.4386544756031114 0.015625 0.05946590359079629
1 0.609375 0.38792024004105097 0.0125 0.05319772287263689
1 0.28125 0.4078862646343312 0.0140625 0.05320681323171659
1 0.56875 0.7564338907049809 0.0203125 0.09074317466803486
1 0.1453125 0.5227204033944044 0.01875 0.06885908430895533
1 0.5171875 0.46394640885535343 0.0140625 0.057894313231716586
1 0.8296875 0.526701980671277 0.015625 0.07040340359079629
1 0.175 0.5213306202169171 0.028125 0.07360112646343317
1 0.2234375 0.7169249213483854 0.015625 0.08602840359079629
1 0.76171875 0.4091190500513136 0.0109375 0.05943863251355732
1 0.359375 0.5239657825883121 0.0203125 0.06574317466803503
