1 0.5128151872834609 0.4923545120973293 0.03188703683170289 0.012575243102595123
1 0.4872915425168978 0.4596714868825586 0.039790542093374806 0.014547178878243727
1 0.456202624284573 0.6570853974434367 0.03804603157003115 0.011340291723114149
1 0.4637127454441998 0.7703223818396046 0.041171031570031144 0.011504066033373662
0 0.47761822383281505 0.1817578488229177 0.04420502630835941 0.01010534034363304
1 0.42287751592618983 0.16635085481581152 0.038137036831702886 0.01290279172311406
1 0.4061648269295263 0.6685684520568496 0.04429603157003115 0.011667840343633173
1 0.449442932021789 0.4906005823145743 0.041171031570031144 0.011504066033373483
1 0.5132309581889739 0.3372166327441156 0.03639252630835941 0.009695904567984304
1 0.3771004112574502 0.790859531885033 0.047603042093374806 0.014956614653892508
1 0.4205814556287251 0.4075900084792846 0.0444780420933748 0.014792840343632995
2 0.47456475838661805 0.5436370511069099 0.03804603157003115 0.011340291723114149
1 0.4159346690793709 0.7160985492978875 0.042551521046687316 0.00846095318850324
1 0.29046829237572347 0.30046582598299626 0.056796031570031144 0.012322937584671045
1 0.3676986503105836 0.3468295708946136 0.050546031570031145 0.011995388964152021
1 0.29509154806091836 0.7458126255080264 0.056796031570031144 0.012322937584671224
1 0.25796952161138476 0.6028128980092636 0.0601030420933748 0.015611711894930557
1 0.33753811134215483 0.8781205144721784 0.0569780420933748 0.015447937584671223
2 0.1692963455571393 0.8740051452957301 0.07131355787839033 0.02087242198083885
2 0.5859712371987562 0.40685410334547345 0.023801521046687313 0.007478307326946343
1 0.5486238846667424 0.5099038602428785 0.03179603157003115 0.011012743102595124
1 0.5236547057698995 0.5618824400710618 0.034921031570031145 0.011176517412854636
1 0.5164429032943554 0.7260677708037566 0.034921031570031145 0.011176517412854636
1 0.5112471690793707 0.7210936657608024 0.03161402104668731 0.007887743102595124
