1 0.44375 0.4171875 0.0125 0.03359375
1 0.7328125 0.45234375 0.0109375 0.03984375
1 0.4203125 0.428125 0.009375 0.0390625
1 0.30546875 0.5078125 0.01328125 0.04609375
1 0.85625 0.5984375 0.0125 0.0578125
1 0.86171875 0.571875 0.0140625 0.05703125
1 0.15625 0.584375 0.01640625 0.04609375
1 0.384375 0.4421875 0.00859375 0.0421875
1 0.1078125 0.61328125 0.01953125 0.05859375
1 0.5125 0.471875 0.009375 0.0421875
1 0.6625 0.57265625 0.0109375 0.0578125
1 0.3171875 0.5796875 0.0140625 0.053125
1 0.665625 0.4421875 0.00625 0.040625
1 0.228125 0.63984375 0.015625 0.05546875
2 0.44296875 0.509375 0.01328125 0.0484375
1 0.83359375 0.615625 0.01328125 0.06015625
1 0.4078125 0.59453125 0.0109375 0.05703125
2 0.890625 0.8265625 0.02265625 0.0859375
1 0.65 0.584375 0.0203125 0.0546875
1 0.421875 0.64375 0.01875 0.0578125
1 0.2484375 0.63984375 0.0125 0.05703125
1 0.465625 0.671875 0.0171875 0.06875
0 0.2734375 0.4140625 0.0109375 0.04140625
2 0.53046875 0.34296875 0.0078125 0.02890625
