1 0.6556739340140272 0.41656240727209254 0.00861798340326061 0.03146825480932343
1 0.3965357323543533 0.42249498185901463 0.00849958423309749 0.029905754809323427
1 0.39435700310027766 0.4615302000078493 0.008854781743586494 0.034593254809323425
1 0.4952216860886197 0.4260614367610053 0.008617983403260431 0.03146825480932343
1 0.7013514416876971 0.5232737095416781 0.015578378424238615 0.04106150961864685
1 0.25949675102568526 0.4623437102594682 0.011979781743586493 0.03470238221398514
1 0.7370297551748701 0.45345971734622637 0.012334979254075762 0.039389882213985136
1 0.06542559708163742 0.555610104539171 0.012690176764564676 0.04407738221398496
1 0.33770426139864745 0.4790922114405946 0.010654080083912554 0.03777281851165419
1 0.577878975505876 0.49719733757931195 0.012453378424238614 0.04095238221398514
2 0.8890011165781619 0.7512548326851706 0.030327962657336373 0.0711855192372937
1 0.1708225694872358 0.5940054272271765 0.012571777594401645 0.04251488221398514
2 0.37625727592079455 0.5050173051799923 0.015459979254075584 0.03949900961864685
1 0.8796764286154424 0.5863937245178026 0.014963071785543037 0.053506945916316086
0 0.08792848172965337 0.5259945264088698 0.016904080083912577 0.03799107332097762
1 0.4348393705268542 0.49284219819375075 0.010654080083912554 0.03777281851165419
1 0.35361175869935507 0.5673635377567973 0.011364475104890737 0.04714781851165419
1 0.8232371744662575 0.5805727996528788 0.024101273445216974 0.050709328130301046
1 0.6137446979114743 0.5380207450210406 0.012808575934727706 0.04563988221398514
1 0.5629606800653351 0.694072337579312 0.023012370125868743 0.05690476442797028
1 0.16503266554318793 0.6806968953760111 0.016762370125868876 0.05668650961864685
1 0.7053616676177803 0.665724104369535 0.020360966806520865 0.06304563702330857
1 0.6697364340140272 0.41607133395111484 0.00873638257342364 0.03303075480932342
