1 0.4626016369095917 0.11474379217180594 0.04264214106622681 0.016606924961875037
1 0.5699916219324039 0.4541901115103477 0.03616482053311341 0.00864895459715278
1 0.5317020117449895 0.4267184217308338 0.03616482053311341 0.00864895459715278
1 0.494702116917839 0.40865809954250043 0.04255121285298138 0.01348192496187508
1 0.5422433919906636 0.6286627814382296 0.034647784639735946 0.010175087005972116
1 0.5227074449727998 0.4671615837749311 0.03777278463973612 0.010247822188333445
1 0.5441552329777481 0.6435610828250005 0.03768185642649069 0.007122822188333444
1 0.4693875313410308 0.2845477991056601 0.04553982053311341 0.00886716014423623
1 0.4374111394833811 0.6043329690335421 0.048755748746358664 0.01206489532659738
1 0.4581735835317442 0.42813414494534763 0.04714778463973594 0.010466027735416716
1 0.41967074386480785 0.8916147634864586 0.05339778463973612 0.010611498100139016
1 0.44320649841715437 0.6201034393982643 0.048710284639736125 0.010502395326597202
1 0.39800897334432966 0.40015330888930584 0.050272784639736126 0.010538762917777732
1 0.3373583490376573 0.8724997811538892 0.06121028463973612 0.010793336056041625
1 0.3882702604913483 0.41243510334222255 0.056568248746358754 0.012246733282499988
1 0.41102711355262667 0.22142889684520872 0.050363712852981427 0.013663762917777867
2 0.15961378226546763 0.9090152433504862 0.08478417695960414 0.016026349923750162
1 0.33785845421050686 0.8553122811538891 0.0629091769596041 0.015517203647222288
1 0.4562296164556206 0.09192388801149344 0.04402278463973612 0.01039329255305559
1 0.4512693318158846 0.10118978523795177 0.04411371285298138 0.013518292553055611
0 0.5723557554767833 0.3729401115103477 0.03621028463973595 0.01021145459715278
1 0.5663581565721401 0.4447241925323963 0.03777278463973612 0.010247822188333445
