1 0.6018424594309089 0.6312588877865248 0.017471342889637496 0.04640510643661742
1 0.5895162143738247 0.6068926723154002 0.014537343878220454 0.05087408514929379
1 0.7087172005336602 0.6810400025210155 0.011030341901054185 0.04128056386197052
1 0.4345130379860901 0.6422788792365501 0.012592841901054187 0.04138982450563215
1 0.45552321635099097 0.588121256960491 0.026973676882026253 0.05018567029858776
2 0.3933123764271032 0.6151100918576832 0.014410009885831788 0.04774908514929379
1 0.7690326180241462 0.6813402873019923 0.015717841901054186 0.0416083457929556
1 0.3672883873015181 0.561580900271772 0.0269100098858317 0.04862317029858776
1 0.6709625325488826 0.6846677470731338 0.01246550790866543 0.03826482450563216
1 0.6382773665412714 0.6792482735562373 0.009404174904859808 0.03960880321830871
1 0.1430815661607106 0.48792560694082043 0.021296679847775658 0.06381112772394086
1 0.7188853793928527 0.6237738057393242 0.01903384288963732 0.04651436708027905
1 0.262480164981847 0.4226280248936197 0.024421679847775657 0.06402964901126432
1 0.753740540457548 0.6528493005435441 0.0206600098858317 0.04818612772394086
1 0.5172485780237086 0.4576796401323134 0.03535917984777566 0.06479447351689646
1 0.17868348513407134 0.4794464714232095 0.0304170118629981 0.05821669158591121
1 0.11856172722540595 0.5128491972858944 0.014855678859192478 0.05868658514929379
1 0.24260938087572748 0.583418059422495 0.014473676882026165 0.04931158514929379
1 0.7884285582520452 0.5706595134167788 0.014855678859192523 0.05868658514929379
1 0.8212755503433797 0.6105632475773369 0.01778967787060921 0.05421760643661742
1 0.4601152158566995 0.5907927888914761 0.0159725098858317 0.0478583457929556
2 0.7269923566554397 0.732460390888618 0.01096667490485963 0.03971806386197052
