1 0.5438634537361735 0.30666639331264356 0.010029564934808199 0.038265274545807235
1 0.2189355917234647 0.37375713802180965 0.008685253246410873 0.0506377287881727
1 0.33111799188562047 0.33807511635094034 0.01008411201270878 0.04139027454580724
1 0.5792106185088259 0.2928591137658665 0.013263659090609536 0.04477036606107632
1 0.5524884314150391 0.34886986876683634 0.010138659090609537 0.04451527454580724
1 0.7289924301972232 0.2931147210329511 0.010138659090609537 0.04451527454580724
1 0.28186228571711025 0.388904034837611 0.010247753246410873 0.05076527454580724
1 0.285032150165451 0.4307726704435247 0.013372753246410874 0.051020366061076315
1 0.5320532004897627 0.35755921361608534 0.010247753246410873 0.05076527454580724
0 0.8497588977298192 0.3019799248162746 0.013318206168510116 0.04789536606107632
1 0.3476509269508123 0.3741721130169605 0.013372753246410874 0.051020366061076315
1 0.1297815884770538 0.4309634733281609 0.016606847402212254 0.0575254575763454
1 0.47297820941821644 0.3452184524061977 0.010193206168510115 0.047640274545807236
2 0.4409236400191814 0.39386311755888836 0.01035684740221221 0.05701527454580724
1 0.8120486176980469 0.40647597724186896 0.010438668019063258 0.061702774545807235
1 0.09593269399694086 0.49301693423848614 0.01523526217486464 0.06833541181871076
1 0.1544894878284307 0.5350451954483738 0.018278441558013635 0.06390300333397984
1 0.6281372678602027 0.3949638766427441 0.01509889448011279 0.060522911818710855
1 0.134763368915863 0.5031095402976227 0.016825035713814974 0.07002545757634522
1 0.31461451014956504 0.4790667781696512 0.012001168019063257 0.06183032030344169
1 0.47130484091268576 0.4857796795273804 0.01978639448011279 0.060905549091614476
1 0.6262008465947286 0.505901376642744 0.013700035713814885 0.06977036606107631
2 0.12982822727512383 0.3389035190857954 0.01016593262955987 0.046077774545807235
