1 0.4380798417168741 0.5603477800165274 0.025163641233702093 0.009956881458888844
0 0.43436886606989855 0.21341822862975657 0.0376636412337021 0.010247822188333356
1 0.4000150056787476 0.4393092346136802 0.029878414772652385 0.01162848423243048
1 0.44701846509366866 0.5351295744694442 0.029851141233702094 0.010065984232430481
1 0.4949342191541538 0.23545557636930514 0.0454761412337021 0.01042966014423614
1 0.46925592937985366 0.4658340606017358 0.03300341477265238 0.011701219414791807
1 0.43229962580913117 0.36352733140329824 0.039307961850553144 0.01497168977951393
1 0.4831530137964224 0.3217022008943399 0.04081591477265238 0.011883057370694417
1 0.4496367248329013 0.6851295744694441 0.031468188311602675 0.013227351823611145
1 0.4777502678536122 0.504714722645833 0.043913641233702096 0.010393292553055567
1 0.5413720316500346 0.8361816217721524 0.04865568831160268 0.01362739532659738
1 0.5148103425309483 0.20998279768395794 0.04402273538950343 0.016643292553055567
1 0.5634853961016708 0.3120167699485412 0.050272735389503255 0.016788762917777866
1 0.5623021404163325 0.8263156592912149 0.054905688311602675 0.013772865691319325
1 0.6103833100602489 0.6704462125778468 0.05663182954530477 0.023184233282499987
1 0.6263786826262645 0.51219730148368 0.05339773538950343 0.016861498100139018
1 0.4787902110331836 0.8329488254193746 0.03777273538950343 0.016497822188333445
1 0.6041204841716874 0.042993359804305055 0.053343188311602674 0.013736498100138928
2 0.851906157055424 0.8953870887184021 0.09106137662320535 0.027109320288472107
2 0.36235136444504557 0.4308070568020136 0.031359094155801334 0.006977351823611144
1 0.4402660844132734 0.3273898096518052 0.042351141233702094 0.01035692496187508
1 0.4309865417995996 0.3330767651988885 0.043913641233702096 0.010393292553055567
1 0.44344127191080196 0.6884000448341663 0.034538641233702094 0.010175087005972116
