1 0.5236258700597225 0.3287468448145152 0.013518292553055566 0.04411371285298147
1 0.4091996941479169 0.3164407245979709 0.013409189779513931 0.03942621285298138
2 0.7465542237831947 0.3003704775674718 0.010320557370694417 0.040897784639736125
1 0.42309919319798633 0.3426167796916782 0.010320557370694417 0.040897784639736125
1 0.3894327080156253 0.3404692579840658 0.013445557370694416 0.04098871285298147
1 0.4710639145126391 0.32089489238637503 0.011810322188333444 0.03781824874635884
1 0.6612713404244447 0.3309960034317193 0.011883057370694417 0.040943248746358754
1 0.49760888392743086 0.3529572346271008 0.015008057370694416 0.041034176959604096
2 0.40929191954663224 0.3875799387045936 0.012246733282499988 0.05656824874635884
1 0.2655958177230211 0.36048990446056894 0.013663762917777867 0.05036371285298147
1 0.31256238991135454 0.39664871331519985 0.015226262917777867 0.0504091769596041
1 0.20862042553055593 0.4317260584589195 0.01700696846486114 0.05982964106622681
1 0.618321427430417 0.3666439984171544 0.013736498100139017 0.05348871285298138
1 0.2907055737069448 0.3980664608079174 0.015298998100138928 0.053534176959604184
1 0.5862791789490285 0.736576065189344 0.022421820288472283 0.09121603338609496
1 0.157459275454306 0.5176468380840907 0.0203501740119445 0.06929556927947225
1 0.5279159393982643 0.44588888070789257 0.015408100873680653 0.0582216769596041
1 0.8418342754543058 0.4977335593833563 0.017261541603124896 0.07076714106622681
1 0.18711040786312544 0.5152205200582597 0.02983427678548618 0.07425585391920819
1 0.24009385676069503 0.7091236327529566 0.017625217514930645 0.08639214106622681
1 0.7711379561157642 0.38252374802144296 0.01231946846486114 0.05969324874635884
1 0.371521775454306 0.5114182554767833 0.02183993882958344 0.06621603338609497
