1 0.48262576058245843 0.5860592882120461 0.03920795066836362 0.015231516091543362
1 0.6188728905951851 0.482858242535306 0.031340906667727354 0.009997712873234832
1 0.45929734858373106 0.5783231978669721 0.042387494668999895 0.02013753737886681
1 0.6015399399268215 0.49656010961558505 0.031340906667727174 0.009997712873234654
1 0.5120399932368226 0.6745537056606422 0.04073408800127272 0.012215776735205176
1 0.5918002185710044 0.6627314128338938 0.03759090666772735 0.010434755447881727
1 0.5672536572247322 0.7596828224888197 0.04073408800127254 0.012215776735204997
1 0.4822604918841872 0.8187078972465536 0.05014545066836362 0.01599634059717552
1 0.35924225724064063 0.6571362487394923 0.05025453866963625 0.025371340597175517
1 0.5247218065722771 0.6580546205113483 0.04387726933481808 0.013996798022528623
1 0.44449433999045496 0.03917321655640552 0.050236357336090796 0.02380884059717552
1 0.5592797145926397 0.5057601469944519 0.040715906667727356 0.010653276735204997
1 0.5940557986155478 0.3347156734775555 0.04073408800127272 0.012215776735205176
1 0.28319211863463783 0.2159428022099025 0.06598862667090888 0.035838947033792846
0 0.5631528859802737 0.10581477731628279 0.043895450668363624 0.015559298022528579
1 0.3122432719605473 0.2685543499803295 0.059593176002545344 0.02290190445914595
1 0.5156398972788206 0.36517870566064226 0.05010908800127254 0.012871340597175518
1 0.5295205839433662 0.37982035986768664 0.043859088001272716 0.012434298022528623
1 0.4489025518778238 0.8678773707634498 0.050236357336090796 0.023808840597175873
1 0.46002733863781947 0.18015884947612643 0.05806703866963616 0.02591764381548418
1 0.3810627132400043 0.6602940997282281 0.04091590133672707 0.027840776735205
2 0.6153275305538234 0.7875457425353061 0.034484088001272714 0.011778734160558102
1 0.4978854918841871 0.8176152908099361 0.05328863200190899 0.017777361884499143
