1 0.6036204257718968 0.5884693989172786 0.010831084186749607 0.025272784639736125
0 0.256608917879389 0.5760326172470434 0.01155912628012441 0.03777278463973595
1 0.48383854679034927 0.6208606986007095 0.01266659997176518 0.03000574874635866
1 0.5780743942018656 0.5783669732113157 0.01110409997176518 0.029960284639735945
1 0.2765427153050228 0.5165583288463835 0.01201415258848364 0.04558528463973595
1 0.507959315276788 0.5529290525199178 0.012848610495108836 0.033130748746358664
1 0.40688193366440456 0.5850846714828208 0.016337631541796148 0.039471676959604095
1 0.3632537600292335 0.5323401047106311 0.013303636803468067 0.040943248746358664
1 0.7280743942018656 0.5827315274470932 0.014320105233436919 0.03161371285298138
1 0.5465667889684287 0.5462531551854848 0.011923147326811722 0.04402278463973595
1 0.8760120942865705 0.4981245098961159 0.015321163111827473 0.04880121285298138
1 0.25035964690328877 0.4955184031404207 0.01817314732681181 0.04420464106622681
1 0.3507544890531332 0.45164403417751764 0.018537168373499214 0.05045464106622681
1 0.8654085232540003 0.47675797525637975 0.015685184158514786 0.05505121285298138
1 0.7077633522496652 0.4214757787007343 0.025151189420186525 0.0568864974927175
1 0.5488587891096031 0.39813390393184356 0.01871917889684287 0.05357964106622681
1 0.8749648047534443 0.5604881175762478 0.017809126280124588 0.03795464106622681
1 0.08014658646464966 0.3985344398917279 0.01559417889684287 0.05348871285298147
2 0.9243993024755441 0.1906817344275798 0.03027830517696728 0.09135242570596289
2 0.4766476730704737 0.6580879139609734 0.00807010523343692 0.03143185642649069
1 0.3704439047252094 0.5754452470304992 0.011832142065139894 0.042460284639736126
1 0.37645868629524043 0.5849793714036785 0.011923147326811722 0.04402278463973612
1 0.7315634152485531 0.5890724556603384 0.011377115756780753 0.034647784639735946
