1 0.5244490865690954 0.71875 0.03768181333545435 0.015625
1 0.5872229012571853 0.5609375 0.03292158800127254 0.009375
1 0.5132752292330046 0.7390625 0.03920795066836362 0.0125
2 0.5070808679185491 0.6 0.04385908800127254 0.009375
1 0.5030093438892778 0.815625 0.04073408800127272 0.009375
1 0.5761035879217309 0.5765625 0.03604658800127254 0.009375
1 0.4875768899188674 0.59765625 0.043859088001272716 0.009375
1 0.4394184638765511 0.909375 0.04702045066836362 0.0125
1 0.5629694306174569 0.3625 0.04069772533418181 0.00625
1 0.4616207278803691 0.88125 0.05014545066836362 0.0125
1 0.565694441279457 0.396875 0.03760908800127272 0.009375
1 0.3471466253182734 0.1109375 0.06887726933481808 0.0109375
1 0.4285184212285502 0.771875 0.053270450668363625 0.0125
1 0.45828411998727336 0.09375 0.05328863200190916 0.0140625
1 0.4655126279440026 0.4125 0.05323408800127272 0.009375
1 0.39347290125718537 0.5609375 0.05953863200190899 0.0140625
1 0.33802616398790963 0.0890625 0.06889545066836363 0.0125
1 0.3954984779201401 0.58828125 0.05332499466899989 0.0171875
1 0.45595581460854806 0.428125 0.05014545066836362 0.0125
2 0.16028297199236402 0.05625 0.09236931333545444 0.015625
1 0.5353320425684591 0.7234375 0.04073408800127272 0.009375
0 0.5751217959102769 0.6609375 0.03455681333545435 0.015625
1 0.5762035852562308 0.56796875 0.037609088001272536 0.009375
2 0.6569728746021848 0.475 0.02819772533418181 0.00625
