1 0.6622498400699968 0.49270824502104055 0.043895450668363624 0.014027783665263981
1 0.6765476027211793 0.37810010799773197 0.03920795066836362 0.013864092558271323
2 0.6867247707669953 0.7153818531884085 0.04073408800127254 0.01079365626060227
1 0.6501396440563155 0.3923089409373565 0.04073408800127254 0.01079365626060227
1 0.6528737453850886 0.3586060635326948 0.04077045066836362 0.013918656260602269
1 0.6710157653962244 0.4400371128070554 0.03762726933481808 0.012247028855940556
1 0.6575997974219959 0.6304264998303639 0.040752269334818084 0.012356156260602269
1 0.6385032573997242 0.4669642005560034 0.040788632001908985 0.015481156260602268
2 0.6054356713876339 0.37902025645378595 0.056377269334818084 0.012901793283910834
1 0.6350220793682256 0.23496023240716882 0.05014545066836362 0.014246038474587408
1 0.5980584287078162 0.2823635112631093 0.05016363200190917 0.015808538474587408
1 0.5648090293602716 0.1787945671608919 0.05955681333545435 0.017698420688572504
1 0.6227157200827234 0.5878769012816428 0.053270450668363625 0.014355165879249121
1 0.5970226400381801 0.2605157931142748 0.05328863200190899 0.015917665879249122
1 0.25349300541054187 0.5601289350317248 0.0908613573360908 0.023477194735189676
1 0.4798158640197263 0.12861600708675813 0.06896817600254543 0.021150802902557685
1 0.5450805214035422 0.49836302269585475 0.057976132001908987 0.0160813569862416
1 0.48777928811263116 0.8129910070867581 0.07049431333545453 0.018080366604888452
1 0.4817238093570898 0.15824894338442727 0.07376476400381797 0.030689494009550254
1 0.2869749306969986 0.21350690617578422 0.08611931333545444 0.018626003628197017
1 0.6041759001034043 0.7409299794119439 0.05950226933481808 0.013010920688572547
1 0.4823067067154523 0.34267850708675807 0.0658613573360908 0.02260417549789597
