1 0.4795435736081471 0.43816120202864256 0.012739017412854636 0.034884422249741046
1 0.2754392497728574 0.41399176364885115 0.009614017412854458 0.03473887303552932
1 0.3485635685197644 0.5241437055432993 0.014629066033373484 0.04120719685684691
1 0.2636352905914603 0.42785521050569797 0.011176517412854548 0.03481164764263518
1 0.34363705110690984 0.489914254757511 0.011422178878243728 0.03949914764263518
1 0.5391199694697041 0.45418215426217295 0.011667840343632996 0.04418664764263518
2 0.3942987924004826 0.4703251927230177 0.013230340343632995 0.044259422249740867
1 0.34403319877748917 0.5572473039717226 0.012322937584671045 0.05668664764263518
1 0.5616434226582074 0.4954235843697967 0.01775406603337366 0.041352746071058634
1 0.5431390841235967 0.500984379655067 0.013230340343633174 0.04425942224974104
1 0.7836755529159322 0.5179748647678709 0.011913501809022264 0.04887414764263518
0 0.8771931795556125 0.4494003391273077 0.014792840343633174 0.0443321968568469
1 0.2226495217082677 0.5722987233259795 0.013721663274411534 0.05363442224974104
1 0.24688820386587187 0.4818898930945211 0.011667840343632996 0.04418664764263518
1 0.17687667627625198 0.6104558488427082 0.020381099050060313 0.061738020678164494
1 0.3736874785148156 0.7046659594722406 0.01733798620519007 0.06315497146395277
1 0.23184081524040404 0.6580178995046619 0.01890048620519007 0.06322774607105863
1 0.6863667836940553 0.4394924538906694 0.010023453188503239 0.04255137303552932
1 0.5742872648108628 0.5872472113342675 0.017010437584671044 0.05690497146395277
1 0.6653427120064722 0.6809008579434452 0.02515048620519007 0.06351884449948209
2 0.10347455506363874 0.8237606776264246 0.026296906377006612 0.08539384449948209
2 0.6040688608087054 0.3485635469424094 0.01084896879233561 0.02856164764263518
1 0.48362688602347603 0.3815837162966662 0.011176517412854636 0.03481164764263518
1 0.4307409034363305 0.4185058275453712 0.011340291723114149 0.03793664764263518
