1 0.3998019878284307 0.5532010093889065 0.02823409415580134 0.006577264003817973
1 0.44045781006683954 0.28330668006045173 0.03141364123370209 0.009738626670908879
1 0.4101218790621327 0.543944188056952 0.025109094155801336 0.006540901336727245
1 0.42604511364085723 0.6613407733927246 0.034538641233702094 0.009774989337999784
1 0.4936021753259592 0.19328166406745145 0.03459318831160267 0.012899989337999785
1 0.47323553368851534 0.5095151913987698 0.034511367694751625 0.008212489337999784
1 0.5048246785756654 0.6247498400699968 0.04078864123370209 0.009847714672181596
1 0.4900544354722289 0.21746405140036057 0.036101141233702096 0.009793170671545236
1 0.4989873303593789 0.3324350707351787 0.03763636769475163 0.00824885200509069
1 0.6291772110397742 0.1260952587523597 0.04876478246740401 0.01931362133990877
1 0.6942690081209701 0.6050747814289956 0.059647735389503256 0.01631589067472703
2 0.5313770905056486 0.357035628739633 0.04407728246740419 0.019259077339272502
1 0.5206951404262185 0.6108691534054513 0.042351141233702094 0.009865896005727137
1 0.5617231095803721 0.3644214147437692 0.04407728246740419 0.019259077339272502
1 0.5690579172082844 0.07851118674408734 0.04566705600635448 0.02083975867281791
1 0.49779302313520846 0.31132313940163325 0.04087046185055314 0.014535214672181596
0 0.44658193588256123 0.8725600840626789 0.03459318831160267 0.012899989337999785
1 0.5560075288205467 0.8261674367440873 0.05019091477265238 0.011519302673454135
1 0.5799984078793841 0.8842708380808144 0.050300008928453724 0.01776930267345449
2 0.6769728194056256 0.9244696714274049 0.05964773538950343 0.01631589067472703
1 0.6574121160764892 0.7468622920909957 0.056522735389503434 0.016279528007635945
1 0.682510716721817 0.15953501475967755 0.05358865016215582 0.02718066534054513
1 0.42123843141503914 0.39951293539145183 0.03141364123370209 0.009738626670908879
