2 0.8422574886219112 0.3543063137361818 0.009793170671545327 0.03621028463973612
1 0.6476626039545021 0.35411478246165806 0.012899989337999785 0.03473871285298147
1 0.635916581954184 0.3561175516619879 0.009811352005090512 0.03777278463973612
1 0.24312964528963837 0.32905832884638364 0.00824885200509069 0.03772732053311341
1 0.2836001039545021 0.34352164561857335 0.009829533338636143 0.03933528463973612
1 0.7270682932845477 0.3806522018994148 0.00981135200509069 0.03777278463973612
1 0.6161489746180931 0.37586175032920444 0.012972714672181595 0.04098871285298147
0 0.08788761461650231 0.3722136322907382 0.01304544000636334 0.04723871285298138
1 0.2702370379535476 0.35016645071228053 0.0083215773392725 0.04397732053311341
1 0.6312830786123661 0.4185038913954312 0.0098840773392725 0.04402278463973612
2 0.39278419995227487 0.36311038308216104 0.013009077339272502 0.04411371285298147
1 0.4178569252864567 0.3575878087881239 0.008285214672181596 0.040852320533113405
1 0.450333070615866 0.3874488050272002 0.011392033338636054 0.03938074874635884
1 0.36740239194782054 0.3951954573761981 0.013009077339272502 0.04411371285298147
1 0.4095717106142752 0.39798548825501046 0.009920440006363407 0.04714778463973612
1 0.18964956194304808 0.4251915312745238 0.014644302673454224 0.0504091769596041
1 0.20579218260663912 0.44832515439406195 0.016170440006363317 0.047329641066226814
1 0.8498876279440026 0.4373688663226066 0.013118165340545218 0.05348871285298138
1 0.5340626332750027 0.445372616784825 0.008394302673454136 0.050227320533113406
1 0.8047558465945487 0.5548458713371716 0.01798747867599957 0.06925010517284953
1 0.828775149268003 0.5055278329365118 0.013209072008272215 0.06130121285298138
1 0.5943814205920035 0.567480948996421 0.019440890674726853 0.059920569279472244
