1 0.721642383678522 0.5192416796027146 0.00807010523343692 0.03161402104668731
1 0.4624493942018656 0.5374735530402415 0.00797909997176518 0.03005152104668731
1 0.46095551266006946 0.4983655504094056 0.008252115756780753 0.034739021046687316
1 0.5612586205243424 0.5246634689240791 0.00807010523343692 0.03161402104668731
1 0.7692237679923284 0.4075082480750358 0.014866136803468067 0.0413530420933748
1 0.3260267758142491 0.5101437555440205 0.011377115756780753 0.034921031570031145
1 0.8036967495058898 0.47448364547243466 0.011650131541796328 0.03960853157003115
1 0.13347598379146144 0.43434563694464234 0.011923147326811767 0.04429603157003115
1 0.40457671004335094 0.48597123719875623 0.00999662628012441 0.03795502630835923
1 0.6452171205949295 0.4453029216396196 0.010178636803468066 0.04108002630835923
2 0.9609962261107151 0.16038480616518763 0.029095236775233246 0.07176858418674961
1 0.23961259172632152 0.3858332712584489 0.011832142065139984 0.042733531570031145
2 0.44360911796409364 0.4562613503952882 0.014775131541796327 0.039790542093374626
1 0.948767783847931 0.3272838798285935 0.014031678896842693 0.053762036831702886
0 0.15547208113239064 0.4620688185429083 0.01624662628012441 0.03831904735504672
1 0.5020131521649607 0.46305040571342976 0.00999662628012441 0.03795502630835923
1 0.42204566012805544 0.39558916090451446 0.010542657850155379 0.04733002630835923
1 0.8921915601562904 0.33841807187961603 0.023224668373499215 0.05118306840173403
1 0.6818224785297896 0.40084029009782335 0.01201415258848364 0.04585853157003115
1 0.6337504576242765 0.2484279216396196 0.022026189420186526 0.05734206314006211
1 0.23534304970353387 0.299069018627613 0.015776189420186527 0.0569780420933748
1 0.7757405365493544 0.2636749480891532 0.01926521046687384 0.06341005261671846
1 0.7357048836785219 0.5184226322476679 0.008161110495108837 0.033176521046687314
