1 0.321611733380115 0.652645689210833 0.013230340343632995 0.04400457313826393
1 0.19676886363783974 0.6227789640964582 0.01668288896415211 0.05032730832062508
1 0.286909184759596 0.6596957762168053 0.013230340343632995 0.04400457313826393
1 0.20820433062115296 0.6428005233670137 0.013394114653892508 0.047129573138263936
1 0.43915443747312943 0.5835846050546524 0.020135437584671224 0.05665004350298623
1 0.5620629929910533 0.6056933815557981 0.0213703889641522 0.05043641109416672
1 0.38933149988845833 0.6409256327900691 0.01512038896415202 0.05029094072944442
1 0.5228676961795566 0.5644696227220829 0.021206614653892508 0.04731141109416672
1 0.3551479296712133 0.5785172049784025 0.016846663274411533 0.053452308320624906
1 0.30300557553277035 0.5610037030785413 0.021697937584671045 0.05668641109416654
1 0.7772685911366025 0.5640104553596521 0.020299211894930558 0.059775043502986236
1 0.1584367039814728 0.5799745214671527 0.014049211894930557 0.05962957313826393
1 0.37427638794809925 0.615526242497465 0.01849105042954129 0.05505117591180557
1 0.4421953075540889 0.3915607592149649 0.025478034825708918 0.06925914627652788
1 0.16989982643728146 0.5399125659200693 0.02218926051544958 0.06606141109416672
1 0.26637535674043483 0.5899469738801039 0.01849105042954129 0.05505117591180557
2 0.4806392526019918 0.566232797683958 0.027784163274411532 0.05370688145888884
1 0.8188906043655855 0.42492911835367986 0.03032930913596843 0.07249324905006951
1 0.5964357502271426 0.4113796838924994 0.033290534825709095 0.06944098423243053
1 0.8888412562200365 0.4599749591593742 0.030165534825709273 0.06936824905006951
1 0.21506956354698267 0.4522482585493748 0.028439260515449583 0.06620688145888884
2 0.27392450588135214 0.6990128493550692 0.013066566033373573 0.04087957313826394
