1 0.3748184520568495 0.46833364482389045 0.03182321008590829 0.013122712873234832
1 0.40898981343138174 0.6450818151224782 0.041116322930778534 0.012215776735204997
1 0.40221975576575114 0.3970813576971251 0.03799132293077854 0.01199725544788155
1 0.423877829035214 0.6321119215590955 0.04424132293077854 0.012434298022528623
1 0.4622409661903437 0.636351307328808 0.04415943577564878 0.010871798022528623
1 0.47359786804479465 0.6005612727999328 0.050982645861557076 0.022246340597175517
1 0.5153726102428784 0.6104879298569688 0.05394387155129756 0.019339861884498967
1 0.5363578968776098 0.7287134059717552 0.05378009724103805 0.016214861884498964
1 0.43647524705932395 0.3823522221795141 0.04440509724103805 0.015559298022528622
1 0.49430983774164117 0.6541615202020428 0.05410764586155707 0.022464861884498966
2 0.49646547998515367 0.5764735627766896 0.05378009724103805 0.016214861884498964
0 0.43927494120271565 0.18328093765063888 0.04753009724103805 0.01577781930985207
0 0.4756129059227214 0.9657656557196536 0.05394387155129756 0.019339861884498787
1 0.5425858061952925 0.4613837943393578 0.05682321008590829 0.014870883171822414
2 0.8382790072360893 0.2516581411407196 0.09834896879233561 0.03489915990702759
1 0.5918886861143331 0.2733481987985037 0.0663619843961678 0.018651447033792935
1 0.3835516429208809 0.39733272997318425 0.03642882293077854 0.011887994804219915
1 0.45376340287050365 0.6676723631450068 0.04753009724103805 0.01577781930985207
1 0.4486188794647553 0.6883290705703597 0.03799132293077854 0.011997255447881727
1 0.4494853386461524 0.6751570812140215 0.04580382293077854 0.012543558666190436
1 0.43414694368910656 0.6795332247774042 0.041116322930778534 0.012215776735204997
1 0.4908882666198851 0.6928416079492267 0.04753009724103805 0.01577781930985207
1 0.482622065240404 0.6984906744090871 0.041116322930778534 0.012215776735204997
1 0.46481708955066353 0.7003591770069771 0.03955382293077854 0.012106516091543363
2 0.3633530868371301 0.6208741367781186 0.028452548620519026 0.008216691585911207
