1 0.4481380169541108 0.457122996603914 0.02543664764263518 0.01097707279438911
0 0.4666377297316111 0.804148190928388 0.03793664764263518 0.011778109191583752
1 0.4178769363083676 0.5766950169619796 0.030269696856846905 0.014402461443337167
1 0.45867741066780454 0.48272377390180987 0.030124147642635178 0.01127746144333699
1 0.5257023606250233 0.7845656785898869 0.04574914764263518 0.012278756939830337
1 0.48531699338046225 0.5529757171465498 0.033321922249741044 0.013040220542635695
1 0.45496386744944883 0.6538478022794401 0.03971747146395259 0.016565738741233106
1 0.5084185072342011 0.6977770774178677 0.04120719685684691 0.015103368290882458
1 0.45169104838564217 0.33272377390180996 0.031832196856846906 0.014502590992986342
1 0.49131012820281583 0.5144138648947963 0.04418664764263518 0.012178627390180986
1 0.5336216368892682 0.18530615823182123 0.04901969685684691 0.015604016039128954
1 0.5471792543387171 0.810867362735328 0.04447774607105863 0.01842862739018116
1 0.5892511302697304 0.7107462492248077 0.050727746071058635 0.01882914558877822
1 0.5551520345319033 0.19603290715208704 0.055269696856846906 0.016004534237726232
1 0.6131379706353831 0.35397461751569 0.05726884449948209 0.02547966378737563
1 0.6392382059530748 0.5129886721114818 0.05377997146395277 0.017466904688076924
1 0.4713399607105858 0.18598847624584838 0.03822774607105863 0.018028109191583708
1 0.647044475388385 0.981618756164638 0.053779971463952594 0.017466904688076924
2 0.8399037160872691 0.1387255590623868 0.09178939371369373 0.03080751387966063
2 0.3808135839510028 0.583666907770396 0.03154109842842345 0.008252590992986341
1 0.46523143341288353 0.6903360148025113 0.04262414764263518 0.01207849784053181
1 0.455601722288013 0.6842664875046154 0.04418664764263518 0.012178627390180986
1 0.44529549917143046 0.3291982557032126 0.03481164764263518 0.011577850092285047
