2 0.634375 0.28828125 0.00859375 0.04375
1 0.31875 0.3296875 0.00859375 0.04140625
1 0.2375 0.346875 0.009375 0.05078125
1 0.38828125 0.371875 0.01328125 0.0546875
1 0.4171875 0.365625 0.01484375 0.0484375
1 0.24375 0.453125 0.015625 0.06328125
1 0.546875 0.3140625 0.01640625 0.040625
1 0.57890625 0.409375 0.0109375 0.05234375
1 0.33671875 0.3953125 0.0109375 0.053125
2 0.2859375 0.4171875 0.0109375 0.0640625
1 0.25859375 0.4703125 0.01328125 0.06953125
1 0.534375 0.4765625 0.01875 0.0734375
1 0.796875 0.52734375 0.01640625 0.07734375
1 0.1046875 0.51875 0.01796875 0.0796875
1 0.6765625 0.4125 0.0203125 0.06328125
1 0.5796875 0.7546875 0.01796875 0.09921875
1 0.50625 0.48046875 0.0140625 0.0671875
1 0.1671875 0.415625 0.0171875 0.065625
1 0.084375 0.49375 0.01875 0.075
1 0.13671875 0.63828125 0.02265625 0.0859375
1 0.2953125 0.61875 0.015625 0.08828125
1 0.071875 0.5953125 0.01953125 0.084375
