1 0.467497789580508 0.5931408958952782 0.013900673916276673 0.03466594072944442
1 0.7551277821661342 0.5647126502636812 0.012592841901054187 0.04087957313826394
1 0.4436146206071473 0.5816578820275697 0.010966674904859808 0.039280705547083274
1 0.3255238538012333 0.49929736407579883 0.014410009885831698 0.0471659407294446
1 0.8726124180219585 0.4214919399669451 0.014855678859192523 0.05810344072944442
1 0.8791635069572633 0.44818172653607713 0.01641817885919252 0.05813980832062508
1 0.17318542098770812 0.41926175911805574 0.019097509885831743 0.04727504350298619
1 0.40710411764139776 0.566758927430417 0.011094008897248564 0.04240570554708327
1 0.12357008155811192 0.38922811379145844 0.0227318458553869 0.05984777868534721
1 0.5340194447137043 0.5400535699072228 0.011094008897248564 0.04240570554708327
1 0.6799129234591661 0.44276360866055614 0.013293178859192522 0.05806707313826394
1 0.3343139219762913 0.42769512100965307 0.0162271778706093 0.053452308320624906
1 0.6883541176413978 0.5733050938429173 0.007905341901054186 0.0407704703647223
1 0.24280024262280725 0.3654659183123613 0.017917011862998145 0.05661367591180557
2 0.462960186805039 0.5009352120996879 0.014473676882026254 0.04872844072944442
1 0.8492558310638202 0.4037771098948271 0.014919345855386724 0.05966594072944442
1 0.42433408551244456 0.41496069129812535 0.013229511862998145 0.05650457313826394
2 0.8976920365775776 0.19416702697291743 0.025376684790691682 0.08644664627652779
1 0.6669354209877081 0.4307539179311116 0.022540844866803765 0.05516027868534721
1 0.4363910751323212 0.36606924961875037 0.021105678859192522 0.05824891109416672
1 0.26311274262280726 0.3659386969977086 0.014792011862998144 0.05654094072944442
1 0.47899506920082224 0.33896254217180594 0.019988847832553346 0.06915004350298606
0 0.2973126235728968 0.5923018284565975 0.012592841901054187 0.04087957313826394
2 0.5572407218997416 0.6693780472057991 0.008958505931499161 0.028306837955902785
