2 0.38578358875559016 0.30104915634542023 0.012434298022528623 0.04407738221398514
1 0.7043039958126261 0.35347727421625313 0.012215776735204997 0.04095238221398514
1 0.7867558628929052 0.37350208673745766 0.012871340597175518 0.05032738221398514
1 0.6377227831914929 0.39323668946253 0.01632412252816078 0.05512400961864685
1 0.608379490616846 0.3859772609694092 0.019012079953513707 0.048983137023308566
1 0.7879355866619031 0.4795338319281342 0.019995425746469307 0.06304563702330857
1 0.4750863893760087 0.3298859736759482 0.018465776735204997 0.041170637023308566
1 0.4497200386393746 0.42407991777816567 0.014652361884498966 0.05350694591631604
1 0.6909241928464189 0.41847479163944834 0.014652361884498966 0.05350694591631604
2 0.7432350918576833 0.44212311196520115 0.015417186390131121 0.06444444591631608
1 0.7742937037421822 0.4962029767559911 0.017307468321116383 0.06918650961864685
1 0.4989494963168292 0.49282248329459505 0.023885250252101642 0.07409226442797028
1 0.24000046723583557 0.5344370313030112 0.021088032183086726 0.07867063702330857
1 0.9315870336956961 0.5500150014355805 0.024322292826748537 0.08034226442797028
1 0.352282309926698 0.4237946863824872 0.024682925746469485 0.06320932813030108
1 0.473085390888618 0.7693651359270002 0.025742681194351035 0.10065476442797028
1 0.5273476479259835 0.4977108799365505 0.01876070767745457 0.06767857332097763
1 0.8618758312140216 0.4447074533423462 0.021776447033792935 0.06622520072563934
1 0.9501513633971083 0.5257243295658816 0.023994510895763453 0.07565476442797028
1 0.9079142229358187 0.6684276955377978 0.027884335401395434 0.086701391832632
1 0.7479547148900471 0.643358229751216 0.021743596045057247 0.08804563702330856
1 0.9697533052351212 0.6277233391845284 0.02465007475773362 0.08502976442797028
