1 0.6360260732451245 0.321611733380115 0.04440556386197052 0.011667840343632996
1 0.612063685381725 0.19676886363783977 0.0509833457929556 0.016682888964152064
1 0.6446798074056825 0.286909184759596 0.044514824505632156 0.013230340343632995
1 0.6315021002324311 0.20820433062115296 0.04763982450563198 0.013394114653892508
1 0.5616437962578178 0.43915443747312943 0.05745186708027905 0.020135437584671224
1 0.5779575750867098 0.5620629929910533 0.05131112772394068 0.0213703889641522
1 0.6211716155676698 0.38933149988845833 0.05087408514929379 0.01512038896415202
1 0.5386654821437459 0.5228676961795566 0.04818612772394069 0.021206614653892508
1 0.5605126210155514 0.3551479296712133 0.054108345792955606 0.016846663274411533
1 0.5454774829000504 0.30300557553277035 0.05756112772394086 0.021697937584671045
1 0.526324747226883 0.7772685911366025 0.060576867080279054 0.020299211894930558
1 0.5711544621169301 0.15843670398147278 0.060139824505632156 0.014049211894930557
1 0.5965376023261181 0.37427638794809925 0.05578010643661742 0.01849105042954129
1 0.36994796915429556 0.4421953075540889 0.07027964901126431 0.025478034825708918
1 0.5306551482549596 0.16989982643728146 0.06693612772394086 0.02218926051544958
1 0.5760608473824395 0.26637535674043483 0.05578010643661742 0.01849105042954129
2 0.5423967695226126 0.4806392526019918 0.05487317029858776 0.027784163274411532
1 0.3856397630663248 0.8188906043655855 0.07373243094224957 0.03032930913596843
1 0.3825140351099529 0.5964357502271426 0.07082595222957302 0.033290534825709095
1 0.41733252345788496 0.8888412562200365 0.07060743094224957 0.030165534825709273
1 0.44109562151975457 0.21506956354698267 0.0674824309422494 0.03000176051544958
2 0.6845071319113147 0.27392450588135214 0.04149908514929379 0.014629066033373573
