1 0.5090499203690506 0.737786431862123 0.03841005261671846 0.01715300790866543
1 0.4389208889401939 0.5774909190105418 0.033358531570031144 0.010712006920082118
1 0.5211704887707846 0.7585446008354838 0.039790542093374806 0.014091674904859807
2 0.52088352048199 0.6198004358164557 0.04429603157003115 0.011157675893442942
1 0.5350047465927052 0.8354891028126502 0.04108002630835923 0.009467841901054186
1 0.4507684415569123 0.5935615879839025 0.036574536831702885 0.012401840912470874
1 0.5402782625894822 0.6182525232688857 0.04429603157003115 0.011157675893442942
1 0.602965062293016 0.9317857826604257 0.04751203683170289 0.012847509885831698
1 0.45392572070786896 0.3801357579458465 0.040989021046687314 0.007905341901054186
1 0.5794519675829228 0.9027694447137045 0.05072804209337463 0.01453734387822081
1 0.4528028364646497 0.41438342395345773 0.03804603157003115 0.01090300790866543
1 0.6580238735787013 0.13748663741306127 0.06938703683170289 0.013738847832553257
1 0.6074565992658935 0.7947951186299809 0.053853042093374805 0.01466467787060921
1 0.5460853157003109 0.11577878068325945 0.05394404735504672 0.0162271778706093
1 0.5537128890813682 0.4340831117098988 0.05367103157003115 0.011539677870609211
1 0.6326708889401939 0.5853856265386463 0.06019404735504672 0.016481845855386902
1 0.6661247999152954 0.1159936393902276 0.0694780420933748 0.015301347832553214
1 0.6319197310194512 0.6126338760443547 0.05412605787839038 0.01935217787060921
1 0.5639979416980866 0.4500901136870651 0.0507280420933748 0.014537343878220454
2 0.8423386894201865 0.09043917695638823 0.09309755261671845 0.019381352775469107
1 0.49838543615406616 0.7420282628887623 0.041171031570031144 0.011030341901054185
0 0.45568272568719215 0.6779365879839025 0.03528505261671846 0.017025673916276674
1 0.45026791261771715 0.5849678379839025 0.03804603157003115 0.01090300790866543
2 0.3651655995482421 0.4887520711779885 0.0284890210466874 0.007396005931499161
