1 0.7113101620904596 0.36128713839762355 0.012592841901054187 0.04081591477265238
1 0.5227742441056821 0.3583235998411395 0.007650673916276674 0.03448409415580134
1 0.35043632908665395 0.3691498258951521 0.011157675893442942 0.043913641233702096
1 0.8827805968811511 0.444292732960462 0.013102177870609211 0.053315914772652385
1 0.8092038340295697 0.3845961789827025 0.01402800790866543 0.037718188311602764
1 0.7441345909496521 0.4185678043880919 0.012720175893442941 0.043940914772652384
1 0.5423519150562092 0.37830881737373545 0.01096667490485963 0.03922614123370209
1 0.6996524204934166 0.4013627134787014 0.011221342889637321 0.0454761412337021
1 0.18328727425746882 0.5073198019491647 0.01641817885919248 0.05805796185055314
1 0.44375258897248565 0.4144293238665572 0.012911176882026254 0.04862841477265238
1 0.8873699377936219 0.48017568588256127 0.01648184585538672 0.05962046185055314
1 0.8353246181356895 0.5459740097458232 0.017980678859192523 0.058085235389503255
0 0.1587409190105418 0.4037681079555191 0.012847509885831743 0.04706591477265239
1 0.7145836952079959 0.5183729354755242 0.013102177870609211 0.053315914772652385
1 0.416585252508639 0.400049224028713 0.011030341901054185 0.04078864123370205
1 0.7352344348278725 0.46875871916074435 0.016099843878220454 0.05024546185055314
1 0.90347244026508 0.4916217004930579 0.01648184585538672 0.05962046185055314
1 0.5476972841433005 0.5478673409126857 0.01641817885919252 0.05805796185055314
2 0.617936846881151 0.4489155978125446 0.012847509885831698 0.047065914772652206
1 0.37401043334499784 0.46802765665827284 0.014792011862998144 0.05646818831160268
1 0.34380030440925563 0.6475884715930811 0.021678681824942016 0.07220228246740419
2 0.86933090912471 0.34445637419416403 0.014155341901054186 0.04084318831160268
1 0.48372899015134935 0.34024180154542283 0.01402800790866543 0.037718188311602674
