1 0.3796875 0.51015625 0.0125 0.0390625
1 0.4734375 0.375 0.0078125 0.03046875
1 0.3890625 0.53359375 0.0171875 0.0421875
1 0.4609375 0.3921875 0.0078125 0.03203125
1 0.2890625 0.4796875 0.01015625 0.040625
1 0.2953125 0.4 0.0078125 0.03828125
1 0.2 0.4234375 0.01015625 0.03984375
1 0.146875 0.5078125 0.01328125 0.05
1 0.3171875 0.6328125 0.02109375 0.05
1 0.3046875 0.4671875 0.0109375 0.04375
1 0.9296875 0.5546875 0.0203125 0.05078125
1 0.4546875 0.434375 0.0078125 0.040625
1 0.6234375 0.4015625 0.009375 0.040625
1 0.7640625 0.7140625 0.03046875 0.06484375
0 0.8546875 0.43515625 0.01171875 0.04453125
1 0.709375 0.684375 0.01875 0.06015625
1 0.5984375 0.4796875 0.009375 0.04921875
1 0.5828125 0.465625 0.009375 0.04375
1 0.1 0.540625 0.0203125 0.04921875
1 0.7875 0.5375 0.021875 0.0578125
1 0.3125 0.6109375 0.02578125 0.03984375
2 0.16875 0.375 0.00859375 0.03359375
1 0.146875 0.4921875 0.0140625 0.053125
