1 0.4610727516503852 0.3967932206807233 0.04000969336130424 0.013864092558271502
1 0.5891250514406037 0.49526298093234233 0.03184199585081515 0.00890377404661713
1 0.436924856629407 0.40534976514576043 0.043489890871793335 0.01866071996293317
1 0.572884744801908 0.4821627802067029 0.03184199585081515 0.00890377404661713
1 0.4984086535198406 0.30723221287617497 0.04133539502097818 0.01079365626060227
1 0.5776225568391885 0.31626496169504864 0.03809199585081515 0.009122028855940555
1 0.561407406219133 0.22013400616008577 0.041453794191141216 0.012356156260602269
1 0.48105797800467576 0.16406256623421958 0.050947193361304245 0.014246038474587408
1 0.34315246845690617 0.3300099700477511 0.051657588382282335 0.023621038474587408
1 0.5097246618182103 0.32329372249482186 0.04469719336130425 0.014027783665263981
1 0.37486499375300075 0.9452381551642939 0.05153918921211931 0.022058538474587407
1 0.53117084148256 0.47443956024376976 0.041216995850815154 0.00923115626060227
1 0.5511962311049534 0.6443353979927178 0.04133539502097818 0.01079365626060227
1 0.22804030579028128 0.7740476575265467 0.06799298340326046 0.033541675497895794
0 0.5000794039208258 0.8744122783926043 0.04469719336130425 0.014027783665263981
1 0.2618717767459871 0.7203968678708328 0.060795790041956364 0.020823420688572368
1 0.4749656178275618 0.6166072128761749 0.05071039502097818 0.011121038474587407
1 0.49021210952919214 0.6014732861971528 0.044460395020978184 0.010902783665263982
1 0.4517974531095664 0.11604172848527164 0.0515391892121194 0.022058538474587407
1 0.40282681823783595 0.8036508558899333 0.05947008838228225 0.0238938569862416
1 0.3653826659673952 0.3260863618803831 0.042519386722608396 0.026418656260602268
2 0.6122128896223934 0.19057548093234233 0.03508539502097818 0.010575401451278842
1 0.49668297800467576 0.16460820325752815 0.054190592531467276 0.015917665879249122
