1 0.44375 0.3515625 0.0109375 0.03125
1 0.61875 0.3765625 0.009375 0.040625
1 0.3703125 0.3828125 0.01015625 0.0375
1 0.6046875 0.3921875 0.00859375 0.04375
1 0.60625 0.43046875 0.0078125 0.04453125
1 0.56953125 0.44375 0.01796875 0.05078125
1 0.5765625 0.48515625 0.015625 0.05390625
1 0.69375 0.5 0.01328125 0.053125
1 0.353125 0.41796875 0.0125 0.04375
1 0.621875 0.46171875 0.01953125 0.053125
2 0.54375 0.46796875 0.01171875 0.05234375
0 0.153125 0.43125 0.01171875 0.04609375
0 0.9359375 0.4265625 0.01484375 0.053125
1 0.425 0.5203125 0.0109375 0.05546875
2 0.19375 0.828125 0.028125 0.09765625
1 0.2328125 0.5796875 0.0140625 0.06484375
1 0.371875 0.3640625 0.00859375 0.0359375
1 0.63828125 0.4203125 0.01171875 0.04609375
1 0.659375 0.4140625 0.01015625 0.0375
1 0.64609375 0.415625 0.01015625 0.0453125
1 0.6515625 0.4 0.00859375 0.04140625
1 0.6609375 0.45625 0.01328125 0.04609375
1 0.6671875 0.44765625 0.01015625 0.04140625
1 0.6703125 0.4296875 0.009375 0.0390625
2 0.59765625 0.33203125 0.00703125 0.02890625
