1 0.4254861840785873 0.5935293222246694 0.03444772533418181 0.007450401451278843
1 0.44635102538190685 0.37325402775963223 0.03762726933481808 0.012247028855940556
1 0.442989668045816 0.3528324003549705 0.036082950668363624 0.013754965153609699
1 0.4290384454169052 0.6303571996293311 0.036010225334181814 0.007504965153609611
1 0.482563434754905 0.6665873655085802 0.03917158800127254 0.010739092558271324
1 0.4733327907383604 0.5444395469969259 0.04387726933481808 0.012465283665263982
1 0.5716093954487219 0.8696156509879426 0.043968176002545434 0.020277783665263983
2 0.5036293654121328 0.5978200073412122 0.043859088001272716 0.010902783665263982
1 0.5557987507160886 0.38332348692279206 0.053270450668363625 0.014355165879249121
1 0.5587948393539082 0.17101445988095013 0.056377269334818084 0.012901793283910834
1 0.559906637412451 0.602128050625123 0.05014545066836362 0.014246038474587408
1 0.5622123827179977 0.3976042417321155 0.05018181333545435 0.01737103847458741
1 0.6289255260184536 0.1578448264858386 0.059520450668363624 0.014573420688572546
1 0.6189147266868172 0.16999016242068804 0.06578863200190917 0.016354175497895928
2 0.8161528060152718 0.1409549707655413 0.08453863200190889 0.017008939925866252
1 0.5410850067631774 0.7295437224948218 0.04854658800127272 0.01106647477225664
1 0.636986758076042 0.5821727038905002 0.06266363200190898 0.01624504809323426
1 0.6242054947485417 0.624677662420688 0.05332499466899989 0.01904266587924912
1 0.6169304387730405 0.8048190302067029 0.056486357336090795 0.022276793283910835
2 0.35249303206554244 0.49492564191745 0.02351022533418181 0.007068455534962936
1 0.5561122121259942 0.9471677321134686 0.048564769334818084 0.01262897477225664
1 0.5640338001272669 0.956815550625123 0.03455681333545435 0.01682540145127902
0 0.42035433609163214 0.689404817415346 0.04077045066836362 0.013918656260602269
