1 0.593566845415965 0.7140625 0.025546031570031148 0.009375
1 0.5593738559393087 0.7109375 0.04153505261671846 0.015625
1 0.6010880029837717 0.3703125 0.0413530420933748 0.0125
1 0.5551623110033365 0.5015625 0.038228042093374805 0.0125
1 0.5970859585419097 0.68046875 0.04429603157003115 0.009375
1 0.5481857269577611 0.675 0.05394404735504672 0.0140625
1 0.6001779503670532 0.3859375 0.04585853157003115 0.009375
1 0.5292353897872399 0.3296875 0.05559755261671846 0.015625
1 0.5716819530684764 0.459375 0.04585853157003115 0.009375
1 0.5191169371422865 0.315625 0.05367103157003115 0.009375
1 0.5769910793486008 0.421875 0.053853042093374805 0.0125
1 0.5899152845538028 0.3609375 0.050546031570031145 0.009375
1 0.5976646842996891 0.09375 0.053762036831702886 0.0109375
1 0.5240649584713225 0.60625 0.057342063140062294 0.01875
1 0.5320777956418439 0.9515625 0.053853042093374805 0.0125
1 0.4284493506070497 0.63828125 0.06488154735504667 0.0140625
1 0.4689840743692775 0.7203125 0.058904563140062295 0.01875
2 0.08688566395887336 0.8421875 0.10430806840173404 0.0203125
2 0.5205898899284142 0.478125 0.05706904735504672 0.0140625
1 0.36903728227590277 0.7328125 0.06689907366340586 0.021875
2 0.6749357556851949 0.44375 0.03960853157003115 0.009375
1 0.6337115162085386 0.440625 0.04466005261671846 0.015625
1 0.5496388950489116 0.328125 0.05550654735504672 0.0140625
1 0.5684890636341724 0.50078125 0.0491655420933748 0.0125
