1 0.3714777939906485 0.2815550125290537 0.04000969336130424 0.013864092558271323
1 0.4405428282330347 0.6864682018219478 0.041216995850815154 0.00923115626060227
1 0.4632484676549355 0.80003962850097 0.041453794191141216 0.01235615626060218
1 0.44553798155238267 0.6800272288637897 0.04133539502097818 0.01079365626060209
0 0.398889631123531 0.1161011381196169 0.041453794191141216 0.012356156260602269
1 0.4505984541584736 0.35399051851950347 0.04289789502097818 0.010848219962933125
1 0.402585161417225 0.24756939292894034 0.038210395020978186 0.010684528855940557
1 0.393907978428883 0.21575639773826377 0.04133539502097818 0.01079365626060227
1 0.5723875919299892 0.8447940785936373 0.060440592531467274 0.01613592068857237
1 0.5839805618367879 0.42923107677953876 0.05118399170163031 0.01737103847458741
1 0.4711916062284217 0.16057533521705922 0.04758539502097818 0.011011911069925695
2 0.399508628223746 0.3103422114405946 0.04133539502097818 0.01079365626060227
1 0.4433267153566284 0.14431541815668378 0.04782219336130424 0.014136911069925696
1 0.45111774979950736 0.26780748185901465 0.044460395020978184 0.010902783665263982
1 0.4400459207645019 0.7005852655242786 0.03797359668065212 0.007559528855940556
1 0.5030661390209155 0.6639185900263826 0.050947193361304245 0.014246038474587408
1 0.45521694441021143 0.46662692777533066 0.049384693361304244 0.014191474772256463
1 0.5085968564521364 0.8196055948357062 0.050947193361304245 0.014246038474587408
1 0.4244629292633643 0.40190222886378973 0.04133539502097818 0.01079365626060227
1 0.4896870327924937 0.48735609002638275 0.04914789502097818 0.01106647477225664
1 0.6130242473239296 0.8331918904818696 0.06392079004195636 0.02093254809323426
2 0.4131659572819733 0.8213714806778883 0.03196039502097818 0.01046627404661713
1 0.37185537967363846 0.21417653957089575 0.03508539502097818 0.010575401451278842
