1 0.41201381592141273 0.5642831777753307 0.03444772533418181 0.007450401451278843
1 0.43802397461809317 0.3423709722403678 0.03762726933481808 0.012247028855940556
1 0.43513533195418397 0.3221675996450295 0.036082950668363624 0.013754965153609699
1 0.4147115545830948 0.600892800370669 0.036010225334181765 0.007504965153609611
1 0.467436565245095 0.6334126344914198 0.03917158800127254 0.010739092558271324
1 0.46104220926163964 0.511810453003074 0.04387726933481808 0.012465283665263982
1 0.5518281045512781 0.8303843490120574 0.043968176002545434 0.020277783665263983
2 0.49012063458786725 0.5631174926587879 0.043859088001272716 0.010902783665263982
1 0.5473262492839114 0.3448015130772079 0.053270450668363625 0.014355165879249121
1 0.5552676606460919 0.13211054011904988 0.056377269334818084 0.012901793283910834
1 0.546343362587549 0.563496949374877 0.05014545066836362 0.014246038474587408
1 0.5534126172820024 0.3586457582678845 0.05018181333545435 0.01737103847458741
1 0.6257619739815463 0.11403017351416138 0.059520450668363624 0.014573420688572546
1 0.6154602733131828 0.12688483757931196 0.06578863200190917 0.016354175497895928
2 0.8135346939847279 0.0840450292344587 0.08453863200190917 0.017008939925866207
1 0.5245399932368227 0.6923312775051782 0.04854658800127272 0.01106647477225664
1 0.623950741923958 0.5381397961094997 0.06266363200190898 0.01624504809323426
1 0.6101695052514583 0.5815723375793119 0.05332499466899989 0.01904266587924912
1 0.5986945612269594 0.7623684697932971 0.056486357336090795 0.022276793283910835
2 0.3412569679344576 0.47069935808255003 0.02351022533418181 0.007068455534962936
1 0.5345127878740058 0.9090822678865313 0.048564769334818084 0.01262897477225664
1 0.5422161998727331 0.918184449374877 0.03455681333545435 0.01682540145127902
0 0.40464566390836787 0.6605951825846541 0.04077045066836362 0.013918656260602269
