1 0.4318852404416191 0.44665341033306377 0.013122712873234832 0.03156824874635866
1 0.3987231791775387 0.4749064424655174 0.015231516091543362 0.03942621285298138
1 0.595794921131767 0.4886637509244368 0.011997255447881727 0.03777278463973595
1 0.7092782669247226 0.47132783524760385 0.012215776735204997 0.040897784639735944
0 0.12035787855712003 0.5087348393377319 0.010871798022528623 0.04397732053311341
1 0.10397912570712846 0.5645673021907134 0.013559755447881638 0.03781824874635884
1 0.6064157108564223 0.5374733239648327 0.012434298022528623 0.04402278463973612
1 0.4290226843733187 0.509889196226441 0.012215776735204997 0.040897784639736125
1 0.2765968069014795 0.45974810688870915 0.010325494804219914 0.03616482053311341
1 0.728323561845158 0.5557566595416409 0.01577781930985207 0.04723871285298138
1 0.3454235805345915 0.5458470797708204 0.015559298022528622 0.04411371285298138
2 0.4825518759592301 0.48026388070789255 0.011997255447881727 0.03777278463973612
1 0.6541647960057162 0.5236094007661523 0.00920003737886681 0.04236935642649069
1 0.23591790453602055 0.684694282594672 0.013308383171822414 0.056522784639736125
1 0.283677697362769 0.6037792517158597 0.012871340597175518 0.050272784639736126
1 0.6817984870874243 0.6413137263138307 0.013308383171822414 0.056522784639735944
1 0.538004928421234 0.6907179959098719 0.016651904459145862 0.05973871285298138
1 0.8149823276845998 0.587540205464148 0.016433383171822413 0.05661371285298138
2 0.8079243084909633 0.75537256314428 0.022104228964778018 0.07081260517284953
2 0.34757557844090453 0.38127611441055653 0.007888909654926035 0.02361935642649069
1 0.4500778655676698 0.40948001926683686 0.011560212873234655 0.03152278463973612
1 0.5016732165564055 0.42980923964166573 0.011778734160558102 0.034647784639736126
1 0.6658996075218981 0.4226917584462842 0.011778734160558102 0.034647784639736126
1 0.6608296952690821 0.42829690076615223 0.008435212873234654 0.03143185642649069
