1 0.6787006189017001 0.34912937061160376 0.012829639784752267 0.041006945916316
1 0.4907104673301236 0.34945429674247186 0.007851041356328992 0.034593254809323425
1 0.31769034429459425 0.3632960858500314 0.011412688998963994 0.04407738221398514
1 0.8426667655108779 0.4292012726110368 0.013411836641598996 0.053506945916316086
1 0.7744112251880064 0.37074642106709066 0.01424659057054054 0.03793650961864685
1 0.7064767084387833 0.40587787841615197 0.012975188998963993 0.04413194591631604
1 0.5085143974377473 0.36911203231450157 0.011194365177646404 0.039389882213985136
1 0.6635636164205007 0.38943691208141595 0.011485463606069857 0.04563988221398514
1 0.13873909077993757 0.504481624957591 0.016755160462916717 0.05830357332097762
1 0.40691335608141854 0.40697910926367636 0.013193512820281583 0.04881944591631608
1 0.8441179495474433 0.4650296452063751 0.01682793507002245 0.05986607332097762
1 0.78641030335255 0.531783124787955 0.018317660462916763 0.05835813702330857
0 0.12326610215247709 0.40128470308789216 0.01312073821317572 0.04725694591631604
1 0.6682617708875613 0.5062697480162655 0.013411836641599173 0.053506945916316086
1 0.38104221484892414 0.3930629422033009 0.011267139784752267 0.04095238221398514
1 0.6932104210113958 0.4562598243324681 0.016391287427387446 0.05049107332097762
1 0.8591971399941493 0.4762027581830665 0.01682793507002245 0.05986607332097762
1 0.49905585256676177 0.5386978460168323 0.016755160462916762 0.05830357332097762
2 0.5778230155108779 0.43844982015611683 0.01312073821317572 0.04725694591631609
1 0.33260040674337227 0.46183278957089574 0.0151198858558109 0.05668650961864685
1 0.2867677142297516 0.6420485684268362 0.022097631926869442 0.07252976442797028
2 0.8379493403656528 0.32952865482502186 0.01439213978475209 0.04106150961864685
1 0.4533025126153937 0.3320411074495778 0.014246590570540719 0.03793650961864685
