1 0.3085584554518109 0.7893802039525014 0.01134029172311397 0.038265274545807235
2 0.7559690439864216 0.8306095635147959 0.011422178878243728 0.039827774545807416
1 0.28733855269284886 0.7750945633456179 0.015864017412854547 0.03552291181871077
1 0.3130556049314125 0.6736276581948669 0.01980788896415202 0.05140300333398003
1 0.2562733384230691 0.6791922609200236 0.018409163274411534 0.054400457576345394
1 0.2808362471749249 0.7494568345574452 0.014629066033373573 0.041645366061076314
2 0.43428215174290924 0.7258912730479951 0.021288501809022264 0.04996804909161447
1 0.37335129579544385 0.7507320342578827 0.019234678878243726 0.040465503333980024
1 0.5175040875185579 0.7248386982026255 0.013394114653892508 0.04776782030344169
1 0.610322351313368 0.7951827622971495 0.011422178878243728 0.03982777454580706
1 0.7721229884684976 0.8068212482123238 0.011504066033373483 0.04139027454580742
1 0.5407501577358029 0.7902882260824127 0.01775406603337366 0.04190045757634522
1 0.34309058570953566 0.7592461648628266 0.014792840343632995 0.04477036606107632
1 0.4745530269122513 0.616197279715955 0.021697937584671045 0.05778054909161447
1 0.557483956356322 0.7853774565375753 0.014874727498762752 0.04633286606107632
1 0.13808990445644265 0.6287462375821644 0.030745388964152066 0.05229582363742154
1 0.15848429161157238 0.6288418324314133 0.016846663274411533 0.054272911818710766
1 0.26842917967121327 0.6119250125870135 0.023424211894930557 0.061033094849248924
1 0.12716569256151206 0.6874835087939917 0.018409163274411576 0.054400457576345394
1 0.3980104590698555 0.6993926748647663 0.02137038896415202 0.051530549091614475
1 0.8049155563108934 0.7200545718497455 0.021861711894930736 0.060905549091614476
1 0.2806248852345658 0.7235480387998108 0.017917840343632994 0.04502545757634522
