1 0.7266530397775953 0.7281393706284034 0.03922614123370209 0.01028418977951393
1 0.6961376509795253 0.819654070191563 0.043913641233702096 0.010393292553055744
1 0.7084757840955525 0.6948904595342367 0.04078864123370209 0.010320557370694417
1 0.669012089291128 0.8065176373459033 0.04706591477265239 0.012028527735416716
0 0.6572124821430926 0.04968575588701444 0.04865568831160268 0.013627395326597269
1 0.712946870133679 0.5730700109210075 0.04237841477265238 0.011919424961875081
1 0.692564006496117 0.3975244970532992 0.043913641233702096 0.010393292553055567
1 0.7237713218379623 0.5350251502636811 0.043913641233702096 0.010393292553055567
1 0.610313199275242 0.8559532864722227 0.05646818831160268 0.01380923328249999
1 0.3753245446488593 0.8856543977951393 0.07551819724005648 0.03143314437666689
1 0.7107685357171103 0.4292109081474659 0.04703864123370209 0.010466027735416716
1 0.628831374194164 0.8696709475663894 0.05646818831160268 0.01380923328249999
1 0.5664598336090851 0.7713048763279866 0.06282728246740418 0.020204703647222287
2 0.6125769030081202 0.7262657864722227 0.05959318831160267 0.013881968464861316
1 0.4676871428618504 0.6986648504924309 0.07530000892845372 0.018933144376666888
1 0.5993928847441755 0.5860583605604172 0.05655000892845372 0.01849673328249999
1 0.5041622053610266 0.5791524374984032 0.06277273538950343 0.017079703647222288
1 0.5571350211066136 0.41000370041618106 0.06428068831160268 0.013991071238402953
1 0.2045598514659926 0.7284925951740974 0.1036159237011061 0.030525261017916704
1 0.5563889529253946 0.49752188421177135 0.06282728246740402 0.020204703647222287
1 0.5023032451320313 0.32744446713368097 0.06899546185055314 0.0156626740119445
1 0.4747624464292775 0.11421711531006987 0.0784795560063543 0.02213087955902786
