1 0.1643746019907364 0.288005227014236 0.05410764586155699 0.019986498100138927
1 0.18740266621508764 0.29527221314652763 0.06323698439616776 0.015517203647222288
1 0.17729068181891988 0.3095529186936109 0.06652575870642727 0.018714938829583437
1 0.20968045793820167 0.25729943446118037 0.05575203301668681 0.021585365691319504
1 0.2613248450933314 0.254536803952222 0.08239642017181659 0.02376611474138901
1 0.12117572139432733 0.5465087112466666 0.05986632293077852 0.010756968464861317
1 0.2151768634106971 0.19708863307440955 0.07557321008590827 0.01268314437666671
1 0.1526869137286968 0.7939097348980206 0.0710494843961678 0.015699041603124898
1 0.16199771596726042 0.6906938159200693 0.06644387155129752 0.01715243882958344
1 0.1810564116925319 0.4163659631465276 0.058958920171816545 0.023220600873680653
1 0.2208813930364819 0.698686847455208 0.06965075870642723 0.01878767401194459
1 0.16945609113660257 0.5781574483288887 0.07113137155129752 0.017261541603125076
1 0.25291920284981906 0.17670274468166644 0.0757369843961678 0.01580814437666671
1 0.20265809475464716 0.48062783168763873 0.05912269448207608 0.026345600873680652
1 0.2018126469932108 0.37764830205236094 0.07285764586155699 0.02042290919430565
2 0.23597520579049514 0.529791377090486 0.0807520330166868 0.022167247150208524
1 0.19945785165205213 0.5119141992788192 0.06956887155129757 0.017225174011944587
1 0.21160821234921584 0.7862959502287498 0.07886198439616779 0.01588087955902786
1 0.3165833966545265 0.5997025271667358 0.07622830732694626 0.02518314437666689
1 0.3085384390550091 0.11298443037711778 0.08067014586155707 0.020604747150208436
2 0.08764176786713977 0.8141508061364234 0.06800637155129752 0.017188806420763925
1 0.16026695612917935 0.3068279621965971 0.0636464201718165 0.02332970364722229
