1 0.715625 0.3833307700544827 0.0359375 0.015736315963434677
0 0.6875 0.9578020771265774 0.05 0.011703787427387624
1 0.73125 0.3543710161255412 0.034375 0.014101041356328814
1 0.7515625 0.7389108360179174 0.0390625 0.012756865177646404
1 0.6828125 0.2583650033052597 0.046875 0.01312073821317572
1 0.6796875 0.3918132040910479 0.05 0.014828787427387446
1 0.68203125 0.6825473660017067 0.0453125 0.014610463606069856
1 0.6546875 0.2664300603773543 0.05 0.014828787427387446
1 0.68125 0.6567297286981538 0.0390625 0.015881865177646403
1 0.72265625 0.649283255786459 0.04375 0.01141268899896417
1 0.68515625 0.8444116652159185 0.0484375 0.011631012820281584
1 0.65 0.7841804865560367 0.05 0.014828787427387446
1 0.56953125 0.685120094290085 0.0578125 0.015192660462916762
1 0.6078125 0.2220593221641785 0.05625 0.0182448858558109
1 0.62578125 0.580708730145896 0.053125 0.013411836641599173
1 0.625 0.566609842842343 0.0578125 0.015192660462916762
2 0.6359375 0.43118176509208395 0.05625 0.0151198858558109
1 0.4703125 0.25628015673886306 0.078125 0.022388730355292808
1 0.51015625 0.9206359092200624 0.075 0.019118181141081082
1 0.31953125 0.6211324071531479 0.0984375 0.02489730024766885
1 0.5203125 0.21954644416625052 0.06875 0.026639582712657716
2 0.75390625 0.22808249792857618 0.04375 0.014537688998963993
1 0.753125 0.39445236062502326 0.0375 0.01424659057054054
