2 0.7696267414506253 0.2746492828747643 0.040843205547083275 0.011267139784752267
1 0.6700683782278476 0.5572006095915659 0.053452308320624906 0.016536836641599172
1 0.7299174633339589 0.6473932700544827 0.037790940729444424 0.01424659057054054
1 0.7223595364722227 0.6579668970189534 0.044113675911805574 0.017662688998963994
1 0.7389651550133338 0.6337674176971179 0.04098867591180557 0.017517139784752445
1 0.6419433782278476 0.5558906666636606 0.054978440729444425 0.015047111248705036
1 0.7271938132577089 0.7315499462331652 0.04553070554708327 0.011485463606069857
2 0.7018625856747921 0.514978876340789 0.05032730832062508 0.016391287427387446
1 0.7455762180836116 0.515454065339753 0.04240570554708327 0.01133991439185813
1 0.6788641096104866 0.6668667080199894 0.053379573138263935 0.013411836641599173
1 0.7136313145888892 0.2829668970189534 0.047093205547083274 0.01155823821317572
1 0.6025717537028129 0.5407900514860141 0.0627909407294446 0.015410984284234352
1 0.6218815321038197 0.3645379205926019 0.05512391109416672 0.021297111248705036
1 0.5973582300514588 0.5850302030575907 0.06282730832062491 0.016973484284234175
1 0.6523651998475002 0.19895146194893082 0.05654094072944442 0.0151198858558109
1 0.6736337085843062 0.7774403349844601 0.0534159407294446 0.014974336641599173
1 0.5335093631258683 0.35651990529112104 0.07536367591180557 0.019118181141081082
1 0.6287199456665283 0.7254026459854961 0.06290004350298606 0.020098484284234174
1 0.4874429418668062 0.8249573821317572 0.07536367591180557 0.019118181141081082
1 0.46618357807534777 0.716271586846487 0.0817227786853472 0.024096779569504533
1 0.623562279822709 0.8391012729499667 0.06442617591180558 0.018608758891340216
1 0.493724083774931 0.5583520789886041 0.0707852786853472 0.02358735731976367
