1 0.7848916514001656 0.8321183558107645 0.04753009724103805 0.013591027735416716
1 0.7280584752354553 0.8643483211414935 0.05402575870642714 0.018423998100139016
1 0.30084204149597144 0.4697183136389585 0.10977779172311405 0.04000936379145834
1 0.7008265106269912 0.7318442924561464 0.06003009724103805 0.013881968464861139
1 0.7638057089542545 0.4297746058107645 0.04909259724103805 0.013627395326597203
1 0.6594601249421995 0.552973756836945 0.06027575870642732 0.018569468464861315
1 0.6527121579588864 0.5731044188810422 0.06372830732694616 0.024892203647222288
1 0.6651015360689045 0.3330613003399311 0.06512703301668683 0.021803571238402774
1 0.7215163896415205 0.5161835780753478 0.05394387155129756 0.016861498100139018
1 0.5987594838303408 0.22851796428388935 0.07113137155129756 0.017261541603125076
2 0.6048489473071511 0.7616025680073616 0.07894387155129756 0.01744337955902786
1 0.5479593809350933 0.4949774592498962 0.07910764586155708 0.02056837955902786
1 0.5929365247604854 0.8916349069131948 0.07894387155129756 0.01744337955902786
1 0.633308139980205 0.7388560522397922 0.06989642017181659 0.02347517401194459
1 0.3815552894598065 0.8484803996950003 0.10122830732694625 0.025765025835555733
1 0.5474857473980081 0.5901626726807644 0.08239642017181659 0.023766114741388834
1 0.44842628618044617 0.9780055519554516 0.09818519448207605 0.02725479065319476
1 0.27687891904016276 0.4293654173624308 0.11125840456798422 0.038483231382639004
1 0.4753795375392425 0.1522983435585768 0.08683825870642714 0.019187717514930647
1 0.5954340829919429 0.939291156913195 0.08584896879233561 0.03008884992375016
1 0.435470426276252 0.6265703385245838 0.0907821302577247 0.0348854526972918
2 0.8198298954072717 0.8883326414299659 0.04753009724103805 0.013591027735416716
