1 0.42799989711879255 0.9406566331193226 0.06728258838228238 0.023020488635914306
1 0.6467369805034755 0.21400876380301298 0.041572193361304244 0.013209112012708867
0 0.703116451058196 0.834157622569311 0.04782219336130424 0.013318206168510472
1 0.6718734933752374 0.5663797873419634 0.041572193361304244 0.013209112012708779
1 0.6715011047785292 0.2620780710271834 0.041572193361304244 0.013209112012708779
1 0.5943782232540128 0.6999383555231823 0.057197193361304244 0.01348184740221221
1 0.652022934661949 0.583154230117793 0.0464964917016303 0.016415932629560002
2 0.5797685037481995 0.5484304026010831 0.060440592531467274 0.015098894480112968
1 0.5978351099766213 0.724911081984232 0.05731559253146727 0.015044347402212211
1 0.4458223240838498 0.7009668417234647 0.07606559253146727 0.0153716298696164
1 0.46712679379015587 0.5691713709444579 0.0793089917016303 0.01698867694751698
1 0.5187377605966768 0.6308531647759477 0.06957879419114121 0.012137535713814884
1 0.5032096942097187 0.7562895413991532 0.07017079004195637 0.019950035713814884
1 0.47560860292765134 0.928873653411862 0.06354228174358649 0.03543866801906326
1 0.370141359552414 0.35260720820040037 0.0890391892121194 0.02183981818121907
1 0.4812089141165174 0.3420634001654511 0.06848989087179333 0.018360262174864594
1 0.3690711539440478 0.08039128896352113 0.08243399170163031 0.01704322402541769
1 0.384690956857766 0.4517032272751239 0.08290758838228234 0.023293224025417558
1 0.5576315493892332 0.4627656379905865 0.0605589917016303 0.01666139448011279
1 0.3676055875570897 0.2055822037361735 0.08771348755244546 0.024937544642268696
1 0.43142793736124146 0.6761850300350674 0.08423329004195637 0.020195497564368024
1 0.5201493244848352 0.13329632630218918 0.0652464917016303 0.016743215096963925
2 0.7568978435803745 0.4702393985438933 0.036647895020978184 0.010002291395857909
