1 0.23611101543946061 0.6926909725084902 0.039389882213985136 0.012106516091543363
1 0.2617980070019401 0.7828571506007481 0.04407738221398514 0.012434298022528623
1 0.2560068531884086 0.6585673447845494 0.04095238221398514 0.012215776735204997
1 0.28957826662058694 0.7684450893366679 0.047256945916316 0.014215319309851893
0 0.34098709854872117 0.01044691903808003 0.04887400961864685 0.015887079953513787
1 0.2579190719702153 0.536856235750042 0.04256944591631599 0.01388753737886681
1 0.2874677066312712 0.360217326095116 0.04407738221398514 0.012434298022528623
1 0.2490996326773213 0.49928517993384336 0.04407738221398514 0.012434298022528623
1 0.34561744629483415 0.8151836955211836 0.05668650961864685 0.016433383171822413
1 0.57876476299239 0.8339508489719233 0.07603671034428636 0.034932010895763456
1 0.2676264325846541 0.39277845381905685 0.047202382213985136 0.01265281930985207
1 0.32640365482502187 0.8297760732451245 0.05668650961864685 0.016433383171822413
1 0.39384910436953496 0.7284213868549934 0.06315476442797027 0.02312042574646931
2 0.35014623358829516 0.6854961955211836 0.059811509618646855 0.01665190445914604
1 0.4963044709744235 0.6511162056606422 0.07560020072563951 0.02243201089576328
1 0.3706546849469068 0.5445598390845662 0.05685020072563933 0.021120883171822414
1 0.46613087605389936 0.5332074398212004 0.06304563702330857 0.019995425746469307
1 0.4220783196079626 0.36639128041837593 0.06449900961864685 0.016979686390131123
1 0.7575495058208138 0.6686979175254708 0.10410714664195542 0.03533620248167448
1 0.4182415022774347 0.45394591074020685 0.06315476442797027 0.02312042574646931
1 0.4811656321291672 0.28120789724655343 0.06924107332097762 0.01886996832111638
1 0.5198362956461635 0.06652268437331876 0.07883432813030104 0.02577553218308677
