1 0.3153239110646954 0.024013115312705495 0.027037343878220543 0.04802623062541099
1 0.13005900684572014 0.7559398226448192 0.012720175893442941 0.04387726933481808
1 0.08263486159835558 0.6549773066518189 0.01390067391627663 0.03452045066836362
1 0.12674034726389954 0.7224006166454555 0.014282675893442943 0.043895450668363624
1 0.2560431866934958 0.692003497294729 0.012974843878220543 0.05012726933481808
1 0.5596828398495257 0.7525024559198219 0.011094008897248564 0.042296588001272714
1 0.46812669262499484 0.661424017266094 0.01935217787060921 0.05332499466899989
1 0.47718601623726026 0.707390497931276 0.014537343878220454 0.05014545066836362
0 0.9081786896592453 0.6703593812062786 0.016290844866803766 0.054851132001908984
1 0.08860763038143589 0.5658875346515007 0.017980678859192478 0.05799431333545453
1 0.5113010310660079 0.636714371260367 0.016481845855386902 0.05953863200190899
1 0.09184803551463219 0.6205113999840917 0.0226045118629981 0.056486357336090795
1 0.45275104342329764 0.5788296932686393 0.016736513840164592 0.06578863200190917
1 0.639365022663051 0.6750490705760951 0.011539677870609211 0.053234088001272536
1 0.42765820152224343 0.619727413271821 0.014855678859192523 0.05795795066836362
1 0.23269852859454998 0.6516693986314561 0.016290844866803766 0.054851132001908984
1 0.462297139772976 0.5170291272676849 0.018681015817330858 0.07518181333545434
1 0.37346408593237407 0.37828534794718427 0.034879018783080265 0.08942612667090888
1 0.3261341466930583 0.485816584619684 0.02630251482874755 0.07058522000318171
1 0.8683999011416826 0.4584230025461874 0.022379018783080084 0.08928067600254544
2 0.26306911950702094 0.6153955439608655 0.018299013840164413 0.06580681333545435
1 0.6440472054765761 0.5984683892425495 0.015365014828747548 0.07045795066836362
1 0.6311439347535105 0.30188429057927674 0.025949687756441086 0.10025453866963616
2 0.0732360038799706 0.7706568506524551 0.012847509885831743 0.04700226933481808
