1 0.2765625 0.2578125 0.009375 0.0453125
1 0.2828125 0.2609375 0.009375 0.04453125
1 0.4125 0.20546875 0.0109375 0.03359375
1 0.2484375 0.284375 0.009375 0.046875
1 0.3859375 0.2203125 0.0171875 0.03671875
1 0.2171875 0.30078125 0.00859375 0.046875
1 0.340625 0.2765625 0.009375 0.05078125
2 0.484375 0.2359375 0.0078125 0.04140625
1 0.4234375 0.240625 0.0109375 0.0421875
1 0.2546875 0.3234375 0.009375 0.053125
1 0.58203125 0.225 0.009375 0.03984375
1 0.2375 0.325 0.01015625 0.05078125
1 0.3265625 0.34765625 0.0171875 0.0546875
1 0.8609375 0.2953125 0.0109375 0.053125
1 0.8359375 0.3671875 0.01796875 0.065625
1 0.5234375 0.30703125 0.0171875 0.04921875
1 0.5984375 0.29921875 0.0140625 0.05234375
1 0.84375 0.29375 0.0109375 0.0546875
1 0.4234375 0.20625 0.0140625 0.03828125
0 0.1921875 0.2859375 0.0140625 0.04296875
1 0.33984375 0.25703125 0.01484375 0.04296875
