1 0.7109375 0.2609375 0.009375 0.0390625
1 0.803125 0.28984375 0.009375 0.04453125
1 0.678125 0.2796875 0.009375 0.03984375
1 0.790625 0.3171875 0.0109375 0.04765625
0 0.034375 0.3421875 0.0125 0.0484375
1 0.55625 0.27734375 0.0109375 0.0421875
1 0.38125 0.30078125 0.009375 0.04453125
1 0.51796875 0.2671875 0.009375 0.04296875
1 0.84140625 0.375 0.01171875 0.05703125
1 0.8765625 0.609375 0.0296875 0.07578125
1 0.4125 0.28203125 0.009375 0.04765625
1 0.8546875 0.35625 0.01171875 0.05703125
1 0.7578125 0.4203125 0.01796875 0.06328125
2 0.71171875 0.375 0.01328125 0.059375
1 0.6875 0.5203125 0.0171875 0.075
1 0.571875 0.390625 0.0171875 0.05546875
1 0.5671875 0.4859375 0.01640625 0.0625
1 0.396875 0.4359375 0.01328125 0.0640625
1 0.7234375 0.7828125 0.028125 0.10234375
1 0.484375 0.43515625 0.01875 0.06328125
1 0.315625 0.4921875 0.0140625 0.06796875
1 0.103125 0.5234375 0.0203125 0.07734375
