1 0.4921875 0.2046875 0.00859375 0.05
1 0.48125 0.1828125 0.0109375 0.05234375
1 0.42109375 0.20078125 0.0078125 0.04453125
1 0.70546875 0.209375 0.01171875 0.0609375
1 0.45 0.1890625 0.0171875 0.0578125
1 0.3875 0.1984375 0.009375 0.0640625
1 0.6015625 0.1828125 0.0140625 0.0546875
1 0.565625 0.21171875 0.0171875 0.0546875
1 0.5546875 0.2140625 0.01640625 0.05703125
1 0.659375 0.215625 0.0140625 0.06015625
1 0.6984375 0.253125 0.0140625 0.06796875
1 0.490625 0.25078125 0.0171875 0.0703125
1 0.2328125 0.2671875 0.01640625 0.07265625
1 0.4140625 0.2375 0.01875 0.0703125
1 0.734375 0.26171875 0.01796875 0.071875
1 0.3109375 0.28984375 0.01875 0.0703125
1 0.7234375 0.325 0.0140625 0.08359375
1 0.271875 0.2265625 0.0203125 0.06484375
2 0.5359375 0.2890625 0.021875 0.07578125
1 0.259375 0.340625 0.025 0.08203125
2 0.765625 0.1546875 0.0140625 0.05625
