1 0.16660291749673925 0.6186789166931806 0.060321069892376136 0.021003390674727028
2 0.11746352005899188 0.23039711935072651 0.06315497146395269 0.014789753341817757
1 0.1825554032287156 0.611829480028635 0.07303939371369372 0.025836341343090475
1 0.1380819652632089 0.5597215400222717 0.057268844499482 0.022529528007635947
1 0.17541079900932394 0.39600448535963517 0.06962329528527027 0.019549978675999568
1 0.1720353959900053 0.33421301002545334 0.06784247146395268 0.014844297342454117
1 0.16973868776061893 0.4506556226925443 0.06620719685684681 0.013263616008908663
1 0.22705253577475756 0.29420617536599847 0.07252997146395275 0.014898841343090474
1 0.15574465426217293 0.516153353357726 0.05995719685684686 0.01319089067472703
1 0.16686193672716162 0.5459863040260897 0.06330052067816441 0.017914753341817757
1 0.1742015175777925 0.2709226693586807 0.07245719685684686 0.013336341343090474
1 0.1443426197302696 0.6770454000238625 0.06664384449948199 0.022638616008908662
1 0.16822742183996545 0.7851942546944533 0.06940497146395268 0.014862478675999569
1 0.2883710254356754 0.3035180880410436 0.08524829528527036 0.01973179201145401
2 0.24355717742153668 0.46011298603595285 0.08056079528527035 0.01967724801081765
1 0.20265819561850176 0.48230561203054406 0.07409247146395274 0.014917022676635838
1 0.22963603432701554 0.23873742536599848 0.07594606989237614 0.02118520401018138
1 0.2156096900369305 0.8084141260343621 0.07765411910658786 0.024328385343726833
1 0.181861890408434 0.6602851613621805 0.06380994292790546 0.028852253341817756
1 0.2892312806074711 0.7717504673774526 0.0851755206781644 0.018169292011453918
1 0.2516264268023642 0.706434002705271 0.07950771753501122 0.03059656667727211
1 0.1395460736164298 0.39402381468808995 0.063518844499482 0.022602253341817757
