1 0.46590367584638537 0.7742361744015877 0.006431807181592397 0.03146825480932343
1 0.6659173113850049 0.7788765782999372 0.008030668617910842 0.03777281851165419
1 0.659735489078102 0.7669395734906137 0.009629530054229285 0.04407738221398514
1 0.3659763987190224 0.758244097452413 0.01747839149054773 0.05060020072563951
1 0.32527867584638537 0.7693254411918106 0.009620439695149674 0.04251488221398514
1 0.4676388926688982 0.7446032381039185 0.009629530054229285 0.04407738221398514
1 0.5003241276417836 0.7676240758528665 0.009620439695149585 0.04251488221398514
1 0.49094912764178356 0.7672966936388813 0.009629530054229462 0.04407738221398514
0 0.08653433841417202 0.7062896947351897 0.009656801131468162 0.04876488221398514
2 0.5912536546709507 0.718445020588056 0.009647710772388508 0.047202382213985136
1 0.4076008173369332 0.7221900355641806 0.023692030054229284 0.044568455534962935
1 0.8255559317983139 0.7391295759376845 0.012772710772388507 0.04731150961864685
1 0.8411627510801545 0.742800212960993 0.011228391490547551 0.05038194591631608
1 0.6913672841594459 0.7024058475372309 0.019022710772388506 0.04752976442797028
1 0.7710911455957644 0.6989385963561044 0.01280907220870695 0.05356150961864685
1 0.589378058163551 0.6378944250345598 0.012854524004105094 0.06137400961864685
1 0.7290132507855669 0.5443130945420058 0.014498837235821682 0.07549107332097763
1 0.23876952498606374 0.5959573738612827 0.01914997579950315 0.06940476442797028
1 0.44941263007767046 0.38530015997361733 0.022420421544777015 0.094513891832632
1 0.40206441052468317 0.5993155307548571 0.012881795081344016 0.06606150961864685
1 0.8076649707313376 0.5908185615097141 0.022274975799503237 0.06951389183263199
1 0.47442015779420865 0.7878175247644073 0.011146578258831141 0.036319445916316084
2 0.8393320854873056 0.7888393992586622 0.009647710772388508 0.04720238221398496
