1 0.7939280888840908 0.6351355594579868 0.0597295560063543 0.021694468464861137
2 0.8678794265437751 0.24919936587875072 0.06274546185055314 0.015517203647222288
1 0.7784258198093674 0.6277406335461813 0.07233865016215582 0.02823540919430556
1 0.8262008465947286 0.5772691612815979 0.05663182954530477 0.023184233282499987
1 0.7993770681845144 0.41251567704916725 0.06907728246740419 0.02035017401194459
1 0.8067043729730526 0.35094239741388955 0.06743296185055314 0.015626306420763923
1 0.8015474943212524 0.4672759122315284 0.06584318831160267 0.014027438829583261
1 0.7542884849857616 0.30908089931375066 0.07212046185055314 0.01573540919430556
1 0.8113395056853381 0.5331554853697924 0.05959318831160267 0.013881968464861139
1 0.7983213084452817 0.5625520446403479 0.06280000892845372 0.01864220364722229
1 0.8085902013005416 0.2876793312094798 0.07209318831160268 0.01417290919430556
1 0.8124365811734531 0.6941839043477438 0.06600682954530476 0.023402438829583438
1 0.7816484569858797 0.8013236039109035 0.06899546185055297 0.015662674011944322
1 0.6924197305215347 0.31623812946211866 0.08470228246740419 0.020713849923750072
2 0.7271787398570255 0.47414220165045207 0.08001478246740419 0.020604747150208526
1 0.7666270235422455 0.4977258252255562 0.07368296185055315 0.015771776785486226
1 0.7552566956184986 0.25361214931375065 0.0753545560063543 0.02205814437666671
1 0.7328154906710997 0.8228524585843061 0.07697160308425506 0.025219511967847552
1 0.7760178401019069 0.6761417659550006 0.06296365016215581 0.028017203647222287
1 0.6615950556059079 0.7836795493900006 0.08467500892845373 0.01915134992375016
1 0.703351907472347 0.719781356760695 0.07867047077900687 0.03306837955902786
1 0.8353418417234646 0.41178963164632015 0.06288182954530477 0.02332970364722229
