1 0.7638889845605394 0.7324420224325282 0.039389882213985136 0.010511602665567032
1 0.7382019929980599 0.8237884364600084 0.04407738221398514 0.010647994985435361
1 0.7439931468115915 0.6990839531530559 0.04095238221398514 0.010557066772189571
1 0.7104217333794131 0.8104928145941116 0.04725694591631609 0.012301423198680439
0 0.6590129014512789 0.05351538888814875 0.04887400961864685 0.013909387305303111
1 0.7420809280297848 0.57727714931299 0.04256944591631608 0.012165030878812289
1 0.7125322933687288 0.40159518771364977 0.04407738221398514 0.010647994985435005
1 0.7509003673226787 0.5392914160060375 0.04407738221398514 0.010647994985435005
1 0.6543825537051658 0.8595918926490725 0.05668650961864685 0.014136707838416385
1 0.4212352370076101 0.8879285266556703 0.07603671034428619 0.03186977711788863
1 0.732373567415346 0.43339075699312196 0.047202382213985136 0.01073892319868044
1 0.6735963451749781 0.8734187119285448 0.05668650961864685 0.014136707838416385
1 0.6061508956304651 0.7746796835570147 0.06315476442797027 0.020568564264907253
2 0.6498537664117048 0.7299043926490725 0.059811509618646855 0.014227636051661819
1 0.5036955290255765 0.701457480733163 0.07560020072563951 0.01936977711788863
1 0.6293453150530933 0.5896060015828456 0.05685020072563951 0.01882420783841656
1 0.5338691239461006 0.5821451910788621 0.06304563702330857 0.01744356426490725
1 0.5779216803920374 0.4132875424907879 0.06449900961864685 0.01436402837152997
1 0.24245049417918624 0.7297570108205527 0.10410714664195542 0.031125631037097
1 0.5817584977225654 0.5008102745440992 0.06315476442797027 0.020568564264907253
1 0.5188343678708328 0.33040083465237136 0.06924107332097762 0.01606292069139794
1 0.48016370435383654 0.11699155251991775 0.07883432813030104 0.022585705331134066
