2 0.2034757171252357 0.7584982585493748 0.01126713978475229 0.040843205547083275
1 0.49592439040843406 0.6455566217721523 0.016536836641599172 0.053452308320624906
1 0.5807317299455172 0.7013325366660411 0.01424659057054054 0.037790940729444424
1 0.5920331029810466 0.6932654635277773 0.017662688998963994 0.044113675911805574
1 0.5662325823028821 0.7110348449866661 0.015954639784752443 0.04095230832062491
1 0.49723433333633943 0.6174316217721524 0.015047111248705036 0.054978440729444425
1 0.6653250537668349 0.6946811867422911 0.011485463606069857 0.04553070554708327
2 0.45064612365921103 0.6793874143252079 0.016391287427387446 0.05032730832062508
1 0.447045934660247 0.7231737819163884 0.01133991439185813 0.04240570554708327
1 0.6050082919800106 0.6492608903895134 0.013411836641599173 0.053379573138263935
1 0.2170331029810466 0.7019936854111108 0.01155823821317572 0.047093205547083274
1 0.48577244851398593 0.5786782462971871 0.015410984284234352 0.0627909407294446
1 0.3073370794073981 0.6062434678961803 0.021297111248705036 0.05512391109416672
1 0.5305947969424093 0.5713917699485412 0.016973484284234175 0.06282730832062491
1 0.1385485380510692 0.6445098001524998 0.0151198858558109 0.05654094072944442
1 0.7163096650155399 0.6388662914156938 0.014974336641599173 0.0534159407294446
1 0.30754259470887896 0.5180531368741317 0.019118181141081082 0.07536367591180557
1 0.668347354014504 0.5962800543334716 0.02009848428423435 0.06290004350298606
1 0.7812926178682428 0.4500570581331938 0.019118181141081082 0.07536367591180557
1 0.674353413153513 0.4338164219246522 0.024096779569504533 0.0817227786853472
1 0.7827737270500332 0.585812720177291 0.018608758891340216 0.06442617591180558
1 0.5135229210113958 0.468775916225069 0.02358735731976367 0.0707852786853472
