1 0.7950844436891066 0.6205566728533313 0.03799132293077854 0.01090300790866543
2 0.7763112737444325 0.17270942186474816 0.03955382293077854 0.010966674904859808
1 0.783730863860923 0.6429410088228865 0.035111984396167806 0.015463173916276673
1 0.6795413308442363 0.6268305305717163 0.05090075870642714 0.019224843878220453
1 0.6926455184289073 0.6826666950964528 0.05394387155129756 0.01778967787060921
1 0.7591402996365718 0.6517721807619967 0.04128009724103805 0.014155341901054186
2 0.715259745588986 0.5016740216744677 0.049420145861557074 0.020723676882026254
1 0.7480589574839165 0.5598393487467743 0.03996325870642714 0.018779174904859808
1 0.703107226367109 0.41917985665543966 0.04744821008590829 0.012847509885831698
1 0.7605711663266292 0.320539426807664 0.03955382293077854 0.010966674904859808
1 0.7505333457707 0.15888434380385844 0.041116322930778534 0.011030341901054185
1 0.7649963947299032 0.39003884330956684 0.04144387155129756 0.017280341901054187
1 0.7605523134313817 0.5890811797734136 0.04440509724103805 0.014282675893442943
1 0.6009582281761313 0.4718830454004639 0.057232645861557074 0.021042011862997968
1 0.7578865796010408 0.3738872612943444 0.04596759724103805 0.01434634288963732
1 0.6583258293738983 0.804634536997507 0.05147396879233561 0.030162343878220456
1 0.6556987963572115 0.7843857039937013 0.05386198439616781 0.016227177870609212
1 0.6242263890756937 0.6768424594309088 0.06043953301668683 0.0227318458553869
1 0.718110265149547 0.81002769114212 0.05394387155129756 0.01778967787060921
1 0.6937875373120999 0.5401290266173836 0.050982645861557076 0.020787343878220454
1 0.6599968769783644 0.13438836258693873 0.06035764586155708 0.0211693458553869
1 0.7334409367917015 0.6543851861992043 0.04456887155129756 0.017407675893442942
