1 0.23311687867584513 0.4428970688890573 0.03947193577564878 0.008039758976990542
1 0.21735575983808103 0.3857567345801019 0.03807321008590829 0.011155668617910841
1 0.22909776402195253 0.48976297852997774 0.04580382293077854 0.009638620413308985
1 0.2516532739715752 0.22340672550491555 0.04424132293077854 0.009629530054229285
1 0.23237881501732077 0.635920361043535 0.04424132293077854 0.009629530054229285
1 0.23620757915081497 0.4733930899662962 0.04424132293077854 0.009629530054229285
2 0.3025429873368438 0.3409260236113217 0.050491322930778536 0.009665891490547729
0 0.2705251096811109 0.9518635236113215 0.05386198439616781 0.01437157220870695
1 0.23101771087887774 0.6171567255049155 0.04769387155129756 0.015897710772388506
1 0.31502089665452654 0.6098305597156751 0.050573210085908295 0.011228391490547728
1 0.3355668492772029 0.3669072615110732 0.05550637155129756 0.01594316256778665
1 0.2676633763009959 0.29070785499341084 0.05065509724103805 0.01279089149054773
1 0.31775630879728434 0.15502033986810032 0.05690509724103805 0.012827252926866262
1 0.3170602679786814 0.16830158986810032 0.05378009724103805 0.012809072208707039
1 0.3920150073516902 0.8853623457218328 0.07269387155129747 0.016043156517662284
1 0.39253282225341 0.4430430355151783 0.056741322930778534 0.00970225292686635
1 0.4013678324301752 0.6025180294650541 0.06677142017181655 0.022256795081344018
1 0.3253099434660232 0.6520907825883121 0.059948210085908296 0.011282933645025394
1 0.49000976707417027 0.19353391490547767 0.07894387155129756 0.01607951795398086
1 0.7170968102676223 0.3339599687674203 0.10468085594746519 0.03028746369925477
1 0.31859735527009675 0.4222941982793566 0.050573210085908295 0.011228391490547907
1 0.4962896653105765 0.3272049329576544 0.07918953301668682 0.020767017953980903
2 0.23251817164215458 0.15608741529826115 0.04440509724103805 0.012754530054229284
