2 0.20919182891289062 0.23743283548249733 0.01055706677218975 0.04133539502097818
1 0.33665759936686174 0.2697978174358653 0.010511602665567032 0.03977289502097818
1 0.10087790907942247 0.4617681394219007 0.02084134890464333 0.07329579004195637
1 0.3973306749145401 0.31041208465730474 0.013727530878812465 0.043134693361304155
1 0.25128238902116273 0.29777926224706197 0.013863923198680439 0.04782219336130424
1 0.09008516158670495 0.4828735448158411 0.014364028371529924 0.06500969336130424
1 0.6221177262473236 0.30787111557569863 0.010647994985435005 0.044460395020978184
1 0.2671968940357277 0.3428316531188552 0.02020485141192587 0.05142079004195628
1 0.1441685709953318 0.31941561867597634 0.01560827962517113 0.054190592531467276
1 0.670782546780437 0.30372898985075236 0.01836956677218975 0.041927390871793334
1 0.5455037504622184 0.35765670540787353 0.013954851411925873 0.050947193361304155
1 0.5123071540648576 0.4490979215896946 0.023784492478152685 0.06728258838228243
1 0.6720889825155297 0.36646578819107845 0.019932066772189748 0.04204579004195628
1 0.1881171477966514 0.36972419461070405 0.01739810015828458 0.06212149170163021
1 0.49242891158670493 0.5133613311328198 0.02543792069139794 0.07052598755244546
1 0.432202116917839 0.4305003643262988 0.02213106426490725 0.0640391892121194
1 0.16492368870459365 0.4133791062284217 0.025346992478152596 0.06740098755244528
2 0.30692933227810293 0.4304034307132569 0.02075042069139794 0.07017079004195637
1 0.33202965452707595 0.7517582124568434 0.028091559250342346 0.10814438672260832
1 0.8976740042231421 0.4172274178647169 0.011102636051661818 0.060085395020978184
1 0.8602863498290801 0.6257969344614565 0.027636918184115445 0.09251938672260832
