1 0.5874895048685538 0.7599876919160039 0.01090300790866543 0.03760908800127272
1 0.7283811017125238 0.694316143897232 0.01466467787060921 0.053270450668363625
1 0.654451511788636 0.7264115759070953 0.011285009885831698 0.04698408800127254
1 0.5419860038799706 0.7652024505888217 0.01246550790866543 0.03762726933481808
1 0.6783346807619968 0.7152013559039135 0.014282675893442943 0.043895450668363624
1 0.7404818536896902 0.6848047838956411 0.012847509885831698 0.04700226933481808
1 0.5162339287848304 0.7264581239258671 0.011285009885831698 0.04698408800127272
1 0.6633463507239407 0.699758169239368 0.011412343878220455 0.050109088001272714
2 0.4901343438038584 0.7345706159293669 0.011285009885831698 0.04698408800127272
1 0.6116246832334546 0.7042644032463676 0.011412343878220455 0.050109088001272714
1 0.7226868586326061 0.6615854598981865 0.01466467787060921 0.053270450668363625
1 0.32374533984952575 0.7552478372851841 0.01090300790866543 0.037609088001272536
1 0.11576835517256494 0.685046067313819 0.0115396778706093 0.053234088001272536
1 0.7635028596211892 0.656425245226005 0.012974843878220454 0.05012726933481808
1 0.3784593561611481 0.6773041032781844 0.011539677870609388 0.053234088001272536
1 0.685566202016535 0.6143837432368227 0.0149193458553869 0.059520450668363624
1 0.14861268867066213 0.6838830093093647 0.0132295118629981 0.056377269334818084
1 0.46930719064782844 0.6707808359325484 0.01778967787060921 0.05330681333545435
1 0.13591637049560415 0.6121898226448191 0.019861513840164456 0.0658249946689999
0 0.7962225177201351 0.6966502558880052 0.014282675893442943 0.043895450668363624
1 0.5903598368837762 0.7662013292489129 0.01090300790866543 0.03760908800127272
2 0.003166173384803978 0.7543420546626365 0.006332346769607956 0.05639545066836362
