2 0.7609375 0.20493167285333133 0.009375 0.041007001977166356
1 0.4734375 0.32289640015309934 0.0140625 0.05369800296574958
1 0.3859375 0.26864925193998535 0.0125 0.038009335969555205
1 0.375 0.2769074209133461 0.015625 0.04438666996194396
1 0.4 0.25870124897423574 0.0140625 0.04119800296574958
1 0.4734375 0.35102140015309935 0.0125 0.0551968359695552
1 0.3015625 0.27677476973448245 0.009375 0.04569450197716636
2 0.5171875 0.28830122425965643 0.0140625 0.05057300296574958
1 0.51875 0.24448755726346202 0.009375 0.04256950197716636
1 0.3640625 0.32110308988670677 0.0109375 0.053570668973360734
1 0.75 0.26162734182669206 0.009375 0.047257001977166355
1 0.48671875 0.38954273068544704 0.0125 0.0630093359695552
1 0.6640625 0.35887902661738363 0.01875 0.055451503954332716
1 0.4421875 0.39760724007698717 0.0140625 0.06307300296574958
1 0.83125 0.31769165802458377 0.0125 0.0567593359695552
1 0.253125 0.33343594661650855 0.0125 0.053634335969555115
1 0.66796875 0.4470011091268976 0.015625 0.07563666996194378
1 0.303125 0.3751486027382881 0.0171875 0.06320033695813834
1 0.196875 0.5232279584795066 0.015625 0.07563666996194396
1 0.3046875 0.5375849357420937 0.0203125 0.08207767095052709
1 0.1890625 0.38760879346047866 0.015625 0.06469916996194396
1 0.4640625 0.4998409021302657 0.0203125 0.07114017095052709
