1 0.482274257059629 0.2832152356731675 0.013954851411925873 0.05087408514929388
1 0.5741889724198929 0.2802866136492098 0.01073892319868044 0.04753056386197034
1 0.5362941673261856 0.2908909778794973 0.013954851411925873 0.05087408514929388
1 0.4920129699126104 0.29637079953513784 0.023329851411925874 0.05152964901126431
1 0.46316054420664754 0.26940410794922665 0.015426423198680438 0.0478583457929556
1 0.41343332884638356 0.27528276735205115 0.010920779625171306 0.053780563861970346
1 0.680848149379497 0.30177883741820777 0.010966243731793668 0.05534306386197034
1 0.5589731493794969 0.29325650721259244 0.010557066772189571 0.04128056386197043
1 0.6668083814328083 0.30157674162525216 0.012483279625171128 0.05388982450563216
1 0.8697204327655917 0.33525724497944687 0.010920779625170952 0.05378056386197043
0 0.15003005839241249 0.2794739685732179 0.017398100158284534 0.06203010643661733
1 0.42738818025830944 0.326156852501345 0.015699207838416385 0.0572333457929556
1 0.35643918276559183 0.2993651235365669 0.014091243731793846 0.05556158514929388
1 0.9251437186589693 0.33757349782943846 0.0157446719450391 0.0587958457929556
1 0.2841837495377816 0.33485487328446534 0.017261707838416563 0.05734260643661741
2 0.6502119148189032 0.3206873745449731 0.017261707838416563 0.05734260643661741
1 0.8913430316702353 0.40849800302521855 0.023784492478152685 0.0671546490112643
1 0.569280163565262 0.32594332107456286 0.01891513605166182 0.060576867080279054
1 0.8585305316702353 0.40620352950832217 0.0160174565847754 0.0681708457929556
1 0.5252921343358021 0.4218842517647109 0.029989028371529967 0.06602919158591121
1 0.5373649223407506 0.24730486884498992 0.012028638558944316 0.03826482450563216
1 0.5335185083132702 0.2758833369140047 0.015426423198680438 0.0478583457929556
