2 0.784375 0.22109375 0.01015625 0.04140625
1 0.65625 0.24375 0.009375 0.0390625
1 0.8859375 0.453125 0.01796875 0.07265625
1 0.59453125 0.2796875 0.01328125 0.0421875
1 0.740625 0.278125 0.01171875 0.046875
1 0.89609375 0.475 0.0125 0.0640625
1 0.3703125 0.26015625 0.01015625 0.04453125
1 0.7234375 0.321875 0.01953125 0.05
1 0.846875 0.3078125 0.0140625 0.05234375
1 0.321875 0.25234375 0.0171875 0.03984375
1 0.4453125 0.315625 0.0125 0.04921875
1 0.47578125 0.409375 0.021875 0.065625
1 0.31875 0.31484375 0.01875 0.040625
1 0.8015625 0.3546875 0.01484375 0.0609375
1 0.49375 0.475 0.0234375 0.06796875
1 0.55625 0.396875 0.0203125 0.0625
1 0.8234375 0.4 0.0234375 0.06484375
2 0.68125 0.40625 0.01796875 0.06875
1 0.646875 0.725 0.02578125 0.10703125
1 0.0921875 0.3484375 0.01015625 0.05859375
1 0.1234375 0.559375 0.025 0.08984375
