1 0.4249850038575113 0.23826407357508442 0.010315738741233104 0.03938083498097198
1 0.3691553084533032 0.2218379189361797 0.014903109191583752 0.038009335969555115
1 0.4719601334071607 0.23479156368925266 0.012278756939830337 0.04569450197716636
1 0.20500317088408943 0.2542405365403964 0.012178627390180986 0.04413200197716636
1 0.6173529765596154 0.23977619954507706 0.012178627390180986 0.04413200197716627
1 0.45515336520856337 0.24171006714929377 0.012178627390180986 0.04413200197716636
2 0.3185359423218892 0.3064967618258171 0.012579145588778217 0.05038200197716636
0 0.9294734423218891 0.28160296631380993 0.017466904688076924 0.05369800296574958
1 0.5987531708840894 0.2381964534994098 0.018628886489479513 0.04751166996194396
1 0.5855837399778506 0.32210853848038173 0.014141645588778218 0.05044566897336074
1 0.34211434222960413 0.3398212563886096 0.019129534237726276 0.05532416996194396
1 0.27093905151347286 0.2710341057040376 0.015704145588778216 0.05050933596955511
1 0.13224798889811656 0.3195418843729496 0.016104663787375538 0.0567593359695552
1 0.14552923889811656 0.3190007149052973 0.015904404688076922 0.053634335969555115
1 0.8547261613233654 0.40230939715016883 0.0202309592838688 0.07251166996194396
1 0.41399053979328054 0.3976709070731816 0.014542163787375629 0.05669566897336074
1 0.572264114747138 0.4083643734613537 0.02608044108527139 0.06651633794672147
1 0.6269702035806561 0.33288952958313317 0.014742422886674333 0.05982066897336073
1 0.15858354411221726 0.4922326264642843 0.02063147748246603 0.07876166996194378
1 0.2826266116648191 0.7209412638029834 0.03629605027685514 0.10433467292769336
1 0.398484258176448 0.3234985780237087 0.015704145588778307 0.05050933596955511
1 0.291326192940198 0.5000703482896638 0.025318977482466032 0.07895267095052709
2 0.13926754935400454 0.23432196737675523 0.015303627390180985 0.044259335969555114
