1 0.2593566733528223 0.344264648540598 0.03804603157003115 0.010029564934808199
2 0.2807421808218071 0.792002719157449 0.03960853157003115 0.01005683847375849
1 0.27058259968941645 0.32217146022899523 0.03519404735504663 0.014662517856907442
1 0.37489066809115046 0.34068390665827286 0.05100105787839038 0.018060253246410873
1 0.36145822867096394 0.28461118466145 0.05403505261671846 0.016552300324311542
1 0.2951275733810572 0.31392258360578984 0.0413530420933748 0.013209112012708867
2 0.3398925837632266 0.464857792209932 0.04952956314006211 0.019595479707460582
1 0.30674688381969634 0.40600098944998847 0.040063557878390374 0.01786933847375849
1 0.35252836263183457 0.5475339245151802 0.04751203683170289 0.011755706168510117
1 0.2956251862246533 0.6447186160731939 0.03960853157003115 0.01005683847375849
1 0.3066067308076897 0.8064100925342436 0.041171031570031144 0.010084112012708956
1 0.29079420208025597 0.5752010028426691 0.04153505261671846 0.01633411201270878
1 0.29408028384793117 0.37650440422264086 0.0444780420933748 0.013263659090609536
1 0.45439469952000716 0.4972690974055075 0.057342063140062294 0.01973184740221221
1 0.2979997573278104 0.5914981586868677 0.046040542093374805 0.013290932629559826
1 0.3950758235222316 0.1635895726487412 0.051638094710093264 0.028997753246410872
1 0.3978213919239656 0.18387479910979085 0.05394404735504663 0.014989800324311542
1 0.42992750761015913 0.29201853571711023 0.060558068401734035 0.021348894480112967
1 0.3352457972138723 0.15681346712885413 0.05403505261671846 0.016552300324311542
1 0.3611459574831022 0.42694868912567696 0.051092063140062205 0.019622753246410874
1 0.3973073255177829 0.8329805008140742 0.0604670631400623 0.01978639448011279
1 0.32081781811938537 0.31191007021310924 0.04466005261671846 0.016388659090609537
