1 0.2953125 0.3078125 0.00859375 0.0375
1 0.6 0.3640625 0.009375 0.0453125
1 0.2421875 0.38125 0.009375 0.04921875
1 0.19609375 0.4046875 0.0109375 0.05
1 0.56328125 0.52265625 0.01328125 0.0625
1 0.5984375 0.43125 0.0140625 0.04921875
1 0.4703125 0.309375 0.00859375 0.0390625
1 0.1078125 0.540625 0.0171875 0.075
1 0.4109375 0.321875 0.009375 0.040625
1 0.578125 0.3421875 0.009375 0.046875
2 0.2734375 0.44375 0.0125 0.06015625
1 0.1828125 0.42578125 0.0109375 0.059375
0 0.8953125 0.40078125 0.01171875 0.05546875
2 0.965625 0.653125 0.015625 0.07421875
1 0.58359375 0.5453125 0.015625 0.06796875
1 0.27578125 0.61328125 0.01875 0.07734375
1 0.53125 0.671875 0.0296875 0.0703125
1 0.16015625 0.625 0.01640625 0.0828125
1 0.5984375 0.675 0.01796875 0.08359375
1 0.784375 0.58984375 0.01875 0.07578125
1 0.90546875 0.6234375 0.02578125 0.0859375
2 0.190625 0.28125 0.01171875 0.0359375
1 0.2390625 0.3359375 0.00859375 0.040625
1 0.23203125 0.334375 0.0078125 0.03984375
