1 0.24871569342772296 0.6784863608760927 0.04073408800127272 0.012215776735204997
1 0.35067708808081444 0.5712751583944182 0.054851132001908984 0.0178866225281606
1 0.313312353397497 0.45113190319863816 0.048564769334818084 0.014324579953513706
1 0.31804749610117716 0.7236788925549765 0.04854658800127272 0.012762079953513705
1 0.27411239871099796 0.30766040864651983 0.04705681333545444 0.01890281930985207
1 0.4798896840388164 0.2526130036831708 0.06597044533736351 0.034276447033792845
1 0.4091992074315409 0.695412144900765 0.06735113200190898 0.01876070767745457
1 0.431761266709089 0.2825625836366846 0.061155676002545435 0.023011165102807672
1 0.42104358473899667 0.5038037991078094 0.06268181333545453 0.019995425746469307
2 0.458408319422314 0.6239470543035894 0.07203863200190916 0.01908848960843983
1 0.38347776070177114 0.23198878326836753 0.06113749466899989 0.021448665102807674
1 0.366700982733906 0.4700732913141392 0.05646817600254535 0.022683383171822412
1 0.41776930267345425 0.020827408142316747 0.06893181333545453 0.020432468321116344
1 0.41420542811104033 0.7896702432916106 0.07047613200190898 0.018979228964778015
1 0.5593821154519036 0.8350323837529 0.0893352200031817 0.029665356688718704
1 0.490218109365044 0.19950442917753866 0.07378294533736351 0.034822750252101554
1 0.5461793973981334 0.43953956729303967 0.0845749946689999 0.02308757475773362
1 0.6773855860916321 0.6281818141909465 0.10352498933799978 0.04158620248167466
1 0.7730509800684059 0.4502592739620882 0.11289998933799979 0.04224176634364483
1 0.7001156561107222 0.7673317955015131 0.10036362667090888 0.038242681194351036
1 0.5592510147199066 0.35339997150008406 0.08624658267027244 0.03257183540139543
2 0.23349068276572274 0.7139539673127102 0.043859088001272716 0.012434298022528623
