1 0.9240454626799547 0.3011008114268595 0.02608044108527139 0.06689907366340594
1 0.1846477914913236 0.6165827423192537 0.013540868290882368 0.04126203683170289
0 0.8043595141934275 0.5898286534355297 0.01550388648947978 0.047603042093374806
1 0.5370916710409729 0.5944985558122517 0.015103368290882458 0.0413530420933748
1 0.23173354257105777 0.6348553292074264 0.015103368290882279 0.0413530420933748
1 0.6747301758213349 0.49930861120098047 0.016104663787375628 0.0569780420933748
1 0.5548496699612387 0.5724492505646974 0.01852875693983034 0.04622255261671846
2 0.5233679349206335 0.50501112158315 0.017867422886674155 0.06019404735504672
1 0.6996300462716856 0.49941502701423096 0.01766716378737563 0.05706904735504672
1 0.6826799830380204 0.35096211646265235 0.018868718383167504 0.07581904735504663
1 0.549427392045034 0.38985655844308764 0.02063147748246603 0.07903505261671846
1 0.6089235055555544 0.43309134797621374 0.015343200184570093 0.06938703683170289
1 0.7355255783499435 0.4008109270424658 0.023155700184570093 0.06984206314006225
1 0.9100039466408258 0.35017534825856245 0.038280052436323334 0.06293961575678067
1 0.336615313851974 0.32208304244631064 0.02591975478036197 0.08868306840173404
1 0.32086230105204755 0.43430232138550584 0.02149307063492074 0.0681885578783902
1 0.0634886944813575 0.35744920797721236 0.022394236581764693 0.08225105787839038
1 0.4353834808785521 0.3233354583301482 0.02708173658176456 0.08252407366340594
1 0.4384317304171267 0.4943914109751016 0.019429922886674333 0.06028505261671846
1 0.18918960132890275 0.3392312870434645 0.028944625230712662 0.08730257892507769
1 0.658481019435215 0.339918200649402 0.02405686613141391 0.0839045631400622
1 0.10954526681432131 0.5010935211878618 0.02129281153562217 0.0650635578783902
2 0.43665277761166293 0.6921918741433986 0.0116779796419344 0.03648353157003115
