2 0.21948420576147312 0.23239417740790574 0.01008411201270878 0.041116322930778534
1 0.348004672076253 0.2617651741285454 0.01005683847375849 0.03955382293077854
1 0.12197182629559859 0.45910276232447184 0.02000458279171564 0.07285764586155707
1 0.41035071347211083 0.3009372167561706 0.013236385551659246 0.04284259724103805
1 0.26422968993316054 0.2917182677515388 0.013318206168510205 0.04753009724103805
1 0.11219740584090335 0.4804454958161285 0.013618215096963926 0.06471759724103805
1 0.6342285442352316 0.29315677351728997 0.010138659090609537 0.04424132293077854
1 0.28218084902377005 0.33636902645796607 0.019622753246410874 0.050982645861557076
1 0.15849788717321694 0.3158374412027157 0.014989800324311542 0.05386198439616781
1 0.6825296765404799 0.28788277532631235 0.017896612012708958 0.041525758706427315
1 0.5601967548679687 0.34469494007106194 0.013372753246410874 0.05065509724103805
1 0.5313644172049891 0.4368481405460317 0.023020488635914306 0.06677142017181659
1 0.6867456180984934 0.35054654963657184 0.019459112012708956 0.041607645861557074
1 0.20462859334172717 0.3650871687014785 0.016688668019063258 0.06175637155129756
1 0.5145411558409034 0.5015314382620396 0.024637535713814884 0.06997830732694617
1 0.4506774788933864 0.4201309520568495 0.021403441558013724 0.06356453301668682
1 0.18354452597128704 0.40925324852966194 0.024582988635914304 0.0668533073269462
2 0.32584112012708843 0.4229549796464694 0.019950035713814884 0.06973264586155707
1 0.36577992207295773 0.7435064970593239 0.026854600648623085 0.1075601944820761
1 0.9138944991859258 0.39601393713038585 0.01041139448011279 0.05986632293077854
1 0.8863264269442217 0.6053136940277908 0.026581865259119652 0.0919351944820761
