1 0.7046875 0.3078125 0.0078125 0.0375
1 0.4 0.3640625 0.009375 0.0453125
1 0.7578125 0.38125 0.009375 0.04921875
1 0.80390625 0.4046875 0.0109375 0.05
1 0.43671875 0.52265625 0.01328125 0.0625
1 0.4015625 0.43125 0.0140625 0.04921875
1 0.5296875 0.309375 0.00859375 0.0390625
1 0.8921875 0.540625 0.0171875 0.075
1 0.5890625 0.321875 0.009375 0.040625
1 0.421875 0.3421875 0.009375 0.046875
2 0.7265625 0.44375 0.0125 0.06015625
1 0.8171875 0.42578125 0.0109375 0.059375
0 0.1046875 0.40078125 0.01171875 0.05546875
2 0.034375 0.653125 0.015625 0.07421875
1 0.41640625 0.5453125 0.01484375 0.06796875
1 0.72421875 0.61328125 0.01796875 0.07734375
1 0.46875 0.671875 0.0296875 0.0703125
1 0.83984375 0.625 0.01640625 0.0828125
1 0.4015625 0.675 0.01796875 0.08359375
1 0.215625 0.58984375 0.01796875 0.07578125
1 0.09453125 0.6234375 0.02578125 0.0859375
2 0.809375 0.28125 0.01171875 0.0359375
1 0.7609375 0.3359375 0.00859375 0.040625
1 0.76796875 0.334375 0.0078125 0.03984375
