1 0.2755869787190838 0.29577943771926 0.010215609191583753 0.03781833498097198
1 0.5766698149317081 0.33961437346135365 0.01227875693983016 0.04569450197716636
1 0.21775588988556566 0.3713816155898693 0.012579145588778307 0.05038200197716636
1 0.17016019664082585 0.39669729197760384 0.014141645588778307 0.05044566897336082
1 0.529787915642302 0.49970429787192183 0.016505181985972683 0.06300933596955502
1 0.5708017442967874 0.406865540457548 0.017266645588778218 0.05057300296574958
1 0.4504868491694344 0.29021123414548816 0.011878238741233105 0.039444501977166355
1 0.07316767582133489 0.536231977262587 0.021993718383167417 0.07570033695813834
1 0.39031081277223983 0.30513058000087506 0.011978368290882368 0.041007001977166356
1 0.5561966286267988 0.31863071140807514 0.012378886489479513 0.04725700197716627
2 0.24500070789959283 0.43260827566598153 0.016304922886674157 0.05988433596955502
1 0.15552719772055998 0.4183322114452562 0.014742422886674201 0.05982066897336078
0 0.8696292705149492 0.36430006118061364 0.016104663787375274 0.05675933596955511
2 0.9237708482465837 0.613778796351866 0.020431218383167506 0.07563666996194396
1 0.5486485371723869 0.5215328769213947 0.020030700184570094 0.06938666996194379
1 0.23648040176264146 0.6020440251716899 0.02375647748246603 0.07888900395433271
1 0.48819429365079187 0.6502282212939068 0.034193329734219444 0.07152217292769336
1 0.12010443014027157 0.6184741328900749 0.020931866131414 0.08344916996194378
1 0.5551815345514933 0.650615540457548 0.024156995681063265 0.08513900395433271
1 0.7465760950073813 0.5578829179104154 0.023556218383167505 0.07576400395433272
1 0.8655170596899209 0.5865424757053501 0.03050712523071262 0.0869561719391104
2 0.1726016810631222 0.27348262646428423 0.014802979641934399 0.036446835969555114
1 0.21753464682539594 0.32619644958225813 0.01197836829088228 0.041007001977166356
1 0.21060352637504529 0.32492045106513284 0.010415868290882369 0.04094333498097198
