2 0.23176464854059803 0.24043514422102227 0.04078864123370209 0.009611349336070062
1 0.3329963173737355 0.5285532886384363 0.05337046185055314 0.01437157220870695
1 0.2736564991925164 0.6157169453524904 0.037718188311602674 0.01271816861791084
1 0.281278084419864 0.6266998971478885 0.04402273538950343 0.015879530054229284
1 0.26452696104306944 0.6015999031980127 0.040870461850553055 0.014298849336070063
1 0.36112131737373543 0.5287169151018694 0.054905688311602675 0.01281816256778665
1 0.27687122808919806 0.7001192164297293 0.0454761412337021 0.009638620413308985
2 0.30094747646434494 0.48461239109776433 0.05024546185055305 0.01435339149054773
1 0.25722475000329525 0.48279536104353493 0.042351141233702094 0.009620439695149585
1 0.3248371696472116 0.6378919272021178 0.053315914772652385 0.01124657220870695
1 0.2878237337679456 0.2516998971478885 0.04703864123370209 0.009647710772388508
1 0.40041564245481337 0.5156629240788598 0.06271818831160267 0.012863614363184794
1 0.3800736891256769 0.3381828186926656 0.0550147824674041 0.01906816256778665
1 0.4058883465947286 0.5602305355151783 0.0627454618505531 0.014426114363184795
1 0.34861695779336327 0.17079533079291398 0.05646818831160268 0.012827252926866262
1 0.3307132483817375 0.7488748789975158 0.053343188311602674 0.01280907220870695
1 0.4684231229730528 0.33479017398066396 0.07527273538950344 0.016061337235821684
1 0.37533600162814834 0.6991294090517451 0.06280000892845372 0.017551114363184794
1 0.5172314009795252 0.80621572208707 0.07527273538950344 0.016061337235821684
1 0.5378632751670986 0.6985123063960255 0.0816045560063543 0.020785198672140126
1 0.38115753328477353 0.8132373608471433 0.06433523538950343 0.015997704722264316
1 0.5093951761400334 0.5389554992144331 0.0706670560063543 0.020721566158582762
