2 0.7751970148871962 0.18116530579028128 0.04106164764263518 0.012453378424238614
1 0.6823375425946739 0.4767164493613669 0.053779971463952594 0.018088071785542857
1 0.744225420592602 0.559835680065335 0.038082196856846905 0.015341580083912731
1 0.736922342842343 0.5713651759161501 0.04447774607105863 0.018940176764564675
1 0.7529454491286491 0.5450627850443569 0.041352746071058634 0.018703378424238616
1 0.654212542594674 0.4788476344243014 0.055269696856846906 0.01664397095570571
1 0.7434677493763182 0.6445658775758241 0.04574914764263518 0.012808575934727706
2 0.71311235359571 0.43048006678794337 0.05065497146395259 0.01785127344521662
1 0.7567895789886041 0.4256023900233787 0.04262414764263518 0.012571777594401645
1 0.6936817650920839 0.5856178526807148 0.05363442224974104 0.014963071785542858
1 0.7194564371369372 0.19636517591615013 0.04731164764263518 0.012926975104890737
1 0.6145314584342743 0.46852636367837697 0.0630821968568469 0.017235966806520862
1 0.6297090405277593 0.2894066261259316 0.05556079528527036 0.02289397095570589
1 0.610355534736791 0.513531210359029 0.06315497146395259 0.018798466806520864
1 0.6562971575674326 0.11961434438234506 0.05683219685684691 0.01676237012586883
1 0.6910362621965997 0.6971473485315299 0.053707196856846905 0.01652557178554286
1 0.5412458540099947 0.2921899292401425 0.07572774607105863 0.021308160167825108
1 0.6449574747692124 0.6504625252960945 0.06330052067816432 0.021923466806520863
1 0.5061561480524107 0.7676052489510928 0.07572774607105863 0.021308160167825108
1 0.4823847001621065 0.6612135389930491 0.08219606989237604 0.02646925684847723
1 0.64245752108794 0.7651170211469097 0.06479024607105863 0.020479365976683893
1 0.5062116902373092 0.4994705555897886 0.07125856989237604 0.025640462657336015
