1 0.6566189015948614 0.23131596482403333 0.014898954597152781 0.037085411818710765
0 0.08149226823611137 0.3064415765123596 0.010538762917777823 0.05076527454580724
1 0.6859427256830558 0.21326759542897716 0.013300087005972294 0.035395366061076294
1 0.3018761969977085 0.22426757892825555 0.01184668977951393 0.039955320303441774
1 0.780820121009653 0.254052349970905 0.012028527735416716 0.047767820303441774
1 0.6472991061920141 0.26808251224865776 0.013663762917777867 0.051020366061076315
1 0.3566195548052433 0.28946227316868134 0.013554660144236142 0.04633286606107632
1 0.7720997376509031 0.2829426245167122 0.013663762917777867 0.051020366061076315
1 0.3824189886008336 0.2881390181677115 0.01497168977951393 0.04021041181871077
1 0.3908302474345488 0.24596749362190434 0.010393292553055567 0.04451527454580724
1 0.19482806962288218 0.2995382590838558 0.010502395326597247 0.04920277454580724
1 0.25424009042444473 0.32991154317256066 0.013663762917777867 0.051020366061076315
1 0.3514255213702434 0.402600001956854 0.013845600873680652 0.058832866061076315
1 0.8153782653863197 0.3263738890605798 0.01693423328249999 0.0575254575763454
1 0.4571475380877434 0.3376131175588884 0.012173998100139017 0.05401782030344169
1 0.47122822188333363 0.33724645574017753 0.013845600873680652 0.058832866061076315
2 0.6069111487450698 0.3152124748259729 0.012246733282499988 0.057142820303441685
1 0.7779536134102087 0.46719007875907775 0.02056837955902786 0.07965554909161447
1 0.11452623983510457 0.48142572999612065 0.01737064437666671 0.07627545757634539
1 0.40958808595913254 0.6483272190760971 0.02104115824437507 0.09996804909161447
1 0.8158523504924309 0.41400143481821433 0.025037674011944587 0.070663186364518
2 0.8127591456109379 0.18021636618176248 0.013518292553055745 0.04477036606107632
1 0.646371079406528 0.1945812393698405 0.013372822188333444 0.03852036606107632
