1 0.6804097099021766 0.6338243183420182 0.014866136803468067 0.04106150961864685
1 0.6242499861399488 0.7179835527329217 0.011559126280124232 0.03782738221398514
1 0.36948762045375516 0.6180654314035278 0.015230157850155468 0.04731150961864685
1 0.8529987994917725 0.5056744925739698 0.016246626280124587 0.03799107332097762
1 0.6771636125612475 0.6049726320443491 0.014213689420186526 0.05663194591631608
1 0.7127363624906602 0.678100107997732 0.010178636803468066 0.040897818511654194
1 0.5054853046122699 0.668115016705405 0.016428636803468066 0.04111607332097762
1 0.8504506521649606 0.46192449257396984 0.01999325256024882 0.07554563702330856
1 0.5664382151638485 0.6393699686121708 0.012105157850155378 0.047202382213985136
1 0.31622538353734764 0.6982092883897694 0.012105157850155469 0.047202382213985136
1 0.5698068678935064 0.5359175863981857 0.016322220990217674 0.06606150961864685
1 0.3747820652062008 0.6014409265942043 0.015685184158514786 0.05512400961864685
1 0.18714555731369298 0.605644820873907 0.014395699943530271 0.059756945916316084
1 0.7883440362670056 0.5783877954765275 0.02064569994353036 0.05997520072563951
1 0.813563844145396 0.5947295580903992 0.01595819994353036 0.059811509618646855
1 0.489727441839261 0.26315469819375065 0.024392326223654594 0.09752976442797028
1 0.8236599099868812 0.5395782666205869 0.022572220990217672 0.06627976442797028
1 0.45032882580013156 0.5275644277753306 0.016686242036904986 0.07231150961864685
2 0.6569883494776549 0.5273932690676577 0.01650423151356133 0.06918650961864685
1 0.5382537600292335 0.5049230467424719 0.02119173151356133 0.06935020072563951
1 0.15058018380557886 0.4213888719623661 0.025408794653623536 0.08820932813030122
2 0.7500690334949953 0.7276809565464533 0.013303636803468067 0.04100694591631608
