1 0.8419964608076225 0.5176584251493063 0.05210813702330839 0.016825130508958352
1 0.785684462621721 0.47334407427562564 0.05841270072563933 0.018533100873680652
1 0.7357092883897695 0.29234734099312565 0.07247520072563951 0.01886040919430556
1 0.808236530500403 0.5888060733256951 0.049146828130301044 0.0214398953265972
1 0.8004314649839737 0.6331918529609729 0.05227182813030105 0.021512630508958352
1 0.8253471633473604 0.45706576405513955 0.055233137023308745 0.016897865691319503
1 0.7748312642583344 0.649797471502084 0.06471726442797028 0.020241071238402776
1 0.8023734548171728 0.44323900018743123 0.06299107332097771 0.015517203647222288
1 0.7544988837736296 0.9409673321594104 0.07236607332097762 0.01573540919430556
1 0.7556695804077358 0.48202809004319513 0.06627976442797028 0.02027743882958326
1 0.7829785809558899 0.6851719270491674 0.06310020072563952 0.01864220364722229
1 0.754439374787955 0.8307201631814589 0.06789682813030104 0.021876306420763925
1 0.6833828303229177 0.8056097539871534 0.08006944591631608 0.012792247150208524
2 0.7225048724257023 0.6704723409931257 0.07274801923729371 0.02667290919430556
1 0.6757836067317876 0.9336620188047924 0.07721726442797028 0.02053201196784755
1 0.7267409938399142 0.5939462085843061 0.07581845553496294 0.02518314437666689
1 0.5708109415703287 0.53636683187507 0.09473214664195542 0.030307055470833434
1 0.776914641747814 0.32145426595500065 0.0680605192372937 0.026563806420763926
1 0.7391566922033009 0.4175291789490284 0.07274801923729371 0.02667290919430556
1 0.7005927000078492 0.447125106760695 0.06973214664195541 0.029725174011944588
1 0.686547591292327 0.22239721048416725 0.07554563702330856 0.01737064437666671
