1 0.20418521596726041 0.6869096898410482 0.041116322930778534 0.01079365626060227
1 0.31255099389556457 0.5833084854872117 0.0554244843961678 0.015972229581580066
1 0.28304163557325007 0.46190720064082136 0.04901071008590829 0.01262897477225664
1 0.2703148270031083 0.7345088869384906 0.048928822930778534 0.01106647477225664
1 0.25319808457788184 0.31712297949676194 0.04769387155129756 0.017261911069925695
1 0.4615771506112553 0.26929557078908894 0.06718085594746519 0.03197917549789597
1 0.36286749717492495 0.7094419103521356 0.0679244843961678 0.016408739200226917
1 0.4117475689740496 0.2975495455613455 0.06192014586155703 0.020877984390903402
1 0.3869202301007546 0.5183258370311578 0.06331887155129748 0.01780754809323426
2 0.41642958842306904 0.6397271218775481 0.07261198439616781 0.01657243030721922
1 0.36691642582602607 0.24530748848243658 0.06183825870642732 0.019315484390903314
1 0.3349792718238686 0.48270828476157235 0.057232645861557074 0.020714293283910834
1 0.414567111035848 0.03543149147766149 0.06956887155129751 0.018025802902557665
1 0.3618195742895749 0.8038367510963085 0.0710494843961678 0.016517866604888454
1 0.5034438302824688 0.8542583586307042 0.09029080732694617 0.02654763103285873
1 0.47525787030810207 0.21656987487277296 0.07499335594746519 0.032251994009550165
1 0.5156084741078608 0.4584647089935238 0.08527575870642731 0.020133939925866075
1 0.6341559989839473 0.6516194535512283 0.10492651741285464 0.03797620435383653
1 0.740778892470655 0.4771154721555497 0.11430151741285463 0.038303586567821665
1 0.6478799050222696 0.7915078435697618 0.10163774310259513 0.03474207694917482
1 0.5341338240624323 0.3728173856725462 0.08732958163720568 0.02956350362819702
2 0.18675869855440588 0.7218303268643568 0.044241322930778496 0.010902783665263982
