2 0.7638282811746805 0.215625 0.04128056386197052 0.009375
1 0.7322126583944183 0.34375 0.03971806386197052 0.009375
1 0.5388989730126934 0.1140625 0.07318612772394087 0.01875
1 0.6919593629697797 0.40546875 0.04306158514929379 0.0125
1 0.703737733152152 0.259375 0.04774908514929379 0.0125
1 0.5177341671964946 0.10390625 0.06493658514929379 0.0125
1 0.6958117106043208 0.6296875 0.04440556386197052 0.009375
1 0.6587858660718728 0.2765625 0.05131112772394068 0.01875
1 0.68147995692115 0.153125 0.054108345792955606 0.0140625
1 0.7002371306508071 0.678125 0.04182686708027923 0.0171875
1 0.645587471500084 0.5546875 0.05087408514929379 0.0125
1 0.5539680540514879 0.52421875 0.0671546490112643 0.021875
1 0.6375186093634835 0.68125 0.04193612772394086 0.01875
1 0.6314363982549597 0.1984375 0.06203010643661742 0.015625
1 0.4895995514535979 0.50625 0.07038890965492613 0.0234375
1 0.5720949772000672 0.44375 0.0639203883676025 0.0203125
1 0.5876535472662239 0.1765625 0.06726390965492612 0.0234375
2 0.5714608286930061 0.31875 0.07006112772394069 0.01875
1 0.25030709453244787 0.353125 0.10799817029858776 0.025
1 0.588082066032532 0.9078125 0.06003056386197052 0.009375
1 0.37932977890576663 0.8765625 0.09237317029858776 0.025
