1 0.6997304145126942 0.7148173504060521 0.009611349336070062 0.041225777297895935
1 0.5991304508134394 0.6181006415836087 0.01438066256778665 0.05558866594684382
1 0.4766832790722706 0.6618983112310803 0.011219301131468028 0.04913840684754529
1 0.749330438713191 0.6428632048172738 0.009656801131468029 0.049038277297895935
1 0.3308076976901815 0.7087604241232919 0.015897710772388506 0.04787629549649317
1 0.28898277029167196 0.5051137924141742 0.030069295081343927 0.06752746144333717
1 0.7269236527070334 0.5528587685123643 0.014453385440423539 0.06808866594684382
1 0.3158270714231401 0.5518490900701358 0.019104524004105096 0.06213905459579187
1 0.5362168394753167 0.5510120735695815 0.015988614363184793 0.06350129549649317
2 0.6586640112164857 0.5072144039221097 0.01448065651766246 0.07277616594684382
1 0.2621980773750684 0.6029598095330374 0.017542024004105095 0.06203892504614252
1 0.4990304568635636 0.6073214327611651 0.019077252926866173 0.057451554595791876
1 0.05339070393669741 0.5796083544112218 0.016024975799503172 0.06975129549649317
1 0.8214321768093343 0.5428946807585804 0.01447156615858276 0.07121366594684382
1 0.8760600685944698 0.39480883174602954 0.023955650467538447 0.09056444324473985
1 0.23657538777811463 0.4975306323274265 0.030114746876741982 0.07533996144333717
1 0.4800163155694076 0.42878542258213237 0.01767837939029935 0.08547642504614253
1 0.6769226109453392 0.28721278455149324 0.03497496369925486 0.10532785009228504
1 0.5052607135028631 0.20052072023809395 0.035029505853732344 0.11470285009228505
1 0.8174248910977642 0.25710737508305437 0.03183178298109581 0.10200259099298643
1 0.39477825233769104 0.4201799830380204 0.02706246974937896 0.08763970234403846
2 0.7341963181034904 0.728239500313767 0.009629530054229285 0.04435077729789576
