1 0.6334370423757234 0.307073500169636 0.01615562101845249 0.03642857332097771
0 0.05601769766563018 0.31509177586071563 0.012287168373499168 0.05032738221398514
1 0.664034594992442 0.2924852105139223 0.014502115756780754 0.03481150961864685
1 0.281623913394176 0.2587773215916972 0.013212631541796239 0.039444445916316
1 0.7549634318806147 0.34419653265377365 0.01366765785015538 0.047256945916316
1 0.6211876713572709 0.3426563361044855 0.015412168373499213 0.05043650961864685
1 0.33069917924977876 0.3301637374709463 0.01513915258848364 0.04574900961864685
1 0.7439503371705214 0.37199415043978845 0.015412168373499213 0.05043650961864685
1 0.35643492661894277 0.33184528855940537 0.016337631541796238 0.03955357332097771
1 0.3682215660532468 0.29076642077339054 0.011923147326811722 0.04407738221398514
1 0.1691624397731224 0.3213913942797027 0.012196163111827297 0.04876488221398514
1 0.22570857138550576 0.3585937831171098 0.015412168373499213 0.05043650961864685
1 0.3163343004094056 0.442390918959292 0.015867194681858442 0.05824900961864685
1 0.7834076793203659 0.4203423704027216 0.018901189420186527 0.056795637023308566
1 0.42664173982959214 0.38987853256895566 0.01403167889684287 0.053506945916315905
1 0.44065873719875626 0.39115085588993337 0.015867194681858265 0.05824900961864685
2 0.5772332740304591 0.38496039799271775 0.014213689420186526 0.05663194591631608
1 0.7347742162932432 0.5564237141421193 0.023300263083592298 0.07877976442797027
1 0.07459485046587531 0.4934449543538365 0.019993252560248753 0.07554563702330838
1 0.3541172085419097 0.6942188029873757 0.02448333148532651 0.09909226442797028
1 0.7767488846667423 0.5077878067003908 0.02744173151356133 0.06956845553496294
2 0.7926979212866837 0.27427590225388704 0.015048147326811723 0.044186509618646855
1 0.6262461686558478 0.2692461179556509 0.01468412628012441 0.03793650961864685
