1 0.6924568706655168 0.44598150199555137 0.04851309471009326 0.030855157850155378
1 0.39744456243419046 0.7815046891378379 0.0444780420933748 0.015048147326811723
2 0.6733310841867496 0.0641322625188951 0.07976309471009327 0.032675263083592455
1 0.40312614406069136 0.7320052180770331 0.04429603157003115 0.011923147326811722
1 0.34621817847331987 0.5169115681193853 0.03960853157003115 0.011650131541796328
1 0.45686579408892614 0.7055484048663837 0.05532453683170289 0.014122684158514786
1 0.36419390472520935 0.5849181154744321 0.04117103157003106 0.011741136803468066
1 0.40569261803468076 0.4285007864787671 0.053762036831702886 0.01403167889684287
1 0.48910841766762747 0.8179874916839692 0.060012036831702885 0.01439569994353036
0 0.4082367052052021 0.08450786277300891 0.055415542093374806 0.01568518415851472
1 0.47958920449933035 0.8283334574831022 0.06019404735504672 0.01752069994353036
2 0.49353133618230094 0.7201415258848363 0.0601030420933748 0.01595819994353036
1 0.5653343865917065 0.2953151021084909 0.07278505261671846 0.019811242036905076
1 0.4815208287133162 0.27330432323988285 0.05752407366340577 0.025151189420186525
1 0.6534861049510884 0.3650731362387707 0.07967208944842134 0.031112763083592475
1 0.6461844412745636 0.9081105046969744 0.08243306840173403 0.025044773606936133
1 0.6426858418674959 0.2865841151920833 0.062120568401734036 0.0238617052052021
1 0.42108239960471183 0.4387403364646497 0.0569780420933748 0.015776189420186527
1 0.5958578025461313 0.12424373891195895 0.07939907366340596 0.026425263083592433
1 0.67801712613895 0.22479674673387953 0.08859206314006211 0.023846294653623624
1 0.670685370383168 0.7405813704537552 0.08712056840173403 0.025317789391951707
1 0.7622798781345014 0.8961858993223633 0.09355257892507769 0.02880681043863902
1 0.34978133618230095 0.7117690418110261 0.0413530420933748 0.014866136803468067
2 0.3238551439901042 0.8013551865775892 0.034921031570031055 0.011377115756780753
