1 0.5953125 0.25703125 0.01171875 0.0359375
1 0.5640625 0.3015625 0.0109375 0.02890625
1 0.69609375 0.24375 0.0109375 0.0375
1 0.73125 0.253125 0.00859375 0.040625
1 0.2625 0.253125 0.00625 0.03984375
1 0.4296875 0.2484375 0.009375 0.0375
1 0.2796875 0.27734375 0.0171875 0.04375
2 0.2234375 0.2296875 0.0140625 0.0359375
1 0.7546875 0.271875 0.0125 0.040625
1 0.646875 0.365625 0.01171875 0.05703125
1 0.771875 0.28515625 0.0109375 0.05
1 0.83125 0.34375 0.01171875 0.06015625
1 0.6375 0.2921875 0.01015625 0.0484375
1 0.56171875 0.3359375 0.01328125 0.0546875
2 0.51796875 0.30703125 0.0109375 0.053125
1 0.4703125 0.3390625 0.0109375 0.0546875
1 0.3734375 0.4171875 0.01484375 0.0625
1 0.7125 0.3515625 0.0109375 0.05859375
1 0.803125 0.43515625 0.01484375 0.06875
1 0.1234375 0.3234375 0.0140625 0.053125
1 0.5890625 0.42734375 0.01484375 0.06796875
1 0.859375 0.434375 0.0125 0.0671875
