2 0.24707201488719618 0.22669753957540745 0.04106164764263518 0.011504066033373483
1 0.36671254259467395 0.5086292130265844 0.05377997146395277 0.016846663274411533
1 0.31297542059260197 0.5991590377663851 0.038082196856846905 0.014465291723114148
1 0.321297342842343 0.6096871019907364 0.04447774607105863 0.017917840343632994
1 0.3029454491286493 0.5855878606971636 0.04127997146395277 0.016191566033373662
1 0.39483754259467396 0.5071552442342488 0.055269696856846906 0.015366050429541289
1 0.32159274937631827 0.6832883763009959 0.04574914764263518 0.011749727498762751
2 0.33186235359571 0.4665988432843092 0.05065497146395277 0.0166828889641522
1 0.2880395789886041 0.4673291836279422 0.04262414764263518 0.01158595318850324
1 0.36555676509208396 0.6183317616471034 0.05363442224974104 0.01372166327441171
1 0.30383143713693717 0.2346871019907364 0.04731164764263518 0.011831614653892509
1 0.43328145843427424 0.49182681535600503 0.0630821968568469 0.01577548620519007
1 0.40158404052775937 0.3157113726829513 0.05556079528527032 0.02161605042954129
1 0.44160553473679104 0.536030516735486 0.06315497146395259 0.01733798620519007
1 0.3594221575674326 0.15032539009580584 0.05683219685684691 0.015447937584671046
1 0.37853626219659986 0.7288598258714546 0.053707196856846814 0.015284163274411533
1 0.4896833540099947 0.30717849841812034 0.07572774607105863 0.01955558344622812
1 0.41995747476921236 0.6765669855278216 0.06330052067816436 0.02046298620519007
1 0.5686561480524107 0.7752833672558843 0.07572774607105863 0.01955558344622794
1 0.5823847001621065 0.6664882213943273 0.08219606989237604 0.024570632066747145
1 0.43308252108794 0.7902200497521727 0.06479024607105863 0.018982373360319826
1 0.5437116902373091 0.5087509644969224 0.07125856989237604 0.023997421980838853
