1 0.29950391793111164 0.6698854371464358 0.036264808320625085 0.016575494804219916
0 0.3142274605810765 0.09607087873234701 0.05021820554708327 0.012871340597175518
1 0.2845699021635422 0.6984803307098184 0.03466594072944442 0.014903734160558102
1 0.2553291585287155 0.31346619234221584 0.039317073138263936 0.013669016091543362
1 0.33518945763437563 0.7956174106633322 0.047129573138263936 0.01421531930985207
1 0.33520502858843804 0.6622421819506557 0.05029094072944442 0.01599634059717552
1 0.3260969066288545 0.37145329098516305 0.045603440729444424 0.01566855866619026
1 0.3630962520872923 0.7882091022492435 0.05029094072944442 0.01599634059717552
1 0.32747822188333364 0.397289171306994 0.039389808320625 0.01679401609154336
1 0.286290177430417 0.403768764249958 0.04396820554708327 0.012434298022528623
1 0.3192078609416668 0.20951601969783962 0.04865570554708336 0.012762079953513795
1 0.35572789561093765 0.2705681341802286 0.05029094072944442 0.01599634059717552
1 0.43841506867295166 0.37150755732880797 0.05810344072944442 0.016542643815484225
1 0.41095317704916734 0.8336744215590954 0.05661367591180557 0.019558383171822413
1 0.38465624866881976 0.4746054241569856 0.053379573138263935 0.014652361884498966
1 0.3857648069894449 0.4887225544788164 0.05810344072944442 0.016542643815484225
2 0.37799128742215327 0.6238952299731843 0.05654094072944442 0.016433383171822413
1 0.5475076196784728 0.8026643582013282 0.07856141109416673 0.024213032183086725
1 0.4922440110179168 0.13737821178795392 0.07536367591180557 0.020869510895763277
1 0.6896333829775003 0.44133301031468564 0.09891027868534721 0.027195920550689222
1 0.4984168094579868 0.8382305176041527 0.06929551386770835 0.028244968321116205
2 0.2648776108447576 0.8242398013767233 0.04404094072944442 0.015559298022528622
1 0.26178571238402826 0.6578881816985541 0.037790940729444424 0.015122255447881728
