1 0.2560245388704299 0.7576023799794745 0.01197836829088228 0.040679542154477666
1 0.36263308914728515 0.653895596998379 0.017567034237726275 0.05476931323171659
1 0.48298635950535085 0.689119503810629 0.014041516039128865 0.048501132513557366
1 0.21043023905500005 0.6891432714700223 0.014041516039128954 0.048501132513557366
1 0.626677000313767 0.7257695552366847 0.017066386489479512 0.04695681323171659
1 0.6805191008674774 0.5192832059006147 0.03389294108527139 0.0657977168225127
1 0.23816281770948536 0.5976097564429077 0.01836807063492083 0.06726931323171641
1 0.6508525848283485 0.5678752420049682 0.022655052436323507 0.061046584308955334
1 0.42968898365632924 0.5824382326351942 0.019630181985972862 0.06259090359079629
2 0.30933571329826365 0.5472143258229443 0.0186684592838688 0.07195681323171658
1 0.7017048835640441 0.6152178746167214 0.021092552436323686 0.06103749394987581
1 0.46373451419342765 0.6361263140172835 0.022354663787375627 0.05635908430895533
1 0.9126516779808032 0.5772855616795924 0.020030700184570094 0.06884090359079628
1 0.14388189158360865 0.5942534731672244 0.018568329734219447 0.07039431323171641
1 0.09767512492617085 0.450044930914551 0.029144884330011323 0.08919885538619425
1 0.7335637577150227 0.5080411788714475 0.03439358883351815 0.0736102168225127
1 0.49321816240309957 0.4563342748878679 0.022594495681063264 0.08447499394987582
1 0.3038226002491686 0.3285779553114395 0.04098355027685523 0.10332498789975161
1 0.48117444710225116 0.22992631099222133 0.04158432757475108 0.1126999878997516
1 0.1645493491694344 0.3083023376286051 0.03765829117755652 0.10018180718159239
1 0.5792755783499435 0.44177635031802875 0.03050712523071262 0.08608294574527382
2 0.22064824337393674 0.7734273678792262 0.012178627390180986 0.04380454215447767
