1 0.39571177096657423 0.2405414979856526 0.01375496515360961 0.036446835969555114
1 0.4254067054501448 0.2837994080617648 0.01191964664195524 0.028570668973360736
1 0.2953943124363865 0.23136676924019084 0.012247028855940556 0.037945668973360734
1 0.2599106802224013 0.24217427665456465 0.01079365626060227 0.041007001977166356
1 0.7286606802224014 0.22307417779624722 0.007668656260602269 0.04087966798477751
1 0.5616368713293939 0.22519904638904711 0.010684528855940557 0.03788200197716636
1 0.7106274428362731 0.24799326475438552 0.018715283665263982 0.04445033695813834
2 0.7685416357573642 0.19804500289138743 0.015317465153609789 0.036510502965749536
1 0.23581841579443105 0.26187928159748053 0.013918656260602269 0.0411343359695552
1 0.3403570936545798 0.35123625886006754 0.014464293283910834 0.05675933596955511
1 0.21816712432461882 0.27586086855561887 0.012683538474587409 0.05044566897336074
1 0.1567459854872117 0.33687396441100576 0.014573420688572546 0.059884335969555204
1 0.35229658766412997 0.2774167568829012 0.011066474772256552 0.048819501977166356
1 0.4265500539988659 0.3180789075674732 0.014409729581580067 0.0551968359695552
2 0.47130948249198684 0.28738998167403024 0.012792665879249121 0.053570668973360734
1 0.5178471765942042 0.3174793882901013 0.012847229581580067 0.055133168973360736
1 0.6119939914776615 0.391657034526049 0.01780754809323426 0.06313666996194386
1 0.2752231669755575 0.3398477727002319 0.013010920688572547 0.05982066897336082
1 0.18167900890085664 0.42713420847950667 0.018025802902557685 0.06938666996194395
1 0.8652678136175129 0.2877203151349464 0.015917665879248942 0.05369800296574949
1 0.39601432741251086 0.410599330000875 0.018025802902557685 0.06938666996194395
1 0.12545629075202208 0.4286449703425047 0.014846239200226829 0.06769683596955507
