2 0.2498613050357929 0.24730161905195924 0.041171031570031144 0.01079365626060227
1 0.37285627318341313 0.5385119508104574 0.05394404735504663 0.015917665879249122
1 0.32014006783703663 0.6239930938242157 0.038228042093374805 0.013809528855940556
1 0.32858960466873965 0.6352034123358701 0.04466005261671846 0.01715278366526398
1 0.30994602048199005 0.6096032116102307 0.04144404735504663 0.015481156260602268
1 0.40098127318341314 0.539494097452413 0.055415542093374806 0.014409729581580067
1 0.32974185196731653 0.7085317849312084 0.04585853157003106 0.010957347367594749
2 0.33749562585660137 0.49361611306150943 0.05081904735504663 0.015808538474587408
1 0.29365462059492947 0.49052582939624545 0.042733531570031145 0.010848219962933215
1 0.37297664150044263 0.647668696001134 0.053762036831702886 0.012792665879249121
1 0.3067483418674959 0.26020341233587 0.04742103157003115 0.011011911069925695
1 0.43927022845920244 0.5275769400106842 0.0632280420933748 0.01468254809323426
1 0.4055036312594476 0.34941473447572136 0.05577956314006225 0.02065972958157989
1 0.44811387841685 0.5723264448200076 0.06331904735504672 0.01624504809323426
1 0.3613910682605597 0.18102683302444258 0.0569780420933748 0.014464293283910834
1 0.3872505150791438 0.7588790145127883 0.053853042093374805 0.014355165879249121
1 0.4935573681052679 0.34859133365741474 0.07591005261671846 0.01824405771188111
1 0.4280883467056447 0.7104067981780522 0.06350105787839037 0.01937004809323426
1 0.5780267044993305 0.8216766587924911 0.07591005261671846 0.01824405771188111
1 0.5904973414439729 0.7145189232204613 0.08243306840173403 0.023149812521204537
1 0.4425442308076897 0.8247421166897067 0.06497255261671846 0.017862111795565027
1 0.5499648047534442 0.5540526491738442 0.07149556840173403 0.022767866604888453
