1 0.2524250033652123 0.1791555974552081 0.047238712852981465 0.013591027735416716
1 0.31199623165759993 0.14419806278593722 0.05357964106622681 0.016861498100138927
1 0.707820579375109 0.5198805552834023 0.10890363855894432 0.04000936379145834
1 0.3284670146479834 0.27575653410059 0.05973871285298147 0.013881968464861139
1 0.2407179959098719 0.581499347455208 0.04880121285298138 0.01362739532659738
1 0.3553153564929977 0.4531359984813886 0.05987510517284953 0.018569468464861138
1 0.36371888987909257 0.4326416605254858 0.06318196159934023 0.024892203647222288
1 0.3317174174591997 0.6738485419843747 0.06465353338609488 0.021803571238402774
1 0.29013898588074205 0.4929083197197913 0.05357964106622681 0.016861498100139018
1 0.38965428642210276 0.775555205928333 0.07076714106622681 0.017261541603125076
2 0.4270552788337484 0.24145230965180522 0.07857964106622681 0.01744337955902786
1 0.4622951307078925 0.5060772008943399 0.07867056927947225 0.02056837955902786
1 0.4496015317367422 0.1105471485576385 0.07857964106622681 0.01744337955902786
1 0.39668581723440816 0.2655807938842358 0.0693864974927175 0.0234751740119445
1 0.6578626611244865 0.1439551413394439 0.10068196159934022 0.025765025835555642
1 0.47053719121187604 0.41063741432520795 0.08188649749271767 0.02376611474138901
1 0.6014344678675464 0.01723029359989533 0.09760242570596293 0.02725479065319452
1 0.7285362446562307 0.5592151590068744 0.11042067445232177 0.038483231382639004
1 0.5070487234108367 0.8462105852030204 0.08643760517284953 0.01918771751493047
1 0.450988186988734 0.0628908985576385 0.0851933539192082 0.03008884992375007
1 0.5857362938774431 0.3689200801690273 0.09001724623907634 0.0348854526972918
2 0.22200772915031747 0.12443238307440954 0.047238712852981465 0.013591027735416716
