1 0.12904192220899263 0.5058467235504664 0.051926175911805574 0.018628173635170952
1 0.18785453096645793 0.46624516823232487 0.0582125435029861 0.020554694681858443
1 0.248286803952222 0.28983385765251135 0.07227504350298615 0.021373742036904987
1 0.15861901301468703 0.5795418287839034 0.04891027868534721 0.023133663111827296
1 0.16383253666604114 0.6244370998305907 0.05203527868534721 0.023315673635170953
1 0.14919207446944407 0.4467825366905286 0.05505117591180557 0.018810184158514785
1 0.18843249316305502 0.6430806840173403 0.06449891109416668 0.022481215728545934
1 0.17293869899447883 0.4348663656156063 0.062827308320625 0.017702710466873838
1 0.1918061874078812 0.9350784682182074 0.07220230832062499 0.018248742036904984
1 0.21732382541937462 0.47734926820408996 0.06606141109416672 0.022572220990217672
1 0.1782392223614925 0.6776909024473092 0.06290004350298614 0.020827710466874018
1 0.19827635258611043 0.825149731372387 0.06762391109416672 0.022663226251889414
1 0.2706968664538188 0.805898473409292 0.07997844072944442 0.017141268345264395
2 0.23948584688652721 0.6679588576525115 0.07245688145888884 0.029186242036904987
1 0.27083972397701317 0.9342054839326359 0.07699891109416672 0.023209257821920914
1 0.2397053588543745 0.5913053523908396 0.07554551386770836 0.02780575256024882
1 0.39877254075010377 0.5465906338196963 0.09440461664125 0.03358531570031094
1 0.20544468731097196 0.3155017155873715 0.06776938145888893 0.028913226251889503
1 0.2375648966577774 0.41437883134415215 0.07245688145888884 0.029186242036905164
1 0.2743557286297566 0.4470317076242766 0.06940461664125 0.03212923151356133
1 0.3014494779641665 0.22408703128768243 0.07536367591180557 0.019993252560248732
