1 0.23910460275344655 0.49456925469445334 0.05065556386197034 0.009956802673454135
1 0.21646477824781435 0.483377216024817 0.05388982450563216 0.011555665340545218
1 0.2302269934668376 0.42343005136058964 0.04429630321830871 0.0083215773392725
1 0.2587061806132734 0.7079050486950896 0.06181158514929388 0.013209072008272394
1 0.22052956537457966 0.4521999413589988 0.05901436708027907 0.017860209341181488
1 0.22553413962811025 0.3898090293602715 0.06471806386197043 0.010120434675363211
1 0.224877847809768 0.603689716024817 0.0556708457929556 0.014698846674090405
1 0.2512711030055481 0.5680885706954077 0.05588936708027905 0.017823846674090583
1 0.25285002849991595 0.5571783426957259 0.05734260643661741 0.016279528007635945
1 0.26173299162525215 0.6618840240292714 0.060358345792955605 0.01475339067472703
1 0.3019645077167955 0.701382876034362 0.0697333457929556 0.014862478675999569
1 0.2850890921097848 0.4935431040340439 0.07151436708027906 0.018005660009544934
1 0.2834673359055985 0.23592150803627104 0.07296760643661741 0.016461341343090474
1 0.26645407057035975 0.4168260626989076 0.07162362772394086 0.01956816000954511
1 0.3130712525210154 0.737420373368862 0.07318612772394087 0.019586341343090473
1 0.31158661808868526 0.31431013737268004 0.07162362772394086 0.019568160009544932
1 0.3755876780153833 0.7272192173774525 0.0853583457929556 0.015044292011453918
1 0.2455738519971419 0.2745112933640895 0.0670453883676025 0.021076116008908664
2 0.3265389007759751 0.5393010467059073 0.07652964901126431 0.02274770401018138
1 0.358762266847848 0.2633385307129069 0.08299817029858776 0.02594542934436319
2 0.20822521539425018 0.767424952020999 0.0572333457929556 0.014717028007635946
