2 0.2390625 0.2359375 0.009375 0.040625
1 0.5265625 0.3421875 0.0140625 0.05234375
1 0.6140625 0.284375 0.0125 0.0375
1 0.625 0.2921875 0.01484375 0.04453125
1 0.6 0.275 0.01484375 0.04140625
1 0.5265625 0.3703125 0.0125 0.0546875
1 0.6984375 0.2890625 0.01015625 0.0453125
2 0.4828125 0.309375 0.0140625 0.04921875
1 0.48125 0.265625 0.01015625 0.0421875
1 0.6359375 0.3359375 0.0109375 0.053125
1 0.25 0.2921875 0.009375 0.046875
1 0.51328125 0.409375 0.0125 0.0625
1 0.3359375 0.3859375 0.01953125 0.0546875
1 0.5578125 0.415625 0.0140625 0.0625
1 0.16875 0.3515625 0.01171875 0.05703125
1 0.746875 0.34375 0.0125 0.053125
1 0.33203125 0.47421875 0.01640625 0.07421875
1 0.696875 0.3875 0.0171875 0.06328125
1 0.803125 0.53125 0.01640625 0.07578125
1 0.6953125 0.55 0.0203125 0.08125
1 0.8109375 0.3953125 0.015625 0.0640625
1 0.5359375 0.51875 0.0203125 0.0703125
