1 0.22782505376683487 0.7291840274915098 0.03949914764263518 0.012106516091543363
1 0.2524376019475893 0.8233928493992518 0.04418664764263518 0.012434298022528623
1 0.24810332051605793 0.6976826552154506 0.04106164764263518 0.012215776735204997
1 0.28036354880443615 0.8128049106633324 0.04738442224974104 0.014215319309852249
0 0.3405864586436711 0.05830308096191996 0.04901969685684691 0.015887079953513794
1 0.25143598987031474 0.575643764249958 0.042696922249741046 0.01388753737886681
1 0.2830242458661708 0.40228267390488404 0.04418664764263518 0.012434298022528623
1 0.2430627177444083 0.5366523200661566 0.04418664764263518 0.012434298022528623
1 0.3358108740734958 0.8676288044788164 0.05683219685684682 0.016433383171822413
1 0.568548445413614 0.9191741510280768 0.07638271753501122 0.034932010895763456
1 0.2628187537240536 0.43222154618094316 0.04731164764263518 0.01265281930985207
1 0.316442289913096 0.8795989267548755 0.05683219685684691 0.016433383171822413
1 0.3850168155536592 0.7872036131450066 0.06337329528527036 0.02312042574646931
2 0.34185116646328195 0.7379413044788163 0.0599571968568469 0.01665190445914604
1 0.48829167287342273 0.7238837943393578 0.07580052067816449 0.02243201089576328
1 0.36398949379925616 0.5991901609154338 0.0570505206781645 0.021120883171822414
1 0.45952031762057377 0.6011675601787996 0.06322774607105863 0.019995425746469307
1 0.41745274979511215 0.4273587195816241 0.06464469685684686 0.016979686390131123
1 0.749117856909988 0.7781770824745292 0.10443494292790553 0.03533620248167448
1 0.4125961217971842 0.5148040892597932 0.06337329528527032 0.02312042574646931
1 0.47748702936461684 0.35004210275344655 0.0694049714639526 0.01886996832111638
1 0.5186343759310134 0.13972731562668123 0.07907106989237604 0.02577553218308677
