1 0.43489697603791183 0.7449822161520687 0.011997255447881727 0.03804603157003115
1 0.2921360396477808 0.6889736818100275 0.016214861884498964 0.053853042093374805
1 0.36697750252101546 0.7159919371422865 0.01265281930985207 0.04742103157003115
1 0.48053725796889707 0.7470305635635852 0.013559755447881728 0.038137036831702886
1 0.34277517801538326 0.7064195160673642 0.015559298022528622 0.0444780420933748
1 0.2797617257858104 0.6802812212725664 0.01421531930985207 0.04751203683170289
1 0.5051494918773537 0.7063754714843279 0.01265281930985207 0.04742103157003115
1 0.35730757157876597 0.6898844634506457 0.012871340597175518 0.050546031570031145
2 0.5314770450956624 0.7126863846667424 0.01265281930985207 0.04742103157003115
1 0.4091432231879203 0.6907875398154747 0.012871340597175518 0.050546031570031145
1 0.29687281613088434 0.6557516581325041 0.017777361884498966 0.05394404735504672
1 0.6984131728196032 0.7217898269295263 0.011997255447881727 0.03804603157003115
1 0.9042700528893326 0.6368478666038268 0.013089861884499144 0.05367103157003115
1 0.2559200341998991 0.6534302949359722 0.014433840597175517 0.050637036831702883
1 0.6414422709583473 0.6474492505646973 0.013089861884499144 0.05367103157003115
1 0.33260286649920145 0.6058202765907079 0.016651904459145862 0.06010304209337462
1 0.8714029225675016 0.6379777270989356 0.014870883171822414 0.05688703683170289
1 0.5504348587055313 0.6472588057416646 0.019339861884499144 0.05403505261671846
1 0.8820019329590618 0.5651926744822171 0.021776447033792935 0.06662605787839038
0 0.22438581093510424 0.696057410692753 0.015559298022528622 0.0444780420933748
1 0.4322090186125589 0.7514142266754125 0.011997255447881727 0.03804603157003115
