1 0.5660498634861197 0.282266922040344 0.008949102665567032 0.039426373035529316
1 0.6225355442066476 0.26617319519970783 0.012028638558944316 0.03800942224974104
1 0.519129399379497 0.2785211838271683 0.010693459092057721 0.04574914764263518
1 0.7857857019659218 0.299523004338717 0.010647994985435005 0.04418664764263518
1 0.37335389812585584 0.28265425806277067 0.010647994985435005 0.04418664764263518
1 0.5357175058059876 0.2855353172017798 0.010647994985435005 0.04418664764263518
2 0.6702576418576497 0.35109615880577766 0.010829851411925873 0.05043664764263518
0 0.059320141857649625 0.32264128742738746 0.015608279625171173 0.05377997146395277
1 0.39203570196592175 0.28118380334804094 0.01698892319868044 0.04760274607105863
1 0.40228053167023514 0.36514142638357017 0.012392351411925828 0.050509422249741046
1 0.6454766022033487 0.384270377788531 0.017216243731793847 0.05541524607105863
1 0.7191665032987054 0.31592494623316514 0.013954851411925873 0.05058219685684691
1 0.856354266230829 0.3652250870513747 0.014136707838416385 0.05683219685684691
1 0.843073016230829 0.36460650289097496 0.014045779625170951 0.053707196856846905
1 0.12994018190766204 0.4437393455329393 0.017716348904643332 0.07260274607105863
1 0.5714684523616331 0.4416783093438969 0.011011707838416563 0.05668664764263518
1 0.4125935575344826 0.4514427994190996 0.023784492478152685 0.06664384449948209
1 0.36045674452321663 0.37567651199171204 0.012665136051661908 0.05988442224974104
1 0.823923514119258 0.5376972464808342 0.017898205331134065 0.07885274607105863
1 0.6916806301126601 0.7655953064484129 0.032688131037097 0.10450771753501123
1 0.5895986752437444 0.3676243792362731 0.012392351411925873 0.050509422249741046
1 0.6907162090255508 0.5447562675732833 0.022585705331134066 0.07907106989237604
2 0.8523139724198929 0.27999606244426883 0.013772994985435005 0.0443321968568469
