1 0.3614144980750358 0.7547439536152745 0.013030621018452492 0.03625574874635866
1 0.39525814803268344 0.711121985747728 0.012575594710093263 0.028443248746358663
1 0.25985970335082503 0.7650927687381115 0.01312162628012441 0.03781824874635866
1 0.22524948492085617 0.7546948263391011 0.011741136803468066 0.040897784639736125
1 0.6939994849208562 0.7683340583259055 0.008616136803468066 0.04080685642649069
1 0.5265389691358406 0.7681568989172786 0.01155912628012441 0.03777278463973612
1 0.6782225664767698 0.743615203153056 0.019735647326811722 0.04425010517284953
2 0.7316969059957784 0.7929081609914725 0.01615562101845249 0.0363466769596041
1 0.20290404806091833 0.7352628647397609 0.014866136803468067 0.04098871285298138
1 0.31617686376122933 0.644649888096726 0.015776189420186527 0.05661371285298138
1 0.18649009278512904 0.7214815095669115 0.013849668373499168 0.050318248746358665
1 0.1305277900978234 0.6611601235152496 0.01595819994353027 0.05973871285298138
1 0.3212746164626524 0.7183601727364619 0.013758663111827297 0.048755748746358664
1 0.39960401378946414 0.6768151819076621 0.015685184158514786 0.05505121285298138
2 0.4416704164485349 0.7069944268930971 0.01403167889684287 0.05344324874635884
1 0.4911922743128079 0.6763498321450889 0.014122684158514786 0.05500574874635866
1 0.5926175373964003 0.6010436067556951 0.01926521046687384 0.06295464106622681
1 0.24973281640618264 0.6568028956185733 0.014395699943530271 0.05969324874635884
1 0.16397659790562655 0.5705722274344578 0.01962923151356133 0.06920464106622681
1 0.8371572216960892 0.702067863815324 0.017156678896842692 0.05353417695960409
1 0.3775840715972673 0.5846133100417651 0.018066731513561328 0.0691591769596041
1 0.10768109527479064 0.5697167695960413 0.016413226251889502 0.06755121285298138
