2 0.19370277142991038 0.7818023413033195 0.04095238221398514 0.009847714672181596
1 0.22083324502104054 0.6534137119669106 0.039389882213985136 0.009829533338636055
1 0.42218738077840473 0.880664913271821 0.07252976442797028 0.019586341343090653
1 0.2589260112631094 0.5912767912953654 0.04262400961864685 0.012990896005726959
1 0.2522618050951743 0.7373887226289109 0.04731150961864685 0.013045440006363406
1 0.4437077167132542 0.8905666246021848 0.06449900961864685 0.013245434675363299
1 0.2472246525475872 0.3672853079646835 0.04407738221398514 0.0098840773392725
1 0.29661200582081376 0.7196921452896383 0.050654764427970275 0.019331802673454135
1 0.27823897333667613 0.8432932772915475 0.05361607332097771 0.014680665340544862
1 0.2411036273198437 0.31893871463241064 0.04122520072563942 0.017660214672181596
1 0.30007434483570605 0.44163987062382015 0.05043650961864685 0.013081802673454134
1 0.39276035264025444 0.47101774061109347 0.066388891832632 0.022638616008908662
1 0.30371275472450543 0.3150864612905929 0.04127976442797028 0.019222714672181597
1 0.32669632070427096 0.7974353372851841 0.061483137023308564 0.016334072008272214
1 0.45775787006344953 0.4882228746021847 0.06956845553496294 0.02423747867599957
1 0.37745032197021533 0.551631941279457 0.06320932813030114 0.021039753341817756
1 0.37124492887163896 0.8187830786123662 0.06644345553496275 0.024201116008908487
2 0.38246022578374683 0.6765228532781844 0.06940476442797028 0.019549978675999568
1 0.7024106272350257 0.6384388612349137 0.1071230192372937 0.02623633068109026
1 0.3452182415624795 0.08813306261936582 0.05970238221398514 0.010065890674726897
1 0.5550644675158625 0.11692858259073077 0.0914980192372937 0.026054517345635818
