1 0.3157880009499305 0.037611649721998305 0.026163762917777868 0.05087301923729369
1 0.14329921827742992 0.7634325613400781 0.011955792553055566 0.044131945916316084
1 0.09410061170416613 0.66006945916316 0.013300087005972249 0.03481150961864685
1 0.1393936214878119 0.7296751202330856 0.013518292553055611 0.044186509618646855
1 0.26819142192465223 0.7052430938242157 0.012101262917777866 0.05038194591631608
1 0.5729503506862493 0.7800000794810635 0.01035692496187508 0.04251488221398514
1 0.4797835385659022 0.6844841936388812 0.018423998100139016 0.05372520072563951
1 0.48964819462607584 0.7309598895551973 0.013663762917777688 0.05043650961864685
0 0.9200812302452771 0.7139336576961826 0.01533536569131968 0.05517857332097762
1 0.09851731440145786 0.5710888047166562 0.01697060087368061 0.05835813702330857
1 0.5225347362292009 0.6617386636018144 0.015444468464861315 0.05986607332097762
1 0.10271319871013837 0.6259672776748142 0.021621733282500034 0.056959328130301044
1 0.4629610208984717 0.601016929210911 0.01558993882958326 0.06611607332097762
1 0.6512948626540966 0.7061112008952755 0.010611498100139016 0.05345238221398514
1 0.4385779635277773 0.6408234736759482 0.013845600873680652 0.05824900961864685
1 0.24413697929534667 0.663745074586922 0.015335365691319502 0.05517857332097762
1 0.47142879075010374 0.5395437158713998 0.01737064437666671 0.07554563702330856
1 0.38015244016076355 0.3963988618803831 0.033322952697291706 0.09015377404661713
1 0.33469251016489543 0.5019296100662846 0.025074041603125076 0.07113095553496293
1 0.8765897226458328 0.49974218292392614 0.020822952697291442 0.08971726442797028
2 0.2738796838924995 0.6288170030800428 0.01715243882958344 0.06617063702330857
1 0.6546393746219439 0.6296032645976063 0.014136541603125075 0.07074900961864686
1 0.6365492169462497 0.33185524536031263 0.02420252583555573 0.10076389183263199
2 0.08672190995680491 0.7755307680561673 0.012028527735416716 0.04725694591631609
