1 0.4166696406040084 0.3336180385402404 0.02948892319868044 0.047038626463433174
1 0.77975964014179 0.6513020048717738 0.013772994985435005 0.04382272287263689
2 0.03454746239076304 0.32827044574527386 0.030398205331134066 0.07828862646343318
1 0.7295095875553652 0.6424173633812261 0.010647994985435005 0.04380454215447784
1 0.5183053145941117 0.6857123245463981 0.010511602665567032 0.039117042154477664
1 0.6982081117702601 0.5867758965587133 0.012528743731793846 0.054751132513557364
1 0.5850836376345075 0.6720407099868216 0.01055706677218975 0.040679542154477846
1 0.42423105416927037 0.6203322433607006 0.012483279625171128 0.05318863251355736
1 0.8083954540109858 0.5616400620533663 0.012665136051661818 0.05943863251355737
0 0.0782593246232415 0.5956670240041051 0.014091243731793846 0.05476022287263689
1 0.8196284707040332 0.5718599445669235 0.015790136051661817 0.05945681323171659
2 0.7096624373179384 0.5509111194313503 0.014227636051661819 0.05944772287263689
1 0.27637491270733217 0.45153172550491566 0.017716348904643374 0.07196590359079628
1 0.26159701035833427 0.5342442315550399 0.02351170783841656 0.05637726502711473
1 0.33876360094970737 0.3675339754067197 0.028835705331134064 0.07827953610435348
1 0.8852127036152744 0.40976901072550626 0.022676633544379498 0.08136817466803503
1 0.2608204573761981 0.3733294574527388 0.022085600158284535 0.061055674668035034
1 0.43317414515635494 0.6055430355151783 0.014136707838416562 0.056322722872636885
1 0.10175534593514246 0.409897695647078 0.025710705331134065 0.07826135538619425
1 0.19562135471063108 0.3338942527304745 0.0212959899708701 0.08760908430895542
1 0.7146812432695755 0.37440770676536783 0.022813025864247473 0.08605567466803503
1 0.8630528956185733 0.2924724264165509 0.02611988229073816 0.09232385538619425
1 0.713845135127225 0.6946611194313503 0.013682066772189572 0.040697722872636885
2 0.8061606672596786 0.7264429054375079 0.010375210345699059 0.03442954215447784
