1 0.22787651943981935 0.475 0.05058219685684691 0.0125
1 0.21420781762057378 0.5671875 0.04731164764263509 0.009375
1 0.22927204549466723 0.52890625 0.05058219685684691 0.0125
1 0.2399398717971842 0.484375 0.051018844499482 0.021875
1 0.2162498147250896 0.45625 0.04752997146395275 0.0140625
1 0.22795360215247706 0.40625 0.05356164764263518 0.009375
1 0.22332164433737542 0.6734375 0.05512414764263516 0.009375
1 0.2289980636916323 0.5515625 0.04106164764263518 0.009375
1 0.2247578658013282 0.659375 0.05363442224974102 0.0109375
1 0.2348648041811196 0.86171875 0.05356164764263518 0.009375
0 0.262908760753367 0.1421875 0.06166524607105854 0.015625
1 0.27737140529563026 0.41875 0.05690497146395277 0.0140625
1 0.25877126261539385 0.3484375 0.055269696856846906 0.0125
1 0.23071880562886174 0.9171875 0.05846747146395277 0.0140625
1 0.3028166691493691 0.275 0.056977746071058634 0.015625
2 0.2458708864794926 0.6421875 0.056977746071058634 0.015625
1 0.3058301215922964 0.88125 0.06664384449948199 0.021875
1 0.2605926660489972 0.5609375 0.06017552067816449 0.0171875
1 0.30735838834151946 0.8484375 0.06784247146395277 0.0140625
1 0.3619946542621729 0.5140625 0.06537244292790537 0.028125
1 0.18541288358400848 0.53125 0.03800942224974095 0.0109375
1 0.21453745740532604 0.5265625 0.04752997146395275 0.0140625
