1 0.3315885097224801 0.6698100568391885 0.01134029172311406 0.038210395020978186
1 0.633328072137809 0.5904722186573987 0.011749727498762751 0.046022895020978186
1 0.2746148134313818 0.6003981286247313 0.011995388964152021 0.05071039502097818
1 0.22729275610443542 0.5804534041445405 0.013557888964152021 0.05082879419114121
1 0.5882977758921392 0.4346608491562298 0.01577548620519007 0.06344719336130425
1 0.6282444244672296 0.5234031178275618 0.016682888964152022 0.05106559253146727
1 0.5065066225673502 0.6549868497809298 0.011422178878243728 0.03977289502097818
1 0.13188732360814703 0.45120545725875133 0.02111808344622812 0.07630239087179333
1 0.4464765253263122 0.6469860182471248 0.011504066033373662 0.04133539502097818
1 0.6125994923096256 0.6140048070396811 0.011831614653892686 0.04758539502097818
2 0.30258932722619164 0.5355301452214708 0.015611711894930557 0.06032219336130425
1 0.2129060295101838 0.5603660470909262 0.014049211894930557 0.06020379419114121
0 0.9267162239922598 0.5313760254965872 0.015447937584671223 0.057197193361304244
2 0.9838039484388048 0.2737043128392512 0.0195555834462283 0.0761839917016303
1 0.6074229121427578 0.4104654099441106 0.019228034825709096 0.06993399170163025
1 0.2960483208946136 0.3658212964662263 0.022844357756487632 0.0795457900419562
1 0.5484463025772479 0.28786928214457186 0.033372421980838854 0.0725620842330974
1 0.17980916723114043 0.36286408505829004 0.021527519221876856 0.08411489087179325
1 0.6154700282669884 0.2796531178275618 0.023171906377006658 0.08579579004195628
1 0.8058703782215598 0.350719866578162 0.022680583446228298 0.07642079004195637
1 0.9252035543862702 0.3079501808905276 0.02950379353213641 0.0878318867226084
2 0.22829309135968584 0.704305301240111 0.014383404567984304 0.03688469336130425
1 0.2738645409301445 0.6459474269650574 0.011504066033373483 0.04133539502097818
1 0.26691517808527426 0.6480427232307909 0.009941566033373483 0.041216995850815154
