2 0.14315244149194375 0.8397662641334943 0.05497844072944447 0.015366050429541644
1 0.15678375608083286 0.5901756999091429 0.04723867591180557 0.018081614653892686
1 0.17520906060173574 0.47068207146044044 0.044113675911805574 0.017917840343633175
1 0.16114786702249967 0.402675699909143 0.05021820554708336 0.011995388964152021
1 0.17390374658152752 0.3251239099950512 0.05337957313826389 0.013721663274411534
1 0.19206925228111071 0.4856453301668678 0.050472778685347205 0.022932888964152198
1 0.173514048349548 0.7451464829258297 0.05646820554708336 0.012322937584671045
1 0.18116681345152733 0.5507790072360892 0.06446254350298615 0.020544873360319828
1 0.18398268892649258 0.5642240315463487 0.059665940729444464 0.015611711894930557
1 0.18178832855350666 0.35604303934826487 0.04407730832062504 0.016355340343632997
1 0.17656500674642292 0.815704644391219 0.056577308320625 0.017010437584671224
1 0.15386269709461775 0.3796100141334942 0.044077308320624994 0.016355340343632997
1 0.2454773544859715 0.8795458163720579 0.069077308320625 0.017665534825709272
1 0.19067367249333309 0.3103587251239136 0.04574891109416668 0.021124727498762753
1 0.24584364323930497 0.7293820420617984 0.06602504350298614 0.020626760515449583
1 0.23851306686999982 0.2377743962002413 0.067514808320625 0.01758364767057934
2 0.2333852365135413 0.45808689620024123 0.06446254350298615 0.020544873360319828
1 0.22266724848138858 0.3808692989592033 0.06591594072944444 0.015939260515449583
1 0.3524021145539577 0.7553038121881863 0.08473867591180557 0.020046906377006478
1 0.32101644234496507 0.25539566542211817 0.075327308320625 0.01799308344622812
1 0.30918271067798564 0.5621812539567289 0.07852504350298606 0.02128185775648763
1 0.3207638288378471 0.16542908468942352 0.07536367591180557 0.01955558344622812
