1 0.2874150614832007 0.7964614433223419 0.01905907220870695 0.05465554909161448
1 0.29536391686939495 0.7723862145341693 0.014426114363184795 0.06364791181871077
1 0.3093718747149173 0.7806133027154584 0.017569295081344017 0.06702800333398003
1 0.25798209153742996 0.755134812717398 0.020630662567786652 0.05634559484924893
1 0.2567195733870574 0.7036998584750326 0.022347698672140127 0.08303564060688355
1 0.5450548446606879 0.8051038933126435 0.009720433645025395 0.06014027454580732
1 0.1978394770760494 0.7577015743863276 0.011373837235821638 0.07589282030344187
1 0.7937514198944571 0.7402928678487525 0.01290906615858276 0.07133286606107632
1 0.6906491457921561 0.7448046378526317 0.016006795081344016 0.0669004575763454
1 0.41645766686939495 0.7625014183174927 0.022211343285945873 0.05959814060688338
1 0.7003695794371816 0.6846643633068246 0.01758747579950324 0.07015300333398003
1 0.5781582361512357 0.7524254324023183 0.01603406615858276 0.0715879575763454
1 0.17852185051442043 0.7225771463567593 0.014498837235821682 0.07614791181871076
1 0.4814468626146688 0.7322082693756595 0.025336343285945872 0.059853232122152634
1 0.37828550117835036 0.7468762893795388 0.01916815651766246 0.07340554909161448
2 0.5316559408735001 0.6921893051313545 0.020776108313060603 0.08134559484924893
1 0.5126877722555893 0.7312198542229689 0.016024975799503238 0.0700254575763454
1 0.7878423083599427 0.6822093008792905 0.014517017953980905 0.07927291181871077
1 0.6040218202637994 0.6019472002801658 0.023873837235821684 0.07691318636451819
1 0.11632637754358761 0.6753352266621407 0.019213608313060515 0.08121804909161448
2 0.8121287151721927 0.8028248187571381 0.016015885440423715 0.06846295757634521
1 0.3061468807650415 0.7980558942307275 0.022238614363184705 0.06428564060688355
