1 0.6250839358434842 0.20116798408654146 0.013179922886674156 0.059484088001272695
1 0.633947796114802 0.18485264075426872 0.013941386489479513 0.047002269334818124
1 0.6199959176448868 0.20736344008590515 0.014341904688076923 0.05325226933481808
1 0.594885296114802 0.1843981074156326 0.017266645588778218 0.050163632001908987
2 0.18001126773717196 0.16784312269254426 0.015704145588778307 0.05014545066836353
1 0.4213977313399774 0.1831612293920882 0.015503886489479512 0.047020450668363536
1 0.45054501079734166 0.2163373560629971 0.016304922886674157 0.0595204506683636
1 0.545957640346991 0.2158839174092692 0.017867422886674332 0.05953863200190899
1 0.480332640346991 0.21512030140036056 0.019129534237726276 0.05486931333545444
1 0.26823315854558827 0.20639764003818004 0.02195414558877822 0.05021817600254534
1 0.7411700107973417 0.21971908410244984 0.016304922886674157 0.059520450668363534
1 0.27839060610926475 0.2674987720400891 0.01670544108527148 0.06577045066836354
1 0.581955697102251 0.23975776941435992 0.02089229333702498 0.058012494668999895
1 0.7730417720561087 0.25918157344044956 0.015343200184570093 0.06887726933481808
1 0.2464582880952376 0.20458060136854384 0.01640505243632351 0.061082950668363535
1 0.8083599059246946 0.3424667881126312 0.01594397748246621 0.07825226933481808
1 0.730975385566629 0.30560204010181347 0.018468200184570092 0.06891363200190899
1 0.17340271746031677 0.2709681226925443 0.026280700184570138 0.06900453866963625
1 0.4433647640365441 0.2795822433959062 0.025679922886674155 0.05962953866963616
2 0.5364534299833881 0.2665924420750875 0.020130829734219445 0.07049431333545444
1 0.22477664790513013 0.359912991366953 0.024156995681063352 0.08459317600254543
