1 0.5296875 0.2421875 0.00625 0.03046875
1 0.3296875 0.24453125 0.00703125 0.0375
1 0.3359375 0.25625 0.009375 0.04453125
1 0.6296875 0.2546875 0.0171875 0.05
1 0.6703125 0.2421875 0.009375 0.0421875
1 0.528125 0.271875 0.00859375 0.04296875
1 0.4953125 0.25 0.009375 0.0421875
1 0.5046875 0.25 0.00859375 0.04296875
0 0.909375 0.296875 0.009375 0.0484375
2 0.4046875 0.30234375 0.009375 0.046875
1 0.58828125 0.2921875 0.0234375 0.04296875
1 0.1703125 0.28984375 0.0125 0.046875
1 0.1546875 0.28671875 0.0109375 0.04921875
1 0.3046875 0.321875 0.01796875 0.046875
1 0.225 0.328125 0.0125 0.05234375
1 0.40703125 0.3828125 0.0125 0.0609375
1 0.26796875 0.48125 0.0140625 0.07421875
1 0.7578125 0.4125 0.01953125 0.06875
1 0.5484375 0.63046875 0.0234375 0.09453125
1 0.59453125 0.41484375 0.01328125 0.06484375
1 0.1890625 0.4375 0.02109375 0.06953125
1 0.52109375 0.22890625 0.0109375 0.0359375
2 0.15625 0.240625 0.01015625 0.04609375
