1 0.6019122545558002 0.7828106801090703 0.010087631541796326 0.03960880321830871
1 0.6600355676958622 0.8055486936027236 0.014684126280124232 0.03837408514929379
1 0.555128259817472 0.7810953607992183 0.01201415258848364 0.04596806386197052
1 0.8210339808782768 0.791130550543544 0.0119231473268119 0.04440556386197052
1 0.408397472985769 0.7599419906168461 0.0119231473268119 0.04440556386197052
1 0.5711704887707846 0.7759925975576664 0.011923147326811722 0.04440556386197052
2 0.7005247888272543 0.7259047522689139 0.012287168373499214 0.05065556386197052
0 0.08958728882725434 0.6831838405971755 0.01715667889684287 0.054108345792955606
1 0.4272839808782768 0.7635968683407868 0.01835515785015538 0.04796760643661742
1 0.4302276993788329 0.6805494215590955 0.013849668373499213 0.050764824505632154
1 0.6727414230704737 0.6897269516484952 0.018810184158514785 0.05578010643661742
1 0.7527089151073787 0.7669010928660894 0.015412168373499213 0.05087408514929379
1 0.8861437704114028 0.7334380188646603 0.01577618942018688 0.05712408514929379
1 0.8728625204114028 0.7325093033935357 0.015594178896842692 0.05399908514929379
1 0.14990389157102973 0.5699132982746301 0.021373742036905074 0.07307686708027923
1 0.5934109678652716 0.6234903104309011 0.014213689420186526 0.05701482450563215
1 0.4330349099868812 0.5951582247774041 0.02569722099021767 0.0671546490112643
1 0.38731215728545815 0.6650993841802286 0.014395699943530271 0.060139824505632156
1 0.8384966837349918 0.5565970134167788 0.020175263083592652 0.07921760643661742
1 0.6857833944842143 0.31249781613088434 0.03569384727034208 0.10520095222957301
1 0.6180917204255203 0.6999106987985038 0.015412168373499213 0.05087408514929379
1 0.704129389010781 0.5339739783837004 0.024862763083592476 0.0795453883676025
2 0.8895410571725186 0.8184850082209987 0.0150481473268119 0.04462408514929379
