1 0.23298050081407418 0.356785746456621 0.0376636412337021 0.010684528855940557
2 0.22047913190480176 0.8042783053496283 0.03922614123370209 0.010739092558271412
1 0.24586233035937893 0.33534725607526783 0.03462046185055305 0.015262901451278843
1 0.34863277435302453 0.35926096042910427 0.050300008928453724 0.018933538474587407
1 0.33945837175523674 0.30265629636395375 0.05339773538950343 0.01748016587924912
1 0.2709986980541307 0.3284077753125615 0.04084318831160268 0.013918656260602269
2 0.3042906647759477 0.4812252404661711 0.0487647824674041 0.02044147477225664
1 0.2756395592560606 0.42081353012188494 0.03936250892845372 0.018551592558271324
1 0.3106576672115796 0.5643105589778254 0.04706591477265239 0.012574411069925517
1 0.2464803445661337 0.6582217608845913 0.03922614123370209 0.010739092558271324
1 0.24522003328477354 0.819995074586922 0.040788641233702 0.01079365626060209
1 0.24691276704942386 0.5886632290334257 0.040897735389503434 0.01704365626060227
1 0.265220256496117 0.39074408420556894 0.04396818831160267 0.014027783665263981
1 0.41619064691904023 0.5195288270339928 0.05657728246740401 0.020714293283910834
1 0.25287639489044533 0.6052877338427493 0.045530688311602674 0.01408234736759475
1 0.382183434254413 0.18376245262455596 0.050490923701106104 0.029871038474587407
1 0.3833913782480585 0.2041295163268868 0.05337046185055314 0.015917665879249122
1 0.4072771172910099 0.3136235674153459 0.059729556006354476 0.022385920688572546
1 0.32294480194916464 0.17387653193598346 0.05339773538950343 0.01748016587924912
1 0.3283827297107558 0.4445436960011341 0.0503272824674041 0.02049603847458741
1 0.33379160958366744 0.8512302056197807 0.059702282467404014 0.020823420688572725
1 0.2968072215930809 0.3277455764010206 0.04402273538950343 0.01715278366526398
