1 0.7267905563108934 0.6737035199252457 0.03799132293077854 0.010466138558944316
2 0.7549387262555675 0.22618366224511374 0.03955382293077854 0.010511602665567032
1 0.7131441361390769 0.6952148070722644 0.035111984396167806 0.01506271034569906
1 0.6110836691557637 0.6719016760351673 0.05090075870642714 0.018642351411925873
1 0.6182919815710927 0.7284471927282148 0.05394387155129756 0.017170779625171308
1 0.6877347003634282 0.7022998813663014 0.04128009724103805 0.01368206677218975
2 0.659740254411014 0.5496917069139797 0.049420145861557074 0.020159387305303155
1 0.6863160425160835 0.6099305249398107 0.03996325870642714 0.018324102665566853
1 0.656267773632891 0.4666518863808663 0.04744821008590829 0.012301423198680439
1 0.7238038336733708 0.37237670064577355 0.03955382293077854 0.010511602665567032
1 0.7307166542293 0.21061248653915082 0.041116322930778534 0.01055706677218975
1 0.7209411052700967 0.44193068269908486 0.04144387155129756 0.01680706677218975
1 0.6956976865686182 0.6399362736861693 0.04440509724103805 0.013772994985435005
1 0.5490417718238687 0.5120432912371466 0.057232645861557074 0.020386707838416562
1 0.7155509203989592 0.4253425762725941 0.04596759724103805 0.013818459092057723
1 0.5713616706261018 0.847577625956025 0.05147396879233561 0.029579851411925873
1 0.5708637036427885 0.8272196618494025 0.05386198439616781 0.01560827962517095
1 0.5507736109243063 0.717875754090128 0.06043953301668683 0.02204013605166182
1 0.6303272348504529 0.8571177620076871 0.05394387155129756 0.01717077962517095
1 0.6343374626879001 0.5865097453146395 0.050982645861557076 0.02020485141192587
1 0.6431281230216356 0.17989603246165803 0.06035764586155708 0.020477636051661908
1 0.6618715632082985 0.7031122236070271 0.04456887155129756 0.016897994985435004
