1 0.5279090133672713 0.2622195106366671 0.013081802673454134 0.05029094072944442
1 0.4356124253659985 0.2506988227570143 0.009920440006363407 0.047093205547083364
1 0.47404821670113473 0.2648710787409379 0.013081802673454134 0.05029094072944442
1 0.5186794640356347 0.2745013050895838 0.022456802673454134 0.050509146276527875
1 0.5465135626989076 0.2501559217308338 0.014607940006363406 0.047202308320625
1 0.5966226507001803 0.2606946846486116 0.009993165340545219 0.05334320554708336
1 0.32952605736790747 0.2622883265567364 0.010011346674090583 0.054905705547083364
1 0.4514010573679075 0.26512499866881983 0.009847714672181596 0.04084320554708336
1 0.34359764803468024 0.26339688487736146 0.01155566534054504 0.053379573138263935
1 0.14148116470399827 0.2782185318194793 0.009993165340545129 0.05334320554708336
0 0.8609487800365893 0.2894970575581257 0.016334072008272214 0.061301175911805575
1 0.5847044533736344 0.31040374391916714 0.014717028007635946 0.056577308320625
1 0.6547624147039983 0.2901652855222922 0.013136346674090582 0.054978440729444425
1 0.08599423337045284 0.2753649823325695 0.014735209341181443 0.05813980832062508
1 0.7286726293761798 0.3324995623077784 0.016279528007635945 0.05661367591180557
2 0.361021505370771 0.28410942838034753 0.016279528007636036 0.05661367591180557
1 0.12278625604708875 0.3496389369297223 0.022638616008908662 0.06613414627652778
1 0.44239877470558914 0.2969380431217365 0.01787839067472685 0.059775043502986056
1 0.15559875604708875 0.350402656344514 0.014844297342454117 0.06751480832062509
1 0.4904282893857248 0.3972478208571532 0.0288704346753633 0.06471711664124999
1 0.4711953893618623 0.22106652735416707 0.01137385200509069 0.037754573138263935
1 0.47621924403245314 0.2500818801277087 0.014607940006363406 0.04720230832062509
