1 0.27103178493120833 0.27081597250849027 0.039389882213985136 0.012106516091543363
1 0.29671877649368783 0.17660715060074816 0.04407738221398514 0.012434298022528578
1 0.2909276226801563 0.3023173447845494 0.04095238221398514 0.012215776735205085
1 0.32449903611233466 0.18719508933666779 0.047256945916316 0.01421531930985207
0 0.3759078680404689 0.9416969190380801 0.04887400961864685 0.015887079953513704
1 0.29283984146196307 0.424356235750042 0.04256944591631599 0.01388753737886681
1 0.3223884761230189 0.597717326095116 0.04407738221398514 0.012434298022528623
1 0.284020402169069 0.46334767993384335 0.04407738221398514 0.012434298022528623
1 0.38053821578658187 0.1323711955211836 0.05668650961864685 0.01643338317182246
1 0.6136855324841376 0.08082584897192334 0.07603671034428636 0.034932010895763276
1 0.3025472020764018 0.5677784538190569 0.047202382213985136 0.01265281930985207
1 0.3613244243167696 0.12040107324512442 0.05668650961864685 0.01643338317182246
1 0.4287698738612827 0.21279638685499327 0.06315476442797027 0.023120425746469397
2 0.3850670030800429 0.2620586955211836 0.059811509618646855 0.016651904459145862
1 0.5312252404661711 0.2761162056606422 0.07560020072563951 0.02243201089576328
1 0.4055754544386545 0.4008098390845662 0.05685020072563933 0.02112088317182246
1 0.5010516455456471 0.3988324398212004 0.06304563702330857 0.019995425746469307
1 0.4569990890997103 0.5726412804183759 0.06449900961864685 0.016979686390131123
1 0.7924702753125615 0.22182291752547076 0.10410714664195524 0.03533620248167448
1 0.45316227176918245 0.48519591074020685 0.06315476442797027 0.02312042574646931
1 0.5160864016209148 0.6499578972465535 0.06924107332097762 0.018869968321116204
1 0.5547570651379112 0.8602726843733187 0.07883432813030104 0.025775532183086723
