1 0.4503546971822603 0.2613862267265882 0.009176592558271324 0.039153406667727174
1 0.3926686827542901 0.24197260805217943 0.013809528855940556 0.037645450668363625
1 0.49717513347992953 0.26036916673295146 0.010957347367594749 0.04542158800127272
1 0.23106898384274918 0.26586299936345315 0.010902783665263982 0.043859088001272716
1 0.6436508293962455 0.27300662141945053 0.010902783665263982 0.043859088001272716
1 0.48098713828925294 0.26642826273072434 0.010902783665263982 0.043859088001272716
2 0.35024805897782546 0.3242578493793615 0.011121038474587407 0.050109088001272714
0 0.9611855589778255 0.33136675079563044 0.015917665879248942 0.05328863200190899
1 0.6248189838427491 0.27044469541690525 0.017261911069925695 0.04705681333545444
1 0.6199256419174499 0.35394753874917806 0.012683538474587409 0.05012726933481808
1 0.37722971042910425 0.35893284138286136 0.017534729581579887 0.05486931333545444
1 0.2989385301218849 0.28617604670590724 0.014246038474587408 0.05014545066836362
1 0.16450153193598344 0.3275630206874536 0.014464293283910834 0.05639545066836362
1 0.17778278193598346 0.3277175620225899 0.014355165879249121 0.053270450668363625
1 0.8981176185038052 0.4485537034531763 0.018134930307219577 0.07205681333545436
1 0.45513894482000766 0.4207521360598155 0.012901793283910834 0.056377269334818084
1 0.615114145545647 0.43979413208145085 0.024166675497895973 0.06587953866963617
1 0.6625496515360968 0.366938434754905 0.013010920688572547 0.05950226933481808
1 0.20808538474587385 0.5022181226925443 0.018353185116542825 0.07830681333545453
1 0.3553324400955022 0.7382112613780889 0.03328870435383653 0.10347044533736352
1 0.43220738710812656 0.3455157787237247 0.014246038474587408 0.05014545066836362
1 0.34214292621568615 0.5170538767106798 0.023040685116542826 0.0783613573360908
2 0.1630903101589518 0.24242495202099903 0.014027783665263981 0.043895450668363534
