1 0.7935912210592415 0.3061215078705447 0.05970238221398496 0.01352690445914595
1 0.8102702895708956 0.2971617711120965 0.04725694591631609 0.01421531930985207
1 0.7871775299522489 0.31124605044519166 0.05345238221398514 0.013089861884498965
1 0.8089061970126243 0.3362242711120965 0.05049107332097762 0.017558840597175517
2 0.8061110021926167 0.7510298162846335 0.05043650961864685 0.01599634059717552
1 0.8020683760538994 0.5097164014339274 0.04731150961864685 0.01577781930985207
1 0.7703471501005165 0.48076087495082387 0.059811509618646855 0.01665190445914604
1 0.7752380359426987 0.38533911430716206 0.05992063702330874 0.01977690445914586
1 0.7729463604448027 0.45096411430716205 0.055233137023308745 0.0194491225281606
1 0.7717756969278063 0.6630270717325152 0.050709328130301046 0.02380884059717552
1 0.7804959987340556 0.19013587495082382 0.059811509618646855 0.01665190445914595
1 0.711329270248784 0.6532257368353228 0.06600694591631609 0.015526447033792934
1 0.7531100647986392 0.3494780239620881 0.05841270072563951 0.021230143815484225
1 0.7426339001853345 0.15849239104236718 0.06913194591631591 0.015744968321116336
1 0.7725743050951743 0.6847928110888535 0.06137400961864685 0.016761165102807674
1 0.6612400564459368 0.12365820515643915 0.07850694591631609 0.01640053218308677
1 0.6943948076270632 0.20083271035221922 0.06924107332097762 0.01886996832111636
1 0.7029860021926166 0.758241018766308 0.06951389183263199 0.02668246832111638
1 0.7069567726958548 0.4883109310191241 0.06013889183263199 0.02602690445914586
2 0.7242385311333752 0.3951400852261685 0.07085813702330857 0.020541728964778017
1 0.6166963273276929 0.707382995133196 0.08502976442797028 0.02465007475773362
