1 0.6039652900978234 0.6674594245085897 0.014866136803468067 0.04084318831160268
1 0.5382500138600512 0.7484270064895264 0.011559126280124232 0.0376636412337021
1 0.29613737954624486 0.6354967637964224 0.015230157850155468 0.047093188311602675
1 0.7907512005082277 0.5487208814878788 0.016246626280124233 0.03774546185055314
1 0.6040863874387525 0.6385259009696393 0.014213689420186526 0.05644091477265238
1 0.6310136375093398 0.7132901217486461 0.010178636803468066 0.040761367694751624
1 0.4257646953877301 0.6925025146072012 0.016428636803468066 0.04087046185055314
1 0.7932993478350394 0.5049708814878788 0.01999325256024882 0.07527273538950344
1 0.4898117848361515 0.6670309561652149 0.012105157850155378 0.04703864123370209
1 0.23377461646265235 0.7126126428552599 0.012105157850155469 0.04703864123370209
1 0.5051931321064936 0.5640695973989169 0.016322220990217674 0.06584318831160267
1 0.3033429347937992 0.6191996079522237 0.015685184158514786 0.054905688311602675
1 0.11597944268630703 0.613583033278183 0.014395699943530271 0.059565914772652384
1 0.7179059637329944 0.6178333457740639 0.02064569994353036 0.05967500892845372
1 0.741123655854604 0.6354435856277941 0.01595819994353036 0.05959318831160267
1 0.45714755816073904 0.287951382301953 0.024392326223654594 0.0972022824674041
1 0.7575900900131188 0.580987910708872 0.022572220990217672 0.06595228246740419
1 0.38717117419986835 0.5494968084386912 0.016686242036905073 0.07209318831160268
2 0.5930116505223451 0.560128165580136 0.01650423151356133 0.06896818831160267
1 0.47737123997076647 0.5315201501588606 0.02119173151356133 0.06905000892845373
1 0.10098231619442113 0.4279767698855023 0.025408794653623536 0.08785455600635435
2 0.6624309665050047 0.7646713896055537 0.013303636803468067 0.04081591477265238
