1 0.475 0.25 0.01171875 0.04921875
1 0.5671875 0.240625 0.00859375 0.04765625
1 0.52890625 0.25390625 0.0125 0.05
1 0.484375 0.2625 0.021875 0.05078125
1 0.45625 0.2375 0.0140625 0.046875
1 0.40625 0.246875 0.009375 0.05234375
1 0.6734375 0.2546875 0.009375 0.0546875
1 0.5515625 0.2546875 0.01015625 0.040625
1 0.659375 0.25546875 0.0109375 0.05234375
1 0.86171875 0.275 0.009375 0.053125
0 0.1421875 0.26953125 0.015625 0.0609375
1 0.41875 0.296875 0.0140625 0.05546875
1 0.3484375 0.275 0.0125 0.0546875
1 0.9171875 0.2734375 0.0140625 0.0578125
1 0.275 0.315625 0.015625 0.05703125
2 0.6421875 0.27578125 0.015625 0.05546875
1 0.88125 0.346875 0.02109375 0.06484375
1 0.5609375 0.28671875 0.0171875 0.05859375
1 0.8484375 0.346875 0.0140625 0.0671875
1 0.5140625 0.3859375 0.028125 0.0640625
1 0.53125 0.21015625 0.0109375 0.03671875
1 0.5265625 0.2390625 0.0140625 0.04765625
