1 0.715625 0.35 0.0359375 0.0140625
0 0.6875 0.92578125 0.05 0.009375
1 0.73125 0.3203125 0.034375 0.0125
1 0.7515625 0.70390625 0.0390625 0.0109375
1 0.6828125 0.2265625 0.046875 0.0109375
1 0.6796875 0.36015625 0.05 0.0125
1 0.68203125 0.65078125 0.0453125 0.0125
1 0.6546875 0.2359375 0.05 0.0125
1 0.68125 0.625 0.0390625 0.0140625
1 0.72265625 0.615625 0.04375 0.009375
1 0.68515625 0.8125 0.0484375 0.009375
1 0.65 0.75390625 0.05 0.0125
1 0.56953125 0.65859375 0.0578125 0.0125
1 0.6078125 0.19375 0.05625 0.015625
1 0.62578125 0.5515625 0.053125 0.0109375
1 0.625 0.5375 0.0578125 0.0125
2 0.6359375 0.4015625 0.05625 0.0125
1 0.4703125 0.234375 0.078125 0.01875
1 0.51015625 0.896875 0.075 0.015625
1 0.31953125 0.60625 0.0984375 0.0203125
1 0.5203125 0.1953125 0.06875 0.0234375
2 0.75390625 0.19296875 0.04375 0.0125
1 0.753125 0.359375 0.0375 0.0125
