1 0.5123434834499946 0.8418327697006298 0.016224984006999676 0.05210813702330839
1 0.5546395241088131 0.7825197678865313 0.017860209341181488 0.05841270072563951
1 0.7336724961011771 0.7199949421184829 0.018023841343090475 0.07247520072563951
1 0.44010485677908573 0.8130927000078494 0.020876121339908772 0.049146828130301315
1 0.3955008814449039 0.8083977655242787 0.020912484006999677 0.05227182813030131
1 0.5722815574474492 0.8209820671608921 0.01626134667409058 0.055233137023308475
1 0.37802248010817685 0.783997966249918 0.01949543467536321 0.06471726442797028
1 0.5852900874442677 0.7970807756910796 0.014789753341817757 0.06299107332097761
1 0.08649805144013145 0.7840178467346226 0.014898841343090451 0.0723660733209778
1 0.5449190787714497 0.7531596501005164 0.019513616008908663 0.06627976442797028
1 0.3429753181094495 0.7946006495523623 0.017914753341817757 0.06310020072563952
1 0.19660884810626786 0.7762648557202974 0.021094297342454115 0.06789682813030122
1 0.2192100067631774 0.7035714001853345 0.01186474801081765 0.08006944591631608
2 0.3555474961011772 0.73319935808255 0.025836341343090475 0.07274801923729371
1 0.09104864409608648 0.7049206237764646 0.019640885343726787 0.07721726442797028
1 0.43212817743472265 0.7320882366683381 0.02431020401018138 0.07581845553496276
1 0.4841981127466327 0.5723932889379235 0.029215880012726635 0.09473214664195542
1 0.7060383921069041 0.7631645887604382 0.025781797342454026 0.0680605192372937
1 0.6087634027689044 0.7321725383049513 0.025836341343090298 0.07274801923729371
1 0.5778583007638137 0.6957365305004031 0.02892497867599957 0.06973214664195541
1 0.8018225120941775 0.6660316392159252 0.01649770401018138 0.07554563702330856
