1 0.37040658354122724 0.20838088988556563 0.01112159057054054 0.03810077729789594
1 0.2291415746498871 0.28130485502953056 0.014974336641599173 0.05392603639719455
1 0.30325331679200423 0.24539883097083712 0.01155823821317572 0.04747577729789594
1 0.41593740736254486 0.20078963294573535 0.012684090570540717 0.03820090684754527
1 0.27930639454226325 0.2578382742155769 0.014537688998963993 0.04455103639719464
1 0.21698617700725195 0.29143082665190045 0.01312073821317572 0.04757590684754529
1 0.44146179218489834 0.2380998658268722 0.01155823821317572 0.04747577729789594
1 0.29420364847120467 0.27246197871908373 0.011703787427387447 0.05060077729789594
2 0.4676069152204277 0.22863522825765842 0.01155823821317572 0.04747577729789594
1 0.3459480849889693 0.26525145358065616 0.011703787427387447 0.05060077729789594
1 0.2346445579006641 0.31366677205610866 0.014974336641599173 0.05392603639719464
1 0.6341052105056979 0.19927149599483038 0.01112159057054054 0.03810077729789594
1 0.8416586912752756 0.258410256792172 0.011849336641598995 0.05372577729789594
1 0.19380123407934652 0.320957640346991 0.013266287427387446 0.050700906847545205
1 0.5789403674539579 0.279919521133258 0.011849336641598995 0.05372577729789594
1 0.27148743238393547 0.3588197833148756 0.015265435070022626 0.06017603639719456
1 0.8088098039717228 0.2612942273348078 0.013557385855811076 0.05695090684754529
1 0.48806065632908757 0.2911957850129186 0.018099336641599174 0.05412629549649317
1 0.8210871720448532 0.3321679318383145 0.0202440334984459 0.06672642504614253
0 0.1613183738640988 0.28253549043927606 0.014537688998963993 0.04455103639719464
1 0.3675726819696507 0.20233114898486426 0.01112159057054054 0.03810077729789594
2 0.9588868866843804 0.18313204966777158 0.015119885855811078 0.057051036397194596
