1 0.8271132395507642 0.22522597724186894 0.053561411094166546 0.02308655575957417
1 0.8038575775066669 0.23495166360638695 0.06282730832062518 0.019164330305381404
1 0.8135598858272919 0.24824888906057976 0.06602504350298624 0.022544421820650484
1 0.7826722553183336 0.19910975845563594 0.05516027868534721 0.02477660151720875
1 0.731073387727153 0.2017562684575756 0.08175914627652787 0.02850737939699586
1 0.862801392095556 0.4806151078468128 0.05959320554708327 0.014221738790112326
1 0.7789283530578821 0.13914482709208773 0.07525457313826393 0.01705969636645772
1 0.8240525890932645 0.732687661939397 0.07063980832062518 0.019802059093554016
1 0.8177460780753478 0.6298815263334834 0.06598867591180557 0.020981921820650486
1 0.8066760658231601 0.356045413606387 0.058321646276527875 0.026594193032477877
1 0.7585892836224312 0.6441032651235957 0.06915004350298606 0.022799513335919563
1 0.8135651115103476 0.5175090720911178 0.07067617591180557 0.02136455909355419
1 0.7417550081681252 0.12261090239649933 0.07532730832062491 0.02018469636645772
1 0.7831853208571532 0.42292989572853956 0.058394381458888846 0.029719193032477876
1 0.7870350598392364 0.3192947126980014 0.07231141109416672 0.02461710485118864
2 0.748411583774931 0.4758634481541339 0.08016027868534721 0.02681733363936125
1 0.7854751726807644 0.45405234997090504 0.06911367591180557 0.021237013335919562
1 0.7653133687285424 0.7312206278506921 0.07845230832062491 0.0204397878817268
1 0.6657094929692366 0.5546259190663988 0.07558188145888885 0.031122196366457723
1 0.687956554520903 0.06438368527725626 0.08012391109416654 0.025254833639361297
2 0.8885515001874312 0.7462082858763811 0.06755117591180557 0.021109467578284934
1 0.8306746506449307 0.24372088572659986 0.06300914627652787 0.026976830305381404
