1 0.7345344850536456 0.38831654454818915 0.038210395020978186 0.01134029172311397
2 0.7053006228019394 0.8362184560135784 0.03977289502097818 0.011422178878243728
1 0.723692073435928 0.36578644730715115 0.03544059253146727 0.015864017412854547
1 0.6190278842238086 0.38069439506858754 0.051302390871793335 0.01980788896415202
1 0.6334465043496775 0.32497666157693095 0.0543089917016303 0.018409163274411534
1 0.6992840692867431 0.3566637528250751 0.041572193361304244 0.014629066033373573
2 0.6518618497809298 0.5063428482570907 0.04985829004195637 0.021288501809022264
1 0.6860485182471248 0.4485237042045561 0.04036489087179333 0.019234678878243726
1 0.6377741937622895 0.588745912481442 0.047703794191141215 0.013394114653892508
1 0.6929926447972635 0.688115148686632 0.03977289502097818 0.011422178878243728
1 0.6791758306853906 0.8497520115315023 0.04133539502097818 0.011504066033373306
1 0.6990426578695181 0.618624842264197 0.041808991701630306 0.01775406603337366
1 0.6992356024802222 0.4194094142904644 0.04469719336130425 0.014792840343633174
1 0.5367570680373432 0.5348219730877487 0.05767079004195637 0.021697937584671045
1 0.6915494665828064 0.634703543643678 0.04625969336130424 0.014874727498762752
1 0.6019382404522304 0.20253509554355736 0.05213118506293437 0.03074538896415204
1 0.598836551240111 0.22276570838842763 0.054190592531467276 0.016846663274411533
1 0.5648265589137809 0.33000832032878674 0.060795790041956364 0.02186171189493056
1 0.6619052363030455 0.19783430743848793 0.0543089917016303 0.018409163274411534
1 0.6312659298648423 0.46761454093014454 0.05142079004195636 0.02137038896415202
1 0.5879821456224562 0.8732094436891064 0.060795790041956364 0.02186171189493038
1 0.6736212184569061 0.35375011476543416 0.0449339917016303 0.017917840343632994
