1 0.25703125 0.3867141241176446 0.0359375 0.013450494804219915
1 0.3015625 0.4148501957732852 0.028125 0.012904191585911207
1 0.24375 0.28686158958876934 0.0375 0.013559755447881638
1 0.253125 0.25104977572679893 0.040625 0.012215776735205085
1 0.253125 0.719799775726799 0.040625 0.009090776735204998
1 0.2484375 0.5529400576577841 0.0375 0.011997255447881727
1 0.27734375 0.700918735750042 0.04375 0.02024679802252862
2 0.2296875 0.760501185381725 0.0359375 0.016575494804219916
1 0.271875 0.2263011480028581 0.040625 0.015340776735205086
1 0.365625 0.327558009383154 0.05625 0.016433383171822503
1 0.28515625 0.20818493253173337 0.05 0.014433840597175517
1 0.34375 0.14471265839441833 0.059375 0.01665190445914595
1 0.2921875 0.34206825963525556 0.0484375 0.014324579953513794
1 0.3359375 0.414790211612727 0.0546875 0.01632412252816078
2 0.30703125 0.4605615335204691 0.053125 0.014652361884498966
1 0.3390625 0.5059779403254036 0.0546875 0.0147616225281606
1 0.4171875 0.5973899081423169 0.0625 0.019995425746469307
1 0.3515625 0.2629163551761096 0.059375 0.01508940445914595
1 0.43515625 0.16644591074020681 0.06875 0.020432468321116382
1 0.3234375 0.8539455467620207 0.053125 0.01777736188449879
1 0.42734375 0.3810547139585155 0.06875 0.01886996832111638
1 0.434375 0.11025054106203766 0.0671875 0.017198207677454613
