1 0.32501249445597946 0.27738446345064577 0.03804603157003115 0.01155912628012441
1 0.39900852048199004 0.5787957740304591 0.04585853157003115 0.01201415258848364
1 0.39535581555913657 0.21998221615206887 0.050546031570031145 0.012287168373499214
1 0.4161086603398171 0.1725233872269911 0.050637036831702883 0.013849668373499168
1 0.5554636468327016 0.5328399899707665 0.0632280420933748 0.016140210466874017
1 0.4661050152203182 0.5733200477785696 0.05081904735504672 0.016974668373499213
1 0.3367675837632266 0.45229345818897393 0.03960853157003115 0.011650131541796328
1 0.5469043630553576 0.07632467946154023 0.07600105787839037 0.021555752560248755
1 0.34580938381969634 0.39219041609559907 0.041171031570031144 0.011741136803468066
1 0.3758594468185842 0.5581948476938651 0.04742103157003115 0.012105157850155378
2 0.4596759207925736 0.24759200568519488 0.0601030420933748 0.01595819994353027
1 0.4364288656156063 0.15801356619442114 0.060012036831702885 0.014395699943530271
0 0.45292726493796953 0.8719696503811708 0.0569780420933748 0.015776189420186527
2 0.7093662517132027 0.9275848006211671 0.07591005261671846 0.01999325256024882
1 0.5793029652344356 0.5518329136765247 0.06966005261671845 0.01962923151356133
1 0.6293436786850813 0.24006168479379922 0.07921706314006212 0.023300263083592475
1 0.7028167889684287 0.4921177374811049 0.07204159997176518 0.033782736775233246
1 0.6343280393213645 0.12375414533126036 0.08372255261671846 0.020448278868608005
1 0.7098550152203182 0.5591232269577612 0.08546706314006211 0.023664284130279968
1 0.6355283913592682 0.750020513718877 0.0760920631400623 0.02311825256024882
1 0.6761750491388365 0.8691576505929323 0.08739358418674961 0.030005289391951705
2 0.2923526419239656 0.17424405289906716 0.0366655420933748 0.014593121018452537
1 0.34986130503579294 0.21949636874055245 0.041171031570031144 0.011741136803468066
1 0.3478892813582696 0.21255612400222432 0.04108002630835923 0.010178636803468066
