1 0.8315984693295224 0.35780937471491725 0.060030563861970164 0.009720433645025395
1 0.8474584161112138 0.3499014259445813 0.04763982450563233 0.011210210772388507
1 0.8256762512605077 0.3625332361512357 0.05378056386197052 0.009684072208706951
1 0.8501899322027573 0.3889639259445813 0.0509833457929556 0.01435339149054773
2 0.8909720134167788 0.804520748251484 0.05087408514929379 0.01279089149054764
1 0.86153661364921 0.562405971124121 0.04774908514929379 0.012772710772388507
1 0.8265389007759751 0.531346868664793 0.06024908514929379 0.012845433645025394
1 0.8214365015126093 0.43602527830571347 0.060467606436617416 0.015970433645025393
1 0.826025448546402 0.5016502783057135 0.05578010643661742 0.015943162567786474
1 0.8471348960843981 0.714113916869395 0.0514203883676025 0.02060339149054773
1 0.8062164210548926 0.24072186866479303 0.06024908514929388 0.012845433645025484
1 0.7852140502914425 0.7004059408735002 0.06638982450563198 0.011319295081343838
1 0.7953767460647276 0.3986616336919077 0.059014367080279226 0.017523843285945872
1 0.7647501868943343 0.20657412764178348 0.06951482450563215 0.011337475799503149
1 0.8502270450956624 0.7359798265103153 0.06181158514929379 0.012854524004105094
1 0.6790969101591291 0.16643091667300322 0.07888982450563216 0.011392017953980904
1 0.7206067029858776 0.24590933841417204 0.0697333457929556 0.014462475799503239
1 0.7878470134167788 0.8051207119507389 0.07027964901126431 0.022274975799503237
1 0.7634761720632985 0.5348400282075175 0.060904649011264314 0.022220433645025395
2 0.7710922940872562 0.44257071497580097 0.07140510643661742 0.01603406615858276
1 0.6955777499231254 0.7486030672387373 0.08568612772394087 0.019240879390299347
