1 0.2465434416735927 0.2720623660731939 0.04569450197716636 0.010165932629559827
1 0.24941377368881518 0.2782578189952932 0.04413200197716627 0.010138659090609537
1 0.18866066300468062 0.4089135296280303 0.03482066897336074 0.011537517856907441
1 0.27425194760509175 0.2434737159110381 0.047257001977166355 0.010193206168510115
1 0.20458675193998532 0.38209193100800204 0.03820033695813831 0.0178420649348082
1 0.2919315375289796 0.21193734375205958 0.047257001977166355 0.010193206168510206
1 0.26268309482962265 0.3357975836057898 0.05038200197716636 0.010247753246410873
2 0.21620073117973862 0.4802566956184986 0.04094333498097191 0.008521612012708957
1 0.2233712440313199 0.41923737500164765 0.04263316897336074 0.011673885551659246
1 0.31305977962031417 0.24904187743727962 0.05350700197716636 0.010302300324311542
1 0.2012840439175892 0.578103860391151 0.041007001977166356 0.010084112012708956
1 0.3153226165784525 0.23182710389832928 0.05038200197716636 0.010247753246410873
1 0.3343498477953722 0.3204941375835494 0.055387836958138335 0.018142073863261922
1 0.2602319850968903 0.8557828011383858 0.053570668973360734 0.011864800324311631
1 0.3331256570360005 0.8295282183466701 0.06638900395433271 0.019895488635914303
1 0.2857028062748789 0.5180782495962581 0.05070033695813834 0.018060253246410873
1 0.27483429045754804 0.5932146172910098 0.05369800296574958 0.01498980032431163
1 0.25936982205502856 0.8386225746773359 0.055133168973360736 0.011892073863261743
1 0.18899624403131993 0.41983739285855515 0.03807300296574954 0.014717064934808021
0 0.2781064594680899 0.18719644237208777 0.044323002965749494 0.014826159090609536
1 0.24318367832771984 0.33535725284266904 0.04438666996194396 0.016388659090609537
