1 0.7033449941940122 0.24439024601284665 0.010511602665567032 0.039280705547083274
1 0.7946914082214926 0.2711508081331938 0.010647994985435005 0.04396820554708327
1 0.66998692491454 0.26390396542763833 0.01055706677218975 0.04084320554708336
1 0.7813957863555958 0.2987854988626382 0.012301423198680439 0.047129573138263936
0 0.024418360649632834 0.34138741299402775 0.013909387305303117 0.04872844072944442
1 0.5481801210744741 0.2643968875397218 0.012165030878812289 0.04244207313826394
1 0.37249815947513387 0.29190755775194416 0.010647994985435094 0.04396820554708327
1 0.5101943877675215 0.25513164352364537 0.010647994985435005 0.04396820554708336
1 0.8304948644105565 0.3554160521492701 0.014136707838416385 0.05654094072944442
1 0.8588314984171543 0.5889727813477077 0.031869777117888985 0.07569098423243048
1 0.4042937287546061 0.272430205928333 0.01073892319868044 0.047093205547083274
1 0.8443216836900287 0.3363569276242354 0.014136707838416385 0.05654094072944442
1 0.7455826553184988 0.40267421827742994 0.020568564264907253 0.06293641109416673
2 0.7008073644105565 0.35843456221725634 0.014227636051661819 0.05966594072944442
1 0.6723604524946472 0.504310759880555 0.01936977711788863 0.07540004350298624
1 0.5605089733443297 0.37731446162791615 0.018824207838416384 0.05665004350298615
1 0.5530481628403462 0.4727360644014579 0.01744356426490725 0.06286367591180557
1 0.38419051425227196 0.42670013184013855 0.01436402837152997 0.06435344072944442
1 0.7006599825820368 0.7659743052834022 0.031125631037096823 0.10377961664124999
1 0.4717132463055833 0.42388229673402733 0.020568564264907253 0.06293641109416673
1 0.30130380641385546 0.4848412465815276 0.01606292069139794 0.0690773083206249
1 0.08789452428140183 0.5210372389820833 0.022585705331134066 0.0785977786853472
