1 0.64375 0.01245592304355772 0.065625 0.02491184608711544
1 0.3703125 0.7512692967331109 0.040625 0.015103368290882279
0 0.3609375 0.13155757403100682 0.046875 0.0155038864894796
1 0.371875 0.3988254171834616 0.040625 0.01510336829088237
1 0.34921875 0.7041835456533768 0.040625 0.015103368290882458
1 0.459375 0.26118691240309955 0.05625 0.016104663787375628
1 0.39296875 0.38106741826319573 0.0453125 0.01852875693983034
2 0.4625 0.41254915330380093 0.059375 0.017867422886674155
1 0.4578125 0.2362870419527489 0.05625 0.01766716378737563
1 0.6078125 0.25323710518641407 0.075 0.018868718383167414
1 0.5765625 0.38648969617940054 0.078125 0.02063147748246603
1 0.5296875 0.3269935826688801 0.06875 0.015343200184570093
1 0.5546875 0.200391509874491 0.06875 0.023155700184570117
1 0.5953125 0.02591314158360865 0.0609375 0.03828005243632352
1 0.65703125 0.5993017743724605 0.0875 0.02591975478036197
1 0.5453125 0.6150547871723869 0.0671875 0.02149307063492074
1 0.6375 0.8724283937430769 0.08125 0.020831736581764914
1 0.65 0.5005336073458825 0.08125 0.02708173658176456
1 0.478125 0.4974853578073077 0.059375 0.019429922886674333
1 0.6484375 0.7467274868955317 0.0859375 0.028944625230712617
1 0.6203125 0.27743606878921956 0.0828125 0.02405686613141409
1 0.490625 0.8263718214101132 0.0640625 0.019730311535622037
2 0.2796875 0.49926431061277154 0.0359375 0.0116779796419344
