2 0.21091479920942371 0.827467770517222 0.055415542093374806 0.01377286569131968
1 0.20416645734192787 0.5772859325613193 0.04778505261671846 0.016716027735416715
1 0.21278405219319546 0.4566097566495137 0.04466005261671848 0.016643292553055567
1 0.19324582594130596 0.38978593256131927 0.050546031570031104 0.010538762917777866
1 0.1996330628577135 0.3114063594230554 0.053762036831702976 0.012173998100138927
1 0.23079059954824213 0.47027221314652756 0.05118306840173403 0.02147626291777769
1 0.233442975616605 0.7307194038759721 0.05679603157003106 0.010684233282499988
1 0.22523782053845975 0.536115418693611 0.06506355787839035 0.01867857123840295
1 0.22913636526267048 0.5493239335112499 0.0601030420933748 0.013881968464861139
1 0.21000141546031456 0.3416750876715623 0.04456904735504663 0.015080792553055566
1 0.24222571239183818 0.8009228011024303 0.05706904735504663 0.015371733282499989
1 0.18411374964706417 0.36731152051722205 0.04456904735504663 0.015080792553055566
1 0.3160419149662044 0.8594425094993052 0.06956904735504663 0.015662674011944232
1 0.21512926024099502 0.2953994997156596 0.04640456314006221 0.019804660144236142
1 0.30418040984570693 0.7095152446816664 0.06662605787839038 0.01871493882958326
1 0.2568547576807463 0.21932665577583316 0.06800654735504663 0.015626306420763923
2 0.269686499576477 0.4396391557758331 0.06506355787839038 0.01867857123840295
1 0.2527272417545564 0.36336759650527756 0.06635304209337481 0.014027438829583438
1 0.41239472824744094 0.7273365646857982 0.08528505261671845 0.01758884992375016
1 0.340440802404957 0.23068042344326362 0.07581904735504663 0.01580814437666671
1 0.35363583632347534 0.5378207762168052 0.07912605787839037 0.019005879559027862
1 0.3328642498588256 0.14089122483003447 0.07591005261671846 0.01737064437666671
