1 0.715625 0.6458366155415352 0.0359375 0.01427157825883114
0 0.6875 0.0702189920049682 0.05 0.009665891490547774
1 0.73125 0.6754332119507389 0.034375 0.01269998789975162
1 0.7515625 0.29172128728270386 0.0390625 0.011164758976990452
1 0.6828125 0.769465013082207 0.046875 0.011210210772388507
1 0.6796875 0.6358894438003663 0.05 0.01279089149054773
1 0.68203125 0.3452508082617468 0.0453125 0.012763620413308984
1 0.6546875 0.7602536395456402 0.05 0.01279089149054773
1 0.68125 0.3710366034412867 0.0390625 0.014289758976990452
1 0.72265625 0.38017070892567684 0.04375 0.009629530054229285
1 0.68515625 0.1835138775435876 0.0484375 0.009656801131468117
1 0.65 0.242312160622879 0.05 0.01279089149054773
1 0.56953125 0.33809281411547937 0.0578125 0.012836343285945873
1 0.6078125 0.8027138503180286 0.05625 0.01595225292686626
1 0.62578125 0.4447968111886131 0.053125 0.01124657220870695
1 0.625 0.45886385636815297 0.0578125 0.012836343285945873
2 0.6359375 0.5947377238545956 0.05625 0.011264752926866173
1 0.4703125 0.762888801917035 0.078125 0.019204517953980905
1 0.51015625 0.10015699776050482 0.075 0.01606133723582164
1 0.31953125 0.3918910215682182 0.0984375 0.019322692622015934
1 0.5203125 0.8016604104264873 0.06875 0.023837475799503238
2 0.75390625 0.8026451517440844 0.04375 0.012754530054229374
1 0.753125 0.6362434469236242 0.0375 0.01271816861791084
