1 0.6294214800747543 0.779896032461658 0.010466138558944316 0.03777278463973595
2 0.18162883775488625 0.7715580659142599 0.010511602665567032 0.03933528463973594
1 0.6516601929277357 0.7680325299543755 0.01506271034569906 0.0347841769596041
1 0.6343483239648326 0.6643164965682807 0.018642351411925873 0.05050010517284953
1 0.6903028072717852 0.6761094544066972 0.017170779625171308 0.05357964106622681
1 0.6602001186336987 0.7432598504874889 0.01368206677218975 0.04098871285298138
2 0.5096832930860203 0.702912332145089 0.020159387305303155 0.04898306927947225
1 0.5681944750601893 0.7343274681967508 0.018324102665566853 0.03956260517284953
1 0.42709811361913375 0.6926902344940868 0.012301423198680439 0.04719324874635884
1 0.3291857993542265 0.7523941919367919 0.010511602665567032 0.03933528463973612
1 0.16751251346084914 0.7461261569013444 0.010557066772189705 0.040897784639735944
1 0.3986943173009151 0.7551985946815012 0.01680706677218975 0.041079641066226816
1 0.5975637263138307 0.7461287862225816 0.013772994985435005 0.04411371285298138
1 0.47858170876285333 0.5894121217993898 0.020386707838416562 0.05679556927947225
1 0.38246992372740585 0.7484712215619631 0.013818459092057723 0.04567621285298138
1 0.811797374043975 0.6389851906166436 0.029579851411925873 0.05081835391920819
1 0.7915303381505977 0.6368316572305488 0.01560827962517113 0.05353417695960409
1 0.683686745909872 0.6078906518202725 0.020477636051661818 0.059920569279472244
1 0.817882237992313 0.6985875111497571 0.01717077962517095 0.05357964106622681
1 0.5478652546853604 0.6805659707040332 0.02020485141192587 0.05054556927947225
1 0.14197896753834197 0.6562453029821361 0.020477636051661908 0.059920569279472244
1 0.6625127763929729 0.7175240645941117 0.016897994985435004 0.04420464106622681
