1 0.2622195106366671 0.5235455425472612 0.05029094072944442 0.01279089149054773
1 0.2506988227570143 0.4314125847017388 0.047093205547083364 0.009647710772388508
1 0.2648710787409379 0.4696165666495621 0.05029094072944442 0.01279089149054773
1 0.2745013050895838 0.5140978196746242 0.050509146276527875 0.022165891490547728
1 0.2501559217308338 0.542368265419898 0.047202308320625 0.014335210772388507
1 0.2606946846486116 0.5923137232654204 0.05334320554708336 0.009684072208706951
1 0.2622883265567364 0.32508077147002234 0.054905705547083364 0.009693162567786651
1 0.26512499866881983 0.44695577147002236 0.04084320554708336 0.009611349336070062
1 0.26339688487736146 0.3391387262904825 0.053379573138263935 0.01124657220870695
1 0.2782185318194793 0.13668134680198726 0.05334320554708336 0.00968407220870704
0 0.2894970575581257 0.8562444130587661 0.061301175911805575 0.015979524004104916
1 0.31040374391916714 0.5795228317748726 0.056577308320625 0.01438975292686635
1 0.2901652855222922 0.6499625968019872 0.054978440729444425 0.012818162567786473
1 0.2753649823325695 0.0812216871610669 0.05813980832062508 0.014398843285945873
1 0.3324995623077784 0.7231637474659172 0.05661367591180557 0.01595225292686635
2 0.28410942838034753 0.35620805162244745 0.05661367591180557 0.01595225292686626
1 0.3496389369297223 0.11673194028432485 0.06613414627652778 0.022256795081343927
1 0.2969380431217365 0.4373944191088901 0.059775043502986056 0.017532933645025395
1 0.350402656344514 0.14954444028432484 0.06751480832062509 0.014453385440423539
1 0.3972478208571532 0.4836921813073344 0.06471711664124999 0.028497704722264317
1 0.22106652735416707 0.46752734670379137 0.037754573138263935 0.011155668617910841
1 0.2500818801277087 0.47204667506081854 0.04720230832062509 0.014335210772388507
