1 0.32501249445597946 0.27018598574599656 0.03804603157003115 0.01243609818322886
1 0.39900852048199004 0.5702818384711532 0.04585853157003115 0.013073826971401558
1 0.39535581555913657 0.2110663351371734 0.050546031570031145 0.013456464244305088
1 0.4161086603398171 0.16305939877265535 0.050637036831702883 0.015018964244305133
1 0.5554636468327016 0.5206171940712478 0.0632280420933748 0.017601830305381407
1 0.4661050152203182 0.5632348708928683 0.05081904735504672 0.01814396424430509
1 0.3367675837632266 0.44505843998836203 0.03960853157003115 0.0125636439408634
1 0.5469043630553576 0.06368166785845078 0.07600105787839037 0.023309696366457678
1 0.34580938381969634 0.3846630739272857 0.041171031570031144 0.012691189698497852
1 0.3758594468185842 0.5501924790780368 0.04742103157003115 0.01320137272903601
2 0.4596759207925736 0.23721450483179196 0.0601030420933748 0.017346738790112327
1 0.4364288656156063 0.14805628104458912 0.060012036831702885 0.015784238790112325
0 0.45292726493796953 0.8625970131667415 0.0569780420933748 0.01709164727484307
2 0.7093662517132027 0.9123108733087643 0.07591005261671846 0.021747196366457545
1 0.5793029652344356 0.5390802805855472 0.06966005261671845 0.021237013335919562
1 0.6293436786850813 0.22571954012844486 0.07921706314006212 0.0251272878817268
1 0.7028167889684287 0.47640532421714976 0.07204159997176518 0.03542705909355419
1 0.6343280393213645 0.10913794694618587 0.08372255261671846 0.022384925154630374
1 0.7098550152203182 0.5433377327018807 0.08546706314006211 0.02563747091226496
1 0.6355283913592682 0.7362264764929629 0.0760920631400623 0.024872196366457544
1 0.6761750491388365 0.8545779927038204 0.08739358418674961 0.03201501666989941
2 0.2923526419239656 0.16766676362578364 0.0366655420933748 0.015433552425594322
1 0.34986130503579294 0.2116401621085749 0.041171031570031144 0.012691189698497852
1 0.3478892813582696 0.20473645786620942 0.04108002630835923 0.01112868969849794
