1 0.6431375492212125 0.15661985323788558 0.011102636051661818 0.059921031570031105
1 0.6504726761016743 0.13975857692952634 0.012301423198680439 0.04751203683170293
1 0.6386319056477031 0.16314286902290115 0.012483279625171307 0.053762036831702976
1 0.6114101761016743 0.14203370847132257 0.015517351411925872 0.05081904735504663
2 0.19544419530200421 0.15452235807603443 0.013954851411925784 0.0507280420933748
1 0.4379954081549856 0.15291654251689782 0.013863923198680439 0.047603042093374806
1 0.470200154394062 0.1839089372834608 0.014227636051661819 0.0601030420933748
1 0.5654671902874393 0.17679511632147804 0.015790136051661817 0.06019404735504663
1 0.49984219028743926 0.18061733731169569 0.017216243731793847 0.055597552616718504
1 0.2871603338609486 0.18674405289906715 0.02020485141192587 0.051092063140062205
1 0.760825154394062 0.1669819586124969 0.014227636051661819 0.0601030420933748
1 0.3029959340192331 0.2468625055440205 0.014409492478152597 0.06635304209337481
1 0.6036491518867795 0.19804849004135366 0.0188696719450391 0.058813557878390335
1 0.796336757059629 0.20404234285571618 0.012937920691397764 0.06938703683170291
1 0.26523986975432584 0.18645562656247305 0.014273100158284535 0.061665542093374805
1 0.8393713547106311 0.28448870605224813 0.013210705331134064 0.07876203683170288
1 0.7586381802583094 0.2531924743975124 0.01606292069139812 0.06956904735504672
1 0.19844482633910115 0.2576473580760344 0.02387542069139794 0.07002407366340595
1 0.4689164507122806 0.24737219780680456 0.023602636051661817 0.06064907366340595
2 0.5606947737526764 0.22794038736816544 0.017670884798020658 0.07122255261671846
1 0.25804479836328265 0.3426069160250119 0.021205061757624755 0.08546706314006211
