1 0.7540566599046837 0.2870128506862494 0.04078864123370209 0.010320557370694417
1 0.6491861534118619 0.3894131117041661 0.054932961850553144 0.015335365691319502
1 0.6829826806042603 0.5112329071070134 0.04862841477265238 0.01206489532659738
1 0.6861794131510945 0.23861302469819384 0.04860114123370209 0.010502395326597202
1 0.7179326047124034 0.6564538349186799 0.04714773538950325 0.016716027735416715
1 0.5109734926996946 0.7018793569545135 0.06614319724005639 0.03121493882958326
1 0.5943913336057898 0.26261552878225647 0.06743296185055314 0.015626306420763923
1 0.5598746428618504 0.6741894616279162 0.06126478246740419 0.020168336056041625
1 0.5770014618538484 0.45356783710288145 0.06277273538950343 0.017079703647222288
2 0.54320493466145 0.33174804170003425 0.07212046185055314 0.01573540919430556
1 0.6065899557680636 0.7269865000969092 0.06123750892845372 0.018605836056041623
1 0.6302531469190402 0.4898131552071522 0.05657728246740419 0.020059233282499988
1 0.5662301883181933 0.9364348884896522 0.06902273538950343 0.017225174011944233
1 0.5921351327122855 0.1681751977602078 0.07055796185055314 0.015699041603125075
1 0.44857209334502246 0.11607044994440936 0.08947160308425524 0.025510452697291706
1 0.4991223291448582 0.7544776800927774 0.07395569724005639 0.031396776785486226
1 0.45025200122111125 0.5119641781929163 0.08467500892845373 0.01915134992375016
1 0.3247958538983293 0.31730825446531224 0.10372501785690744 0.036775261017916706
1 0.22415315138326708 0.49067497891409706 0.11310001785690746 0.03699346656499998
1 0.3061567224038598 0.17717421694624974 0.10054547077900686 0.03357752583555564
1 0.4347030933483177 0.5974477365135413 0.08640115016215581 0.028562717514930648
2 0.7702816777615912 0.2522741747744438 0.043913641233702096 0.010393292553055567
