1 0.48756050722847455 0.7781249337657804 0.009665891490547907 0.05032738221398514
1 0.47649574220136 0.8003818796820964 0.01124657220870695 0.053506945916316086
1 0.41644403133077557 0.7845138322218344 0.008067030054229285 0.04402281851165437
1 0.7008690283057135 0.7659894883976186 0.012854524004105094 0.06137400961864685
1 0.44528210363767845 0.7952231537287135 0.017523843285945872 0.05841270072563951
1 0.3828366457921561 0.7880307018219478 0.009747704722264317 0.06438988221398496
1 0.5968082422013599 0.7961804746026205 0.01438066256778665 0.05517857332097762
1 0.5610389138443328 0.7685291897562301 0.01750566256778665 0.05528770072563951
1 0.5501150493829522 0.7665673856725462 0.01595225292686635 0.056795637023308566
1 0.6548116397420319 0.7613491176163789 0.014407933645025395 0.05986607332097762
1 0.6940923083599427 0.7224850250581074 0.014462475799503239 0.06924107332097762
1 0.4862661728213233 0.7320857474681113 0.01759656615858276 0.07091270072563952
1 0.22854912159165924 0.7246825083527024 0.01604315651766246 0.07242063702330856
1 0.4096264047691466 0.7480406188823232 0.01915906615858276 0.07096726442797027
1 0.7300798053348807 0.7126363099044978 0.019168156517662283 0.07252976442797028
1 0.3068059317983137 0.6992980732361597 0.01915906615858276 0.07096726442797027
1 0.7195104648776052 0.6497370058208137 0.014553379390299348 0.08486607332097762
1 0.2673752722555892 0.7639434157944311 0.020694295081343926 0.06633432813030105
2 0.5318013866187739 0.6922221501005165 0.022311337235821682 0.07576389183263199
1 0.25553886846840135 0.6503174254130779 0.025472698672140127 0.0821230192372937
2 0.7607071157379268 0.8185762858578807 0.014389752926866173 0.05674107332097762
