1 0.06810844756638942 0.6406558211031571 0.023402438829583393 0.06689907366340594
1 0.7836191191097919 0.3251738902107629 0.011883057370694417 0.04126203683170297
0 0.16308841356270865 0.351927979094487 0.013591027735416716 0.047603042093374806
1 0.43131173670097256 0.3472580767177648 0.013445557370694416 0.0413530420933748
1 0.7346906566288545 0.3069013033225902 0.013445557370694416 0.0413530420933748
1 0.3013170718070837 0.44244802132903605 0.013809233282500078 0.0569780420933748
1 0.4153964491819101 0.36930738196531926 0.016679660144236053 0.04622255261671846
2 0.4529523069894449 0.43674551094686664 0.015444468464861139 0.06019404735504672
1 0.2762807042159031 0.44234160551578566 0.015371733282499989 0.05706904735504672
1 0.30633449296923665 0.5907945160673643 0.01580814437666671 0.07581904735504671
1 0.4368571411456255 0.551900074086929 0.01744337955902786 0.07903505261671846
1 0.37326611341020877 0.5086652845538028 0.0125376740119445 0.06938703683170289
1 0.24884799486909767 0.5409457054875508 0.0203501740119445 0.06984206314006229
1 0.07791855223979216 0.5915812842714543 0.035793336056041715 0.06293961575678075
1 0.6566988220914242 0.6196735900837059 0.02234908510611113 0.08868306840173404
1 0.6626922893220144 0.5074543111445108 0.018751306420763926 0.0681885578783902
1 0.9281192272016672 0.5843074245528042 0.01751611474138883 0.08216005261671847
1 0.5573164179311116 0.6184211741998684 0.02376611474138901 0.08252407366340578
1 0.5392534829012504 0.447365221554915 0.017006968464861317 0.06028505261671846
1 0.8033738003399311 0.6025253454865521 0.025437717514930826 0.08730257892507769
1 0.3316254336986811 0.6018384318806147 0.020677482332569497 0.0839045631400623
1 0.8692319236306949 0.44066311134215486 0.01867857123840295 0.06506355787839038
2 0.5236972988213197 0.24956475838661793 0.01021145459715278 0.03648353157003115
