1 0.33125 0.5756086731124925 0.046875 0.030581614653892687
1 0.646875 0.2051612177762827 0.04375 0.014792840343633018
2 0.328125 0.9578036974227523 0.078125 0.03221935775648745
1 0.63828125 0.2556115971294964 0.04375 0.011667840343632996
1 0.6828125 0.4657778132082985 0.0390625 0.011422178878243728
1 0.5828125 0.28820609113660256 0.0546875 0.01380355042954129
1 0.66875 0.3993272976044662 0.040625 0.011504066033373483
1 0.61796875 0.5613636301461831 0.053125 0.013721663274411534
1 0.55703125 0.17861972919624347 0.059375 0.014049211894930557
0 0.5953125 0.9078634938955645 0.0546875 0.015366050429541289
1 0.5671875 0.16714996268790006 0.059375 0.01717421189493056
2 0.546875 0.27758949570458685 0.059375 0.015611711894930557
1 0.45 0.7131352493226315 0.071875 0.019391809135968607
1 0.5328125 0.7259827301007546 0.05625 0.024822937584671044
1 0.365625 0.6527134056996381 0.078125 0.030656857756487455
1 0.4046875 0.10535372682139425 0.08125 0.0245706320667471
1 0.371875 0.7305108570791191 0.0609375 0.023506099050060313
1 0.603125 0.5527665581199158 0.05625 0.015447937584671046
1 0.409375 0.8887018153560049 0.078125 0.025969357756487454
1 0.3328125 0.7966205359573629 0.0875 0.02333568068726617
1 0.3703125 0.2766864942342488 0.0859375 0.024816293532136324
1 0.2875 0.13024526345612567 0.0921875 0.02826884215265535
1 0.690625 0.2700558774326497 0.040625 0.014629066033373573
2 0.721875 0.17701188433005463 0.034375 0.011176517412854548
