1 0.33509653776638515 0.2823387595661656 0.015945904567984302 0.03601931323171659
0 0.9094038189740494 0.3071139622453265 0.011995388964152198 0.05005454215447767
1 0.3062279093176827 0.26688647638867835 0.014301517412854547 0.034447722872636886
1 0.6908861923343694 0.2443422932346322 0.012984678878243727 0.039126132513557364
1 0.2099394075086604 0.3158693979334554 0.013394114653892508 0.046938632513557364
1 0.3433693831984009 0.3182171722321481 0.01512038896415202 0.05007272287263698
1 0.6341172139310955 0.31418261544333925 0.014874727498762752 0.04538522287263689
1 0.21784043871632486 0.34393985577897773 0.01512038896415202 0.05007272287263698
1 0.6082950203535307 0.3151138563681529 0.016109678878243727 0.03914431323171659
1 0.601090029964469 0.2737621485226306 0.011667840343633173 0.04380454215447767
1 0.7959997382413551 0.3101167632785988 0.011913501809022264 0.048492042154477666
1 0.7355635272509355 0.34561390174408446 0.01512038896415202 0.050072722872636886
1 0.6360338387617533 0.4266371636479411 0.015529824739800802 0.057885222872636935
1 0.17319632406243227 0.3910602954741274 0.018572937584671045 0.0563409035907962
1 0.5319505263464244 0.37100985324489494 0.01372166327441171 0.05318863251355736
1 0.5178470827688596 0.3718729164766115 0.015529824739800802 0.057885222872636886
2 0.3824827928547678 0.36172627771653826 0.015447937584671046 0.056322722872636975
1 0.2066152544110141 0.5283239461380573 0.022844357756487632 0.07823408430895533
1 0.8712033768668228 0.4846258838882994 0.0195555834462283 0.07509090359079629
1 0.570588143940993 0.6769416906771084 0.025471390773174462 0.09855567466803503
1 0.17017314337516617 0.47855120511504784 0.027040534825709096 0.06888635538619425
2 0.18007152306706406 0.2449710906536672 0.014792840343633085 0.04382272287263689
1 0.3464368294894992 0.24478421741168793 0.014465291723113971 0.03757272287263698
