1 0.4067655370176119 0.7103022344289457 0.009631865177646404 0.03965449585081515
1 0.3488609917323416 0.7333738041398961 0.01268409057054054 0.03832879419114121
1 0.453567762410506 0.708312759324055 0.011485463606069857 0.046022895020978186
1 0.18756177274958824 0.7199060678368505 0.011412688998963994 0.044460395020978184
1 0.6001709346602471 0.6863049369138123 0.011412688998963994 0.044460395020978184
1 0.43745261083892945 0.7033059506107667 0.011412688998963994 0.044460395020978184
2 0.307405545908952 0.6539948800746238 0.013266287427387446 0.05082879419114121
0 0.9183430459089521 0.6077008045408814 0.016536836641598995 0.054190592531467276
1 0.5813117727495882 0.6900694769557685 0.01780823821317572 0.048058991701630305
1 0.5773927142297517 0.6070677228065836 0.01326628742738727 0.05082879419114121
1 0.3347878372652809 0.6176662937669339 0.018172111248705037 0.055871491701630305
1 0.25565895533841143 0.6952836535198406 0.014828787427387446 0.050947193361304245
1 0.12172275703382254 0.6626156313240237 0.015119885855810856 0.057197193361304244
1 0.13500400703382254 0.661609238377638 0.014974336641599173 0.05407219336130424
1 0.8566500287454442 0.4948232188578915 0.018972631926869356 0.0730589917016303
1 0.4134072969424093 0.5509864340140271 0.011994885855810721 0.05696039502097818
1 0.5735828176205737 0.5217222186573988 0.02493153349844608 0.06728258838228243
1 0.6201624110865984 0.591370945212182 0.013702935070022626 0.06020379419114121
1 0.16733712572612564 0.4855553012401111 0.019263730355292896 0.0793089917016303
1 0.3173158167920042 0.24064277509560195 0.03449062406898662 0.10537458423309749
1 0.3896016158013282 0.6275256232261466 0.013266287427387446 0.05082879419114121
1 0.30154945988652543 0.4621509221911726 0.023951230355292896 0.0796641892121194
2 0.1193190409465533 0.7476534821538607 0.014537688998963993 0.04469719336130425
