1 0.2953125 0.3074074074074074 0.008333333333333333 0.037037037037037035
1 0.5994791666666667 0.36435185185185187 0.009375 0.04537037037037037
1 0.24192708333333332 0.38101851851851853 0.008854166666666666 0.049074074074074076
1 0.19609375 0.4046296296296296 0.0109375 0.05
1 0.56328125 0.5226851851851851 0.013020833333333334 0.062037037037037036
1 0.5989583333333334 0.4310185185185185 0.014583333333333334 0.049074074074074076
1 0.4708333333333333 0.30925925925925923 0.008333333333333333 0.03888888888888889
1 0.10729166666666666 0.5402777777777777 0.016666666666666666 0.075
1 0.4109375 0.32222222222222224 0.009375 0.040740740740740744
1 0.5778645833333333 0.3416666666666667 0.008854166666666666 0.046296296296296294
2 0.27395833333333336 0.4439814814814815 0.0125 0.06018518518518518
1 0.18255208333333334 0.42592592592592593 0.0109375 0.05925925925925926
0 0.8958333333333334 0.4009259259259259 0.011458333333333333 0.05555555555555555
2 0.9653645833333333 0.6537037037037037 0.015104166666666667 0.07407407407407407
1 0.58359375 0.5449074074074074 0.015104166666666667 0.06759259259259259
1 0.27578125 0.6134259259259259 0.018229166666666668 0.07685185185185185
1 0.5317708333333333 0.6722222222222223 0.029166666666666667 0.07037037037037037
1 0.16015625 0.624537037037037 0.016145833333333335 0.0824074074074074
1 0.5986979166666667 0.675 0.018229166666666668 0.08333333333333333
1 0.7841145833333333 0.5898148148148148 0.018229166666666668 0.07592592592592592
1 0.90546875 0.6236111111111111 0.025520833333333333 0.08611111111111111
2 0.19038020833333333 0.28091666666666665 0.011416666666666667 0.035925925925925924
1 0.23907812499999997 0.33625925925925926 0.008458333333333333 0.040407407407407406
1 0.23214583333333336 0.3339722222222222 0.007833333333333333 0.03989814814814815
