1 0.8242477030627521 0.5624371040139543 0.052655106436617416 0.01923060124083733
1 0.7634305353620545 0.60136321019847 0.05901436708027905 0.021230143815484225
1 0.694615561340955 0.7771173270266476 0.07307686708027923 0.02221348960843983
1 0.798023692671192 0.48837689114071947 0.049857888367602674 0.023699579953513704
1 0.7948876210155514 0.4434085985660726 0.052982888367602496 0.02391810124083733
1 0.8012911682817754 0.6212822262900135 0.05578010643661742 0.0194491225281606
1 0.7710894880958306 0.42447292826748484 0.06537362772394087 0.02322968639013112
1 0.7769249528106507 0.6329245666350873 0.0634833457929556 0.01843292574646931
1 0.7813103481387442 0.13235648408368358 0.07285834579295561 0.01908848960843983
1 0.734398599224025 0.5899122579688971 0.06693612772394086 0.023338947033792933
1 0.7829228525782195 0.38997224212945525 0.06370186708027922 0.021557925746469486
1 0.7697012227605918 0.24223958247452923 0.06849862772394086 0.02344820767745457
1 0.6961873131056657 0.2606510928660894 0.08056158514929379 0.018072292826748538
2 0.7210566371070948 0.3989923270266476 0.07362317029858775 0.03002598960843983
1 0.7020216858859281 0.13230757157876596 0.07787362772394069 0.024103771539425
1 0.7172653655676697 0.4756640876703093 0.07663890965492612 0.028682010895763277
1 0.55568337336134 0.5185350126604741 0.0957166915859112 0.03468063861970414
1 0.7387697529268662 0.7519423644055145 0.06893567029858776 0.029698207677454746
1 0.7111689128338938 0.6526636302449563 0.07362317029858775 0.03002598960843983
1 0.6757994953852975 0.6195726247970746 0.0707166915859112 0.0329324683211162
1 0.6382455930198386 0.8422617257858104 0.07609260643661742 0.020869510895763454
