1 0.26658736550858014 0.45897927205610856 0.05043650961864685 0.015704145588778216
1 0.26043162394610064 0.5517675493540045 0.047202382213985136 0.012378886489479513
1 0.2723760632389947 0.5126351981819853 0.05043650961864685 0.015704145588778216
1 0.2794147477225653 0.4675532356589141 0.05076389183263199 0.025079145588778218
1 0.25343260108060994 0.4410303084533032 0.04736607332097771 0.01706638648947969
1 0.26106156260602253 0.39042953115540724 0.05345238221398514 0.012779404688076923
1 0.2782044557045989 0.6571163834071607 0.055014882213985136 0.012879534237726276
1 0.2739484869227921 0.5352413834071607 0.04095238221398514 0.011978368290882457
1 0.27849463238362115 0.643003818632336 0.053506945916315996 0.014341904688076923
1 0.305091881835467 0.8440959492617195 0.05345238221398514 0.012779404688076923
0 0.2744965469121079 0.1249151526854921 0.061483137023308564 0.019530052436323508
1 0.31149807222466935 0.399725385566629 0.056741073320977706 0.01766716378737554
1 0.2871677056197809 0.33081469926171947 0.05512400961864685 0.016004534237726277
1 0.30546639326821234 0.8996648288113688 0.05830357332097771 0.01776729333702498
1 0.32522821161023063 0.2547738309708371 0.056795637023308566 0.01922966378737554
2 0.29820693165798173 0.6245146344868948 0.056795637023308566 0.019229663787375628
1 0.3776489281146027 0.8590212399778508 0.066388891832632 0.02608044108527139
1 0.3063071191367772 0.5425637276393496 0.05997520072563933 0.020992422886674154
1 0.3765030903656547 0.8262087399778508 0.06767857332097763 0.01836807063492074
1 0.40388895806685154 0.4893305012366177 0.06504464664195542 0.03223031153562204
1 0.22870790879249098 0.5177825755721663 0.037881945916315996 0.013340609191583752
1 0.2574504676854984 0.5112426789036538 0.04736607332097771 0.017066386489479512
