1 0.3818498416055817 0.3625021585247132 0.015340776735205175 0.04128009724103805
1 0.43705115781334064 0.2836645075747735 0.011997255447881727 0.03799132293077854
1 0.6930822725478312 0.40527831524040403 0.01577781930985207 0.04753009724103805
1 0.21068467181119704 0.4749601356847917 0.016684755447881637 0.03823698439616763
1 0.38543366351332387 0.39149029567984295 0.014870883171822414 0.05682321008590829
1 0.3489937829393914 0.31563380257724793 0.010653276735205086 0.04103443577564878
1 0.5564456500196705 0.3436304070543751 0.016903276735204996 0.041361984396167804
1 0.21374396983372562 0.5187101356847916 0.020869510895763277 0.07581887155129756
1 0.49580308096191994 0.36691742084918505 0.012652819309851893 0.04736632293077854
1 0.7454317403647444 0.3301831399802048 0.012652819309851893 0.04736632293077854
1 0.4936392834435945 0.4695510979184066 0.017088947033792934 0.06628009724103805
1 0.6879795093062795 0.421357016619885 0.016324122528160602 0.05534259724103805
1 0.875643400271772 0.4335272252354553 0.015089404459146038 0.059948210085908116
1 0.27451794284641895 0.4082506705105008 0.02133940445914595 0.06027575870642732
1 0.24909732576613988 0.38979391960598964 0.01665190445914595 0.06003009724103805
1 0.5769316567280598 0.7479084712787264 0.02552415990702759 0.09785764586155707
1 0.2396401982943006 0.4437853787873868 0.023338947033792933 0.06660764586155707
1 0.6132633685928883 0.4882745217082677 0.01752598960843983 0.07253009724103805
2 0.40652169569641056 0.4704341672311404 0.017307468321116383 0.06940509724103805
1 0.52556662663866 0.5031382038658718 0.02199496832111638 0.06965075870642715
1 0.9143720365456875 0.6200346132950962 0.024868596045057246 0.08848264586155707
2 0.311067812020385 0.2630510351643934 0.013778276735205087 0.04119821008590829
