2 0.7390088770565832 0.7560832684754141 0.011741136803468066 0.040897784639736125
1 0.612203453350825 0.7371550752184739 0.011650131541796328 0.03933528463973612
1 0.8540856584148528 0.5210968515449398 0.022936242036904985 0.07242056927947224
1 0.5525778243692775 0.7030134074300698 0.014957142065139806 0.04255121285298138
1 0.6985805691076058 0.7003250134608491 0.01523015785015538 0.04723871285298138
1 0.8655159820782586 0.4989263348518923 0.016231215728545578 0.06442621285298138
1 0.32722150859837945 0.7290687567304246 0.011923147326811722 0.04402278463973612
1 0.6839412164344175 0.6570751186336986 0.021662168373499213 0.05054556927947225
1 0.8065596690793708 0.6675459542105069 0.017156678896842782 0.05353417695960409
1 0.27832898229002023 0.7382906440357277 0.019553636803468066 0.04112510517284953
1 0.4054521953877301 0.6714177296125359 0.015412168373499213 0.05036371285298138
1 0.44138126108804104 0.5767811795333936 0.02569722099021767 0.06626149749271767
1 0.2788441927568942 0.675881572248973 0.021116136803468067 0.04117056927947225
1 0.7639773269295264 0.6219894133025645 0.019174205205202098 0.06139214106622681
1 0.4631722320782587 0.5106333423072328 0.02744173151356133 0.06943196159934022
1 0.5211219689946663 0.5869397780423256 0.02395271046687384 0.06309103338609479
1 0.78849147951801 0.5760404158098471 0.027259720990217673 0.06630696159934021
2 0.6466680005646974 0.5739276495125111 0.02275423151356133 0.06929556927947225
1 0.6308580739457545 0.25617785985820996 0.03118835779368574 0.10697742570596294
1 0.054238305882838934 0.6488801177092618 0.014395699943530266 0.05969324874635866
1 0.09777401620853857 0.43703333557680824 0.030278305176967234 0.09135242570596294
