1 0.5090033370394299 0.192868032866319 0.009665891490547729 0.05021820554708332
1 0.5198135720123153 0.17073845972805513 0.01124657220870695 0.05337957313826389
1 0.5800743611417308 0.18730705746760368 0.008067030054229285 0.04393183795590279
1 0.29574935811666875 0.20251970906246503 0.012854524004105094 0.061228440729444424
1 0.5510999334486337 0.176261107904444 0.017523843285945872 0.0582125435029861
1 0.6136544756031115 0.1841814042572217 0.009747704722264317 0.06428070554708336
1 0.3995010720123153 0.173538764248958 0.01438066256778665 0.055014808320625
1 0.43560674365528823 0.20160855965180519 0.01750566256778665 0.05508754350298615
1 0.44655787919390766 0.20369773651354128 0.01595225292686635 0.05661367591180557
1 0.34187946955298726 0.2076968651226386 0.014407933645025484 0.059702308320624994
1 0.30303513817089806 0.24610605490215254 0.014462475799503239 0.069077308320625
1 0.5108340026322786 0.23892541527513847 0.01759656615858276 0.07071254350298614
1 0.7687419514026146 0.24933101273034658 0.01604315651766246 0.07223867591180558
1 0.5873192345801019 0.22386215330729117 0.01915906615858276 0.07074891109416663
1 0.26714763514583595 0.25553625949930536 0.01916815651766246 0.07231141109416672
1 0.6907487616092691 0.27380564228937443 0.01915906615858276 0.07074891109416673
1 0.2784532946885605 0.31856293636104144 0.014553379390299348 0.084702308320625
1 0.7294431020665446 0.2096152025098605 0.020694295081344016 0.0660977786853472
2 0.4657442164297293 0.2782613254193746 0.022311337235821682 0.07550914627652779
1 0.7426066982793567 0.3233867617804161 0.025472698672140127 0.08183188145888884
2 0.23527494554888215 0.14923236132291645 0.014389752926866261 0.056577308320625
