1 0.6150967550941291 0.5962980296620712 0.04132590684754511 0.013778276735205175
1 0.7010330575304525 0.5296243458698302 0.03810077729789594 0.01199725544788155
1 0.6083599059246947 0.2887804606043208 0.04767603639719446 0.01577781930985207
1 0.481706856884457 0.7845078598676866 0.03840116594684382 0.016684755447881727
1 0.5862906346437784 0.5967568515698134 0.05695090684754511 0.014870883171822414
1 0.6585067936507919 0.622816970995881 0.041225777297895935 0.012215776735204997
1 0.6545363942045024 0.41776883807616 0.041526165946843815 0.016903276735204996
1 0.43795685688445707 0.7875671578902151 0.07600129549649322 0.020869510895763277
1 0.6239687122185295 0.48212626901840955 0.04747577729789594 0.01265281930985207
1 0.6901896992617195 0.22550492842123404 0.04747577729789594 0.01265281930985207
1 0.5202429349206336 0.498712471500084 0.06642603639719465 0.017088947033792934
1 0.5915531377260973 0.296177697362769 0.05548853639719464 0.01632412252816078
1 0.6012249336840159 0.1088415883282616 0.060075906847545116 0.015089404459145906
1 0.5564250570690272 0.7108411309029086 0.06047642504614252 0.02133940445914604
1 0.5720605490494627 0.7338580138226295 0.06017603639719447 0.01665190445914604
1 0.2493482464562557 0.4538798447845494 0.09807655459579187 0.02552415990702741
1 0.5165219478774435 0.7509633863507903 0.06682655459579187 0.023338947033792933
1 0.5153527806939819 0.38083655664937793 0.07267603639719464 0.01752598960843983
2 0.5091669301402716 0.5865948837529001 0.06955103639719447 0.017307468321116383
1 0.4901141463639706 0.4712648146951496 0.06985142504614253 0.021994968321116203
1 0.4177208212532296 0.09600772460217721 0.08870155459579188 0.024868596045057156
2 0.7070851935585069 0.6536410000768746 0.04132590684754529 0.013778276735205175
