1 0.2217192579840658 0.3717636175670357 0.03777278463973612 0.01090300790866543
1 0.28980533142017306 0.23087202072306562 0.05348871285298147 0.0146646778706093
1 0.2564412504622184 0.30480161064695344 0.04714778463973612 0.011285009885831698
1 0.21571329889200808 0.4172671185556188 0.03781824874635875 0.01246550790866543
1 0.2680607120615586 0.2809184416735927 0.04411371285298138 0.014282675893442943
1 0.2995213122198432 0.21877126874589922 0.04719324874635875 0.012847509885831698
1 0.25398017702611114 0.44301919365075904 0.04714778463973612 0.011285009885831698
1 0.2832310709953318 0.2959067717116488 0.050272784639736126 0.011412343878220455
2 0.24541751926683686 0.469118778631731 0.04714778463973612 0.011285009885831698
1 0.2778245054767833 0.34762843920213476 0.050272784639736126 0.011412343878220455
1 0.322413242940371 0.23656626380298337 0.05348871285298138 0.014664677870609388
1 0.2218483239648327 0.6355077825860638 0.03777278463973612 0.01090300790866543
1 0.2883669195707707 0.8434847672630245 0.05339778463973612 0.011539677870609211
1 0.32828280971256074 0.1957502628144002 0.05031824874635875 0.012974843878220543
1 0.3006923894833812 0.5807937662744413 0.05339778463973612 0.011539677870609211
1 0.368932890274804 0.27368692041905446 0.05973871285298147 0.0149193458553869
1 0.29010291580984704 0.8106404337649273 0.05656824874635884 0.013229511862998321
1 0.3087980576674967 0.4899459317877609 0.05357964106622681 0.01778967787060921
1 0.3615232747436202 0.8233367519399852 0.06612510517284953 0.019861513840164234
0 0.2886580200582597 0.16303060471545439 0.04411371285298147 0.014282675893442943
1 0.21556018619731115 0.3688932855518132 0.0377727846397361 0.01090300790866543
2 0.217079289787315 0.9603167815974807 0.05661371285298147 0.014792011862998323
