1 0.6993234880082879 0.40841595699661715 0.03659247146395259 0.01699605242559432
0 0.6443810452897795 0.9819013833591956 0.05043664764263518 0.013456464244305267
1 0.7163312055432993 0.3800039145729625 0.03495719685684691 0.015306006667959782
1 0.7187775394988112 0.7652557594222115 0.03957192224974086 0.0141261439408634
1 0.6722601819696508 0.2822999960862919 0.04738442224974086 0.01476387272903601
1 0.6629129530620999 0.41563865457102284 0.05058219685684691 0.016581464244305268
1 0.6517206261404104 0.7064549732074747 0.045894696856846905 0.01619882697140156
1 0.6436985343270155 0.2893791724488703 0.05058219685684691 0.016581464244305087
1 0.652140157157657 0.6806099503286573 0.03971747146395259 0.0172511439408634
1 0.6939830548002922 0.6746149129059725 0.04418664764263518 0.012946281213767109
1 0.6473134543049541 0.8684288147227438 0.04887414764263518 0.01332891848667046
1 0.6148862520714238 0.8069652851759667 0.05058219685684691 0.016581464244305268
1 0.5388567531048811 0.7050841786577882 0.05839469685684691 0.017219193032477875
1 0.5987884487188737 0.24336529971983425 0.056977746071058634 0.020216647274843246
1 0.6000918136916323 0.6026445759326314 0.05363442224974104 0.015274055759574167
1 0.599965535155585 0.5885183030538141 0.05839469685684691 0.017219193032477875
2 0.6172344259737946 0.45347362335725594 0.05683219685684691 0.017091647274843424
1 0.4593963089341214 0.27276627304799517 0.07899829528527036 0.0251272878817268
1 0.46838362552123786 0.9385186898676757 0.07572774607105863 0.0217471963664579
1 0.2912947024429273 0.6323331074362625 0.09938356989237614 0.028347882730975726
1 0.5112156741117678 0.23778523729230025 0.06984161910658777 0.029049513335919562
2 0.7449185860224266 0.2545095780586633 0.0443321968568469 0.016071281213767018
1 0.7363868403656528 0.42085205517984603 0.038082196856846905 0.015561098183228771
