1 0.3315885097224801 0.7111119848837217 0.01134029172311406 0.03810077729789594
1 0.633328072137809 0.6743872470653394 0.011749727498762751 0.04591327729789594
1 0.2746148134313818 0.6342700801956448 0.011995388964152021 0.05060077729789594
1 0.22729275610443542 0.6078787584809898 0.013557888964152021 0.050700906847545114
1 0.5882977758921392 0.5134404526485803 0.01577548620519007 0.06330103639719446
1 0.6282444244672296 0.60709961751569 0.016682888964152022 0.05090116594684382
1 0.5065066225673502 0.7207639944444456 0.011422178878243728 0.03966327729789594
1 0.13188732360814703 0.4662839389258032 0.02111808344622812 0.07610142504614252
1 0.4464765253263122 0.7044590715577714 0.011504066033373662 0.041225777297895935
1 0.6125994923096256 0.6948604333702488 0.011831614653892686 0.04747577729789594
2 0.30258932722619164 0.5737726711886312 0.015611711894930557 0.06017603639719464
1 0.2129060295101838 0.5859339073089705 0.014049211894930557 0.060075906847545116
0 0.9267162239922598 0.656592981949061 0.015447937584671223 0.057051036397194645
2 0.9838039484388048 0.40875506168328046 0.0195555834462283 0.07600129549649318
1 0.6074229121427578 0.4920858867940215 0.019228034825709096 0.06975129549649317
1 0.2960483208946136 0.40439161551310515 0.022844357756487632 0.07932655459579188
1 0.5484463025772479 0.3621690468807692 0.033372421980838854 0.07221496144333708
1 0.17980916723114043 0.3852632788390554 0.021527519221876856 0.08391392504614252
1 0.6154700282669884 0.36334961751568995 0.023171906377006658 0.08557655459579187
1 0.8058703782215598 0.4604212839239592 0.022680583446228298 0.07620155459579188
1 0.9252035543862702 0.4345875740217816 0.02950379353213641 0.0875395727943891
2 0.22829309135968584 0.7309658050572171 0.014383404567984304 0.03673853639719447
1 0.2738645409301445 0.6793823210963461 0.011504066033373483 0.041225777297895935
1 0.26691517808527426 0.6804942381229242 0.009941566033373483 0.041125647748246584
