1 0.5694027702379296 0.785572245588986 0.007887743102595124 0.03157754862051902
1 0.369279939505235 0.7727469397323776 0.00821529172311406 0.03782754862051903
1 0.3749157858417619 0.7613557383528967 0.011667840343632996 0.04424132293077854
1 0.6687476729968916 0.77831302351729 0.01980788896415202 0.05090075870642732
1 0.7100277702379296 0.7929420895506635 0.01158595318850324 0.042678822930778536
1 0.5662844142904644 0.7558028584338562 0.011667840343633173 0.04424132293077854
1 0.5346183344622808 0.7759582281761312 0.01158595318850324 0.042678822930778536
1 0.5439933344622808 0.7764495511069098 0.011667840343633173 0.04424132293077854
0 0.9462242198083883 0.7507833242855156 0.011913501809022264 0.048928822930778534
2 0.4412501147654343 0.7188650231786058 0.011831614653892686 0.04736632293077854
1 0.6253761312737776 0.7386430139063516 0.025730340343632994 0.04497830732694617
1 0.20753021200647223 0.7190819499091429 0.014956614653892508 0.04753009724103805
1 0.19206898631673172 0.7213880783578455 0.013557888964152064 0.050573210085908295
1 0.3402265253263123 0.6940929952503015 0.021206614653892508 0.04785764586155707
1 0.2602114767057933 0.6836667503386843 0.015284163274411533 0.05378009724103805
1 0.439376676276252 0.6385191039113003 0.015693599050060313 0.06159259724103805
1 0.2951552855030776 0.5327936471047524 0.01799308344622812 0.07573698439616763
1 0.7886020703287867 0.6272152702379297 0.022353034825709096 0.06973264586155707
1 0.5678038121881863 0.3982736414505429 0.028350729307785018 0.09497830732694634
1 0.6251979895960921 0.6163143125268705 0.015939260515449583 0.06628009724103805
1 0.21854187584671067 0.5724083457707 0.025478034825709095 0.06989642017181659
1 0.5615050610565325 0.7984031162357723 0.012820904567984215 0.036510710085908296
2 0.1960471573930594 0.7675637155129752 0.013394114653892553 0.04744821008590829
