1 0.7709990360834276 0.7253493052834022 0.01227875693983016 0.04553070554708327
1 0.7645487769841288 0.7223697756481243 0.012178627390180986 0.04396820554708327
1 0.6384158759966798 0.7808570357161106 0.014702850092285048 0.03466594072944442
1 0.7974218337393891 0.6981321886421521 0.012378886489479513 0.047093205547083274
1 0.6640271452750113 0.7653950366660413 0.01959060919158375 0.03790004350298624
1 0.8276204734680711 0.6809985868185411 0.012378886489479868 0.047093205547083274
1 0.7057349814876357 0.708090376521805 0.012579145588778217 0.05021820554708327
2 0.564588349778518 0.7520611949104162 0.010415868290882457 0.040806837955902786
1 0.6252254611295701 0.7459553588543745 0.013640997840531632 0.04244207313826394
1 0.788668594998156 0.6592151590068743 0.012779404688076923 0.05334320554708327
1 0.4676330066260633 0.765271669359201 0.011978368290882457 0.040843205547083275
1 0.8057559654485068 0.6572526155038882 0.012579145588778217 0.05021820554708327
1 0.7152415869785915 0.63666931820118 0.020692034237726274 0.05508754350298606
1 0.18422092689184383 0.7014507843849305 0.014341904688076923 0.053379573138263935
1 0.20461496760797507 0.6289939029260415 0.022955441085271477 0.06606141109416655
1 0.5209699552694739 0.6818766346899302 0.020391645588778217 0.050400043502986235
1 0.4464706030177205 0.6914347790665969 0.017466904688076924 0.053452308320624906
1 0.20150855644149318 0.7026132408819443 0.014442034237726253 0.054942073138263936
1 0.6274283112218552 0.7803303588543745 0.01646560919158375 0.037827308320624906
0 0.8535717041897397 0.6952604553596521 0.016866127390181163 0.04407730832062491
1 0.7077678508582521 0.7276034427262148 0.018428627390180984 0.044113675911805574
