1 0.6230925752184739 0.6824171354358949 0.01368206677218975 0.0411343359695552
1 0.5597682096207832 0.7619653725843136 0.010466138558944316 0.03788200197716627
1 0.3144904650310595 0.6432485701894054 0.013863923198680439 0.047384335969555026
1 0.8063262755350429 0.56786383999825 0.015153638558944405 0.03807300296574958
1 0.6223711611909936 0.6534472184397006 0.012574207838416385 0.05669566897336083
1 0.6514616161264162 0.7289393083635882 0.008994566772189572 0.040943334980972065
1 0.4457117212992657 0.7033477648659286 0.015244566772189749 0.04119800296574958
1 0.8075992705204781 0.52411383999825 0.017807277117888633 0.07563666996194378
1 0.5089846111118512 0.6793319447137043 0.01073892319868044 0.04725700197716627
1 0.25440475969992543 0.7190178913302129 0.01073892319868044 0.04725700197716627
1 0.5213602421489482 0.5765889466908707 0.014409492478152685 0.06613433596955502
1 0.3212178381505977 0.6270969881741829 0.014091243731793846 0.055196835969555026
1 0.13378603431053165 0.6171131986308559 0.012665136051661908 0.05982066897336082
1 0.7355303907370224 0.6353749921656966 0.01891513605166182 0.06007533695813834
1 0.7592490355641729 0.6535493306067097 0.014227636051661819 0.059884335969555204
1 0.46529942491454007 0.2989785998469007 0.02156877461060631 0.09763900395433271
1 0.7741215292959668 0.5994030000743621 0.020659492478152686 0.06638900395433271
1 0.4029739550019296 0.5592502549800968 0.014591348904643375 0.07238433596955503
2 0.6090193665221275 0.5746855484777565 0.014500420691397942 0.06925933596955502
1 0.4926047563347131 0.5433480237631773 0.01918792069139812 0.06945033695813833
1 0.11339228094531939 0.4309064431936485 0.022858489970870144 0.0883276709505271
2 0.684359032661179 0.781121232279865 0.012119566772189571 0.04107066897336083
