1 0.6953125 0.240625 0.00859375 0.03984375
1 0.5953125 0.34375 0.0140625 0.0546875
1 0.47265625 0.3078125 0.0109375 0.0484375
1 0.7453125 0.309375 0.01015625 0.0484375
1 0.3265625 0.2703125 0.0140625 0.04765625
1 0.2859375 0.4765625 0.0296875 0.065625
1 0.7234375 0.40078125 0.0140625 0.0671875
1 0.3125 0.428125 0.01796875 0.0609375
1 0.5328125 0.41484375 0.01484375 0.06328125
2 0.65546875 0.45078125 0.0140625 0.07265625
1 0.25859375 0.38046875 0.0171875 0.0609375
1 0.4953125 0.3609375 0.01875 0.05546875
1 0.05 0.4171875 0.01484375 0.06875
1 0.81796875 0.4046875 0.0140625 0.0703125
1 0.8734375 0.54921875 0.0234375 0.0890625
1 0.23359375 0.4875 0.0296875 0.0734375
1 0.47734375 0.540625 0.0171875 0.084375
1 0.675 0.66953125 0.034375 0.10390625
1 0.50390625 0.7671875 0.034375 0.11328125
1 0.815625 0.690625 0.03125 0.10078125
1 0.3921875 0.5546875 0.02578125 0.0859375
2 0.7296875 0.225 0.01015625 0.04375
