1 0.7046760430207109 0.23332232408384987 0.01967730032431163 0.054545790041956366
1 0.6964544399364557 0.25616782823303474 0.015153441558013726 0.06356559253146728
1 0.6825555811701578 0.24572723570156754 0.018332988635914305 0.06692739087179334
1 0.7335998839301013 0.2793219083169473 0.02126707386326192 0.056226689212119305
1 0.7342623571447401 0.33100280748711036 0.023293224025417558 0.08290758838228234
1 0.4473817402607674 0.1840989610069509 0.010411394480112968 0.060085395020978136
1 0.7937152236216759 0.28622402636822375 0.012246629869616398 0.07582879419114122
1 0.19816694440068267 0.20980474295103008 0.013727309252765307 0.07125969336130415
1 0.3012237605533068 0.2215253381817897 0.016770488635914304 0.06680899170163028
1 0.5753606899364557 0.24699189254540038 0.022884120941162676 0.059470088382282335
1 0.29081236607319394 0.2801899431608115 0.018387535713814972 0.07005239087179334
1 0.4136964870143565 0.2316125784335274 0.016852309252765353 0.07149649170163022
1 0.8126055454563428 0.32442276599526154 0.015371629869616044 0.07606559253146727
1 0.5100805633132504 0.2670783269836349 0.02600912094116268 0.0597068867226084
1 0.6133146574690518 0.2686426722143945 0.02000458279171564 0.07329579004195627
2 0.4594532719173925 0.29922705353841816 0.021703450486467445 0.08122668921211931
1 0.4788578368522007 0.2631478435803744 0.016825035713814884 0.06993399170163021
1 0.20339418669004491 0.2688720896316822 0.015426176947516978 0.07919059253146728
1 0.3861055008140742 0.378155691710919 0.02474662986961631 0.07677598755244537
1 0.8741918819015065 0.38150248280178245 0.02014095048646709 0.08110829004195627
2 0.18053515949764662 0.1443214529090738 0.016797762174864596 0.06837149170163022
1 0.6859805900986116 0.22877653404189355 0.02296594155801355 0.06415758838228233
