1 0.47936337235821647 0.7195606169066064 0.012790891490547907 0.050801036397194466
1 0.5716054145126942 0.7230279734772964 0.009647710772388508 0.04747577729789594
1 0.5332468964605175 0.7121998974437048 0.01279089149054773 0.050801036397194646
1 0.48866564948557956 0.7064598396087105 0.022165891490547728 0.05140181369509058
1 0.46068609523085347 0.7332621715023983 0.014335210772388507 0.04777616594684382
1 0.41063155307637567 0.7270913170911765 0.009684072208706951 0.05372577729789594
1 0.6777736012809776 0.7021566641011426 0.009693162567786651 0.05528827729789594
1 0.5558986012809777 0.7099667689737896 0.009611349336070062 0.041225777297895935
1 0.6637065561014378 0.7022765800479865 0.01124657220870695 0.05382590684754511
1 0.8659366766129427 0.6697785533683994 0.009684072208707307 0.05372577729789576
0 0.1464372428697213 0.7213569609819117 0.015979524004105093 0.06193879549649317
1 0.42284066158582795 0.6762902806939819 0.01438975292686635 0.057151165946843815
1 0.3526554266129426 0.7026711104282014 0.01281816256778665 0.05548853639719464
1 0.9214145169720223 0.6677864543558485 0.014398843285945873 0.05871366594684382
1 0.27898157727687256 0.6667521992617195 0.015952252926866174 0.057251295496493174
2 0.6464008814334028 0.683065505094129 0.01595225292686635 0.057251295496493174
1 0.8850497700952802 0.5966519339977829 0.022256795081343837 0.06702681369509059
1 0.5650872489198455 0.6773347416758937 0.017532933645025395 0.06047642504614252
1 0.85223727009528 0.5987546545404185 0.014453385440423716 0.06808866594684382
1 0.5176350111182898 0.5811198781653732 0.028497704722264317 0.06586483189368764
1 0.5358451765147467 0.7557997031192307 0.011155668617910841 0.03820090684754511
1 0.5309895048717739 0.7271938417681788 0.014335210772388507 0.04777616594684382
