1 0.2459433400953163 0.3215136391239072 0.04078864123370209 0.012215776735205085
1 0.350813846588138 0.4287248416055817 0.054932961850553144 0.0178866225281606
1 0.31701731939573974 0.5488680968013618 0.04862841477265238 0.014324579953513706
1 0.3138205868489054 0.27632110744502353 0.048601141233702 0.012762079953513795
1 0.28206739528759656 0.6923395913534802 0.047120461850553054 0.01734031930985207
1 0.4890265073003054 0.7473869963168293 0.06614319724005639 0.034276447033792935
1 0.40560866639421017 0.304587855099235 0.06743296185055296 0.01876070767745457
1 0.44012535713814954 0.7174374163633155 0.06126478246740419 0.023011165102807672
1 0.4229985381461517 0.49619620089219063 0.06277273538950343 0.019995425746469307
2 0.45679506533855 0.37605294569641057 0.07212046185055314 0.01908848960843983
1 0.3934100442319363 0.7680112167316324 0.06123750892845372 0.021448665102807674
1 0.3697468530809598 0.5299267086858608 0.05657728246740401 0.022683383171822412
1 0.43376981168180667 0.9791725918576833 0.06902273538950343 0.020432468321116205
1 0.40786486728771454 0.2103297567083894 0.0705579618505531 0.018979228964778015
1 0.5514279066549775 0.16496761624709988 0.08947160308425524 0.02966535668871888
1 0.5008776708551418 0.8004955708224614 0.07395569724005639 0.034822750252101374
1 0.5497479987788887 0.5604604327069603 0.08467500892845373 0.02308757475773362
1 0.6752041461016708 0.37181818580905346 0.10372501785690744 0.04158620248167448
1 0.7758468486167329 0.5497407260379118 0.11310001785690744 0.04224176634364483
1 0.6938432775961401 0.2326682044984869 0.10054547077900686 0.038242681194351036
1 0.5652969066516823 0.6466000284999159 0.08637387662320535 0.031009335401395433
2 0.22971832223840885 0.28604603268728984 0.043913641233702096 0.012434298022528623
