1 0.5422939051702257 0.6653002087292851 0.03167697510489074 0.047038626463433174
1 0.21230428754315658 0.35173417506081844 0.015815176764564676 0.04382272287263689
2 0.9240883568298998 0.6662026159343185 0.03404495850815117 0.07828862646343318
1 0.26165309210725995 0.3600370335702707 0.012690176764564676 0.04380454215447767
1 0.47752746845690613 0.31426949473544274 0.012334979254075585 0.039117042154477664
1 0.28713742156647265 0.41533306674775794 0.015081470955705889 0.054751132513557364
1 0.40927437592543897 0.32872288017586626 0.012453378424238793 0.040679542154477666
1 0.5648014028951407 0.37857691354974526 0.014963071785542858 0.05318863251355736
1 0.1742463352587827 0.44175973224241083 0.015436668466194892 0.05943863251355737
0 0.9083971149277769 0.39922419419314975 0.016643970955706067 0.054760222872636974
1 0.1640784298648424 0.43166711475596814 0.01856166846619489 0.05945681323171641
2 0.271914240652723 0.45134328962039494 0.01699916846619498 0.05944772287263689
1 0.6950422421026156 0.5457138956939602 0.021071361827499045 0.07196590359079628
1 0.7185048981212558 0.46280140174408435 0.02613737012586892 0.05637726502711473
1 0.6238049369138123 0.6304661455957643 0.032482458508151166 0.07827953610435348
1 0.08145241616788787 0.594576180914551 0.02646925684847725 0.08136817466803503
1 0.7024035335944644 0.6237616276417836 0.024930067636357835 0.061055674668035034
1 0.5543016107785919 0.393475205704223 0.01676237012586874 0.056322722872636885
1 0.865401363678377 0.5853298658361228 0.02779495850815117 0.07825226502711473
1 0.7635060543403888 0.6624514229195192 0.025380353529129353 0.08760908430895534
1 0.24837888442430134 0.6279648769544124 0.02682445435896632 0.08605567466803503
1 0.09132247840566107 0.7116545966055956 0.03042305103961842 0.09232385538619425
1 0.28280696430772123 0.3075932896203949 0.015578378424238615 0.040697722872636885
2 0.19376869771098174 0.27687507562655256 0.011979781743586538 0.03442954215447767
