1 0.7154365493591787 0.2914107163775689 0.010684528855940557 0.03771820554708336
1 0.41271334264308945 0.3547523966577774 0.010957347367594749 0.04553070554708327
1 0.7711260433687288 0.36361171827742994 0.011121038474587407 0.05021820554708336
1 0.8180382489036916 0.38597637433760346 0.012683538474587409 0.05025457313826394
1 0.4549703084296713 0.5124915082650343 0.01468254809323426 0.0627909407294446
1 0.4166220818433162 0.42190352906659695 0.015808538474587408 0.05032730832062495
1 0.5404911130615094 0.2970463865897912 0.010739092558271324 0.039280705547083364
1 0.9110665410064762 0.5198591054359021 0.019806557711881112 0.07540004350298624
1 0.6003026226801562 0.30816441812493006 0.01079365626060209 0.040843205547083275
1 0.4338244508104574 0.3323682503812496 0.011011911069925695 0.047093205547083364
2 0.7420585914619631 0.42683907010104105 0.014573420688572546 0.05966594072944442
1 0.8320561088851584 0.4067609998125688 0.013010920688572725 0.05962957313826389
0 0.11868308964786452 0.3983446213909027 0.014464293283910834 0.05654094072944442
2 0.05718262757429773 0.6523249129940277 0.018244057711881072 0.07536367591180557
1 0.43544898211346866 0.5356205369503816 0.018025802902557685 0.06911367591180557
1 0.745635003164861 0.5964248714878119 0.021478185116542647 0.07856141109416673
1 0.49221239200226796 0.6609647226458331 0.03214286660488845 0.07100348423243048
1 0.8616692309323423 0.6054524197404507 0.01851687622353566 0.08317617591180557
1 0.42513401940692974 0.6656535290665969 0.02169643992586625 0.08481141109416654
1 0.23622279762989812 0.5848250224170831 0.021369057711881113 0.07543641109416672
1 0.11630216723001148 0.6212372607335762 0.028001003628197064 0.08651938145888885
2 0.8191964664195541 0.26241158776847157 0.013754965153609789 0.03622844072944442
1 0.772668696001134 0.3182264830950688 0.01079365626060227 0.040843205547083275
1 0.7796453822988031 0.3165003289347563 0.00923115626060227 0.040806837955902786
