1 0.9857330692983541 0.3844756310012609 0.028533861403291637 0.02849634059717552
1 0.25438261452679145 0.17787289976756893 0.04457879419114121 0.013996798022528577
1 0.3520379419114117 0.13341234160558169 0.035322193361304245 0.01490373416055819
1 0.2876211670163024 0.17553450360629624 0.04469719336130425 0.015559298022528579
1 0.3262361489696704 0.3056808255140383 0.05071039502097818 0.012871340597175518
1 0.28537988632162303 0.6074511391239072 0.04289789502097818 0.01232503737886681
1 0.37034503694167864 0.5185850170999495 0.05442739087179334 0.020902361884498965
1 0.3250800811328197 0.5262993281119284 0.050947193361304245 0.01599634059717552
0 0.38967110292765134 0.958226671306994 0.05575309253146728 0.0178866225281606
1 0.44127804066665616 0.1419839482943006 0.05899649170163031 0.019667643815484227
1 0.3977605645360802 0.5624660570767064 0.060440592531467184 0.018214404459146037
1 0.3870049377622268 0.14362857576613988 0.057789189212119306 0.02424588317182246
1 0.4517367468997223 0.5056258312140216 0.06669059253146728 0.018651447033792935
1 0.36774394565961127 0.6893674106633322 0.053835395020978186 0.013089861884499144
1 0.4093357593472769 0.4793475544788164 0.0587596933613042 0.016542643815484225
1 0.364966762247062 0.28352160224924344 0.05575309253146728 0.017886622528160777
1 0.513988293165456 0.5169728766386601 0.0761839917016303 0.020869510895763277
1 0.646668893370593 0.43222045424638533 0.09143048340326061 0.03747785668871888
1 0.5363816661911098 0.3817673501555565 0.07208848755244546 0.028354228964778017
1 0.5985007286525976 0.9246486188449901 0.09048329004195636 0.024977856688718703
2 0.4030946468950779 0.31494084705346337 0.06680899170163027 0.020213947033792933
1 0.4444248448297742 0.6962836822027573 0.07125969336130425 0.017416728964778017
1 0.7394054581071658 0.6920432044984869 0.10165758838228242 0.028867681194351034
2 0.2360577444009226 0.12063955397461332 0.047703794191141215 0.01421531930985207
