1 0.6616452431034364 0.37978177562880044 0.04736592370110611 0.030035009885831788
1 0.33984278653118444 0.7465487588600676 0.04396818831160267 0.014282675893442943
2 0.6714386233767946 0.006638683270635723 0.07861592370110611 0.013277366541271447
1 0.3493092897775953 0.6961985903809984 0.043913641233702096 0.011157675893442942
1 0.30848724107484154 0.4855130997725385 0.03922614123370209 0.010966674904859808
1 0.4052962370176518 0.6642509120160975 0.05487841477265239 0.013165844866803767
1 0.32137697889997696 0.552127596806789 0.04078864123370209 0.011030341901054185
1 0.3749401298729116 0.39068341943047125 0.053315914772652385 0.0131021778706093
1 0.42914106575217764 0.77413790657889 0.059565914772652384 0.013356845855386901
0 0.40362383198093676 0.04444774798565261 0.054905688311602675 0.014728344866803699
1 0.4187939009795253 0.7854892420541535 0.05962046185055296 0.016481845855386902
2 0.4410155487060491 0.6752865711036264 0.05959318831160267 0.0149193458553869
1 0.5454044086868677 0.2408704673395742 0.07214773538950343 0.018553681824942013
1 0.46289191761532145 0.22705731813787694 0.05663182954530477 0.024167011862998144
1 0.6286475568204286 0.30227619954507706 0.07858865016215581 0.029745849809719616
1 0.5800665917267599 0.8491803744499368 0.0816045560063543 0.023623183802108372
1 0.6237612337679457 0.22440586752985464 0.061292056006354304 0.022795512851581278
1 0.3896202386392096 0.39945358296662453 0.05646818831160268 0.014792011862998056
1 0.5890567715103554 0.06577762543852002 0.07850682954530477 0.02505834980971957
1 0.6639419488649094 0.15875169262499483 0.08782728246740419 0.02231535178688593
1 0.6174007707028718 0.6782484505336602 0.0862920560063543 0.023814184790691507
1 0.697581374194164 0.8256553497353576 0.09259660308425506 0.027193852775469197
1 0.29726554870604904 0.6811439347535104 0.04084318831160268 0.014155341901054186
2 0.2644200466774541 0.7738235246773983 0.034538641233702094 0.010775673916276674
