1 0.673216944181377 0.7472382751670986 0.010557066772189571 0.04078864123370209
1 0.5762175752184739 0.6458587816599204 0.015653743731793845 0.054932961850553144
1 0.45251565076615224 0.6839372544675222 0.012346887305303155 0.04862841477265238
1 0.725217364872775 0.6776155219206877 0.010784387305303155 0.04860114123370209
1 0.30533076220720795 0.7239873303593789 0.01698892319868044 0.04714773538950343
1 0.2707070242814018 0.5184464423720877 0.0315969924781526 0.06614319724005639
1 0.7060020151102018 0.5865911014659926 0.0160174565847754 0.06743296185055314
1 0.2958601369760987 0.566420292209932 0.020523100158284534 0.06126478246740401
1 0.5157861920698059 0.5758559732179341 0.01744356426490725 0.06277273538950326
2 0.6394881165221277 0.5377775004103323 0.0161538489046432 0.07212046185055314
1 0.2405672317241069 0.6150174793037188 0.018960600158284536 0.06123750892845372
1 0.4767176803913234 0.6304167881527423 0.020386707838416385 0.05657728246740401
1 0.03304188822973994 0.5819397467535892 0.017625420691397976 0.06902273538950343
1 0.8006469253767584 0.5810348023594971 0.016108384798020747 0.07055796185055314
1 0.8603211052393565 0.4355353417267599 0.026028954077492727 0.0894716030842552
1 0.21868152302776062 0.5084226059269241 0.031824313011266 0.07395569724005639
1 0.46397730265293174 0.45104293385067107 0.019642561757624754 0.08467500892845373
1 0.6653843414493029 0.3186865811734531 0.037375631037097 0.10372501785690744
1 0.4971320981132205 0.22401678368851535 0.03764841567683312 0.11310001785690744
1 0.8066231068887092 0.2951382126679225 0.034159702823851654 0.10054547077900686
1 0.3792302296125359 0.4384668417234646 0.02906302586424747 0.08640115016215581
2 0.7071373031151502 0.7622632573101912 0.010647994985435005 0.043913641233702096
