1 0.15581139266334282 0.6152699551150478 0.06067668414544114 0.020657933645025394
2 0.11345602097637446 0.22816084055547137 0.06340116594684389 0.014426114363184795
1 0.17188697563676475 0.6081478015242515 0.07347707279438916 0.025418156517662282
1 0.12831625077519235 0.5568580122966401 0.057651813695090495 0.022202252926866173
1 0.16851735348837107 0.3926227954741274 0.06995155459579183 0.01914997579950315
1 0.16622247069951926 0.3309404069104459 0.06808866594684386 0.014453385440423539
1 0.16188781925064483 0.44732847619228655 0.06642603639719455 0.01288179508134384
1 0.2219508389904016 0.29000633470173887 0.07277616594684391 0.01448065651766246
1 0.14674487816537335 0.5130171087058439 0.06017603639719456 0.012845433645025394
1 0.15734241672203625 0.5426318858332071 0.06360142504614252 0.017551114363184794
1 0.16949646746031677 0.26766370208998563 0.07267603639719455 0.01291815651766246
1 0.1325252845514933 0.673977334603543 0.06702681369509049 0.022256795081344018
1 0.1545225956256901 0.7816216629605701 0.06965116594684391 0.014462475799503239
1 0.28311887646733036 0.298241015518094 0.08557655459579187 0.019240879390299347
2 0.23555585672757356 0.4554904341360048 0.08088905459579188 0.019213608313060605
1 0.1942602282576584 0.47837848829253504 0.07433866594684387 0.014489746876741982
1 0.2255054380029525 0.23453758470173885 0.07630168414544114 0.02074883723582168
1 0.201508217155775 0.8039961118291019 0.07806444324473978 0.023882927594901203
1 0.1703454595976358 0.6565762111651721 0.06430233189368777 0.028488614363184794
1 0.27578632634735867 0.7660779553114395 0.08547642504614253 0.01767837939029935
1 0.2393167026578055 0.7014705546475095 0.08002746144333708 0.030142017953980905
1 0.1326799830380204 0.3912693737329586 0.06390181369509049 0.022238614363184705
