1 0.15084635072394065 0.7025841277383916 0.053889003954332715 0.02029577962517113
1 0.17460218570491262 0.6940896661390514 0.0630730029657495 0.015881064264907253
1 0.16580018867066215 0.6802999507787876 0.06632533695813833 0.019096992478152684
1 0.19338667779624724 0.7309986327529566 0.05551517095052709 0.021903743731793667
1 0.2448855108000528 0.7310608172344081 0.08214133794672147 0.0242391335443795
1 0.13166390509601525 0.44563544576422254 0.05975700197716636 0.011102636051661818
1 0.19327924844276315 0.7910866865930226 0.07544566897336073 0.013119777117888632
1 0.18631820749092348 0.1959022187254762 0.07082183596955512 0.014545884798020658
1 0.18602243574209365 0.2989135584589195 0.06626166996194396 0.017534492478152596
1 0.17953637790997795 0.5729959161390514 0.058703837946721474 0.0235571719450391
1 0.24577943771926 0.2878109224072576 0.06945033695813833 0.019187920691397943
1 0.18300091201609747 0.41136809435229676 0.07094916996194392 0.017670884798020658
1 0.22920216099033325 0.8095495300873896 0.07557300296574956 0.01624477711788863
1 0.2071785582520452 0.5074247404330885 0.05883117193911023 0.0266821719450391
1 0.19672653650321537 0.6107315968595792 0.07263900395433272 0.020841348904643377
2 0.2451534021302657 0.4563790659807669 0.0805151709505271 0.022631169437756782
1 0.20688939817593305 0.4762202045397112 0.06938666996194387 0.01762542069139794
1 0.24465728950614593 0.20044731472712565 0.0786980029657495 0.016335705331134064
1 0.33245708395520773 0.38204900422314214 0.07601867193911023 0.02718227711788863
1 0.2789992311425576 0.8705264825155297 0.08045150395433272 0.021068669437756427
2 0.12301971144525618 0.17901624709700611 0.06782416996194392 0.017579956584775312
1 0.14848535467827334 0.683925055951637 0.06339133794672147 0.023693564264907253
