1 0.81484375 0.2578125 0.01328125 0.04765625
1 0.8484375 0.31640625 0.01640625 0.053125
1 0.46328125 0.7234375 0.03828125 0.1078125
1 0.71640625 0.33671875 0.0125 0.06015625
1 0.4125 0.2578125 0.01171875 0.0484375
1 0.53828125 0.36875 0.0171875 0.05859375
1 0.55859375 0.3765625 0.0234375 0.0625
1 0.31796875 0.3515625 0.0203125 0.0640625
1 0.5 0.3046875 0.01484375 0.05234375
1 0.21484375 0.4125 0.01640625 0.0703125
2 0.7484375 0.434375 0.015625 0.078125
1 0.4828125 0.47734375 0.01796875 0.07890625
1 0.87890625 0.453125 0.015625 0.078125
1 0.725 0.4046875 0.021875 0.06875
1 0.840625 0.6625 0.0234375 0.1
1 0.578125 0.4828125 0.02109375 0.08203125
1 0.96875 0.60234375 0.02421875 0.096875
1 0.4234375 0.7453125 0.0359375 0.11015625
1 0.14140625 0.53203125 0.0171875 0.0859375
1 0.9265625 0.453125 0.028125 0.08359375
1 0.6171875 0.596875 0.0328125 0.0890625
2 0.8703125 0.22578125 0.01171875 0.046875
