1 0.2587623269979445 0.8049996019907363 0.0209146778706093 0.05410764586155707
1 0.26752983194086033 0.7811526662150877 0.016609179847775657 0.06323698439616762
1 0.281210329963694 0.7897906818189199 0.019861513840164415 0.06652575870642714
1 0.23085750289138743 0.7628054579382016 0.02254084486680368 0.05575203301668665
1 0.23139601376580235 0.7113248450933314 0.025185683802108373 0.08239642017181659
1 0.5153651540702511 0.8211757213943274 0.011794345855386901 0.05986632293077854
1 0.17079675338567904 0.7636143634106971 0.01399351581733077 0.0755732100859083
1 0.7656171634617912 0.7636244137286968 0.015365014828747548 0.07096759724103804
1 0.6626513309522771 0.7651227159672604 0.01829901384016459 0.06644387155129756
1 0.38862358194086033 0.7748064116925318 0.02423067885919252 0.05895892017181659
1 0.674445676807664 0.7052563930364819 0.019988847832553346 0.06965075870642731
1 0.5502149979484715 0.7694560911366025 0.01849001482874755 0.07113137155129756
1 0.15276167779624722 0.727919202849819 0.01711851581733077 0.07573698439616763
1 0.4544860038799706 0.7464080947546472 0.027355678859192524 0.0591226944820761
1 0.351106335895193 0.7580626469932108 0.021678681824942016 0.07285764586155707
2 0.5059503447924416 0.7078502057904951 0.023559516805913994 0.08075203301668665
1 0.48567233688377626 0.7463328516520521 0.01842634783255335 0.06956887155129757
1 0.7617546758190809 0.7053582123492158 0.017245849809719615 0.0788619843961678
1 0.5812633625869388 0.6197083966545265 0.026493515817330858 0.07622830732694634
1 0.09239452216875933 0.6788509390550092 0.021997016805913972 0.08067014586155707
2 0.7817568166178211 0.8267042678671398 0.01836268083635879 0.06800637155129756
1 0.2773849930055557 0.8071419561291794 0.024421679847775657 0.06364642017181658
