1 0.18191711107777492 0.398393646270378 0.06008432813030114 0.02481166846619489
2 0.10119781289972266 0.780802481953368 0.06299107332097771 0.01879846680652104
1 0.19729657441728604 0.4066088879720082 0.07280258293962456 0.03200886182749905
1 0.1486209722403678 0.4546194128671175 0.05701389183263199 0.026137370125868743
1 0.17257928349562796 0.620931497100215 0.06940476442797028 0.023959563487172986
1 0.16417401725355912 0.682176650419563 0.06767857332097771 0.019153664317009954
1 0.1713640130772079 0.566007198759889 0.06606150961864685 0.017472765146846925
1 0.21588036099295688 0.7268272222051056 0.0723660733209777 0.019508861827499047
1 0.16271818857510384 0.4995534045687478 0.059811509618646855 0.016999168466194804
1 0.17625489891939009 0.47081309793005194 0.06310020072563942 0.02192346680652104
1 0.16118293730915947 0.7453987008344815 0.07231150961864685 0.017946361827499046
1 0.16443199991518198 0.3383199066433402 0.066388891832632 0.026847765146846926
1 0.19710314537601104 0.23269779129135615 0.0692410733209777 0.019272063487173075
1 0.2778992113557766 0.7229102394265452 0.08502976442797028 0.02514355518880329
2 0.24588286344002758 0.5630374093426326 0.08034226442797028 0.0247883576783142
1 0.206830287123825 0.5373619805034755 0.07392857332097771 0.01962726099766208
1 0.2139433495602115 0.7822959722051056 0.07570932813030114 0.02599566016782511
1 0.24633181905980844 0.21371191556640987 0.07732639183263199 0.02767655933798816
1 0.20055054918954257 0.35828978714217125 0.06342758293962455 0.03129846680652095
1 0.3168972902038679 0.256658277393909 0.08497520072563942 0.02358105518880329
1 0.2740078965571374 0.3184236489696704 0.07921627404661713 0.03716995850815117
1 0.13658721979329708 0.6197708161864653 0.063263891832632 0.026610966806520864
