1 0.3618123933799978 0.32708461497275865 0.012972714672181595 0.04120719685684691
1 0.42179537336886197 0.24221515529563026 0.00981135200509069 0.03793664764263518
1 0.6714964760502704 0.3392377427657989 0.013045440006363406 0.047457196856846906
1 0.18354303739654254 0.4573286947899323 0.01449885200509069 0.038154971463952594
1 0.3637112480505886 0.3559180903656528 0.011592028007636035 0.056759422249741044
1 0.33159763470717996 0.28315483250776996 0.008285214672181596 0.04098887303552932
1 0.5380476293761799 0.29073608436979675 0.014535214672181596 0.04127997146395268
1 0.184052114735815 0.5010786947899323 0.016497704010181337 0.07572774607105863
1 0.47585671204645247 0.32020956865403105 0.009920440006363407 0.04731164764263518
1 0.7283999093729981 0.2584200823028822 0.009920440006363407 0.04731164764263518
1 0.46768168006045174 0.42377121629666625 0.013263616008908663 0.06620719685684687
1 0.6654373800524975 0.35593509119422234 0.013136346674090582 0.055269696856846906
1 0.8529646520528157 0.34954588834151945 0.01162839067472703 0.05988442224974104
1 0.25147487738699753 0.38381411207727456 0.01787839067472685 0.06017552067816441
1 0.22705613271799763 0.3677546184874153 0.013190890674726851 0.0599571968568469
1 0.5349440947644502 0.695787457405326 0.019877242679817542 0.09774829528527036
1 0.2144112293920882 0.42306070264781503 0.019513616008908663 0.06649829528527032
1 0.5865771307288152 0.430740346156621 0.013336341343090297 0.07245719685684686
2 0.38024531472786083 0.43331534429459423 0.01329997867599957 0.06933219685684691
1 0.4977418973981334 0.45441974876165486 0.01798747867599957 0.06955052067816432
1 0.8809003900779508 0.5335013573242728 0.019768154678544647 0.08837329528527035
2 0.296631741366953 0.23397462386409879 0.011410214672181595 0.041134422249741044
