1 0.6868280277074778 0.2561341443373754 0.009267992142117088 0.031613873035529316
1 0.37863884615211185 0.346433928454994 0.011485463606069857 0.04574914764263518
1 0.5910788800648425 0.2511983953708327 0.012392992142117264 0.03175942224974104
1 0.6291246896181365 0.26117055480029217 0.007705492142117265 0.03154109842842345
2 0.906960745242489 0.2756331993425555 0.010976041356328636 0.03481164764263518
1 0.46600610545773674 0.25545786393930137 0.010684942927905538 0.02856164764263518
1 0.5049958308506308 0.25207599876165493 0.010830492142117265 0.03168664764263518
1 0.4587415690638066 0.3012070115819365 0.010976041356328991 0.03481164764263518
1 0.3790583771693585 0.3722515657585469 0.011631012820281584 0.04887414764263518
1 0.4227312944567007 0.3013183275453712 0.011267139784752444 0.04106164764263518
0 0.1898117865988179 0.3434845186112498 0.011412688998963994 0.04418664764263518
1 0.933895734489122 0.4168746294501792 0.010286836641598995 0.053488873035529315
1 0.8894864549196175 0.33751676923493157 0.012829639784752444 0.041134422249741044
1 0.713758708848559 0.3300425252307876 0.014537688998963993 0.0443321968568469
1 0.471226606491194 0.3507339766357484 0.011485463606069857 0.04574914764263518
2 0.5281636571531478 0.29562479156572585 0.011121590570540718 0.03793664764263518
1 0.3377634431327932 0.410190367453958 0.013266287427387446 0.050509422249741046
1 0.9372433664159914 0.48874962945017925 0.019661836641598995 0.05392552067816432
1 0.5564941724546288 0.38277803515558506 0.013193512820281583 0.048946922249740954
1 0.40413545988201627 0.4399827212590649 0.013266287427387446 0.050509422249741046
1 0.3195763693114756 0.40633977543567534 0.014828787427387446 0.05058219685684686
1 0.7968666153825342 0.3997685202683889 0.01326628742738727 0.050509422249741046
1 0.40083929362813125 0.6045546435088059 0.017119033498445946 0.06627997146395259
