1 0.682690347809768 0.6127446509696395 0.036374542574646895 0.00687729139585791
1 0.7088050975576664 0.5398526217486461 0.0316870425746469 0.006795470779006862
1 0.6894709534900807 0.40842534374546896 0.025546303218308707 0.008248876623205347
1 0.651953800039341 0.6418594066516823 0.03971806386197034 0.01005683847375849
0 0.6809250240604404 0.8218332788106608 0.03804630321830871 0.008467064934808376
1 0.7024569085696453 0.49370432467074554 0.030233803218308708 0.008330697240056395
1 0.7000692359252689 0.559987843745469 0.03324954257464689 0.006822744317957152
1 0.6775822307294889 0.5954889671222635 0.03335880321830871 0.008385244317957152
1 0.6248128737886685 0.4322662183400796 0.036593063861970344 0.010002291395857909
1 0.6354604327069604 0.5510571286485051 0.04284306386197052 0.010111385551659247
2 0.6750256772590786 0.5142935142001642 0.034921303218308705 0.008412517856907442
1 0.6895420093062794 0.3982827305149441 0.0316870425746469 0.006795470779006862
1 0.5907446043429304 0.1905599594116258 0.03648380321830871 0.00843979139585782
1 0.6075703794886517 0.5427673417168741 0.04138982450563215 0.011646612012708779
1 0.6403278851886348 0.6541412183400795 0.04128056386197034 0.01008411201270878
1 0.5656885181083557 0.6356718620094135 0.044514824505631975 0.011701159090609536
1 0.6028878693491929 0.6878207430968459 0.04753056386197052 0.010193206168510115
1 0.5668696977900975 0.295483238632619 0.044405563861970344 0.010138659090609537
1 0.6085422896477807 0.7128889269442217 0.04149908514929379 0.013209112012708779
1 0.42622182652244456 0.6051467905817836 0.05378056386197048 0.01030230032431163
1 0.5417061708027908 0.18112072970416526 0.04607732450563216 0.011728432629559827
1 0.49900521857321783 0.15072411769145638 0.04462408514929379 0.013263659090609536
2 0.674103407561239 0.1998179569759938 0.030233803218308708 0.00833069724005644
