1 0.32561514806201364 0.6980441671834615 0.008052331893687814 0.02852551819859741
1 0.06091799969545819 0.5306108474713914 0.013941386489479646 0.04757590684754511
1 0.4365421560815781 0.6668163487080091 0.011477720542635694 0.033413277297895935
1 0.5679585441122172 0.4615502529346607 0.015704145588778216 0.050801036397194466
0 0.711010032392025 0.5846501866186765 0.013741127390180985 0.044450906847545116
1 0.31842201419342764 0.6160327035806562 0.016565738741233016 0.03996366594684382
1 0.08124338680324668 0.6748021360280543 0.00961483189368777 0.028625647748246587
1 0.658483414562568 0.457305239055 0.023516645588778216 0.05130168414544123
1 0.49145899599483034 0.6111683235695815 0.013340609191583752 0.03820090684754529
1 0.6956620419527489 0.411352388962715 0.022154404688076924 0.05432655459579187
1 0.5685464343023247 0.3066822802325566 0.027442681985972862 0.06400194324473985
1 0.5380231153654469 0.5887333166297513 0.01666586829088228 0.041526165946843815
1 0.5358865237541517 0.4278156030269457 0.022354663787375627 0.057451554595791876
1 0.3542593846437783 0.6152922239387217 0.015103368290882279 0.041426036397194464
1 0.7166835456533768 0.3018574730158711 0.019830441085271388 0.06662629549649317
1 0.7441460140365441 0.22540559454595596 0.02588018198597286 0.06390181369509049
1 0.18532412168696838 0.3740325755721663 0.016104663787375538 0.057051036397194554
1 0.6106071190660747 0.47593412554447967 0.022154404688076924 0.05432655459579187
1 0.24103509870800907 0.46382745836101813 0.014341904688076923 0.05382590684754511
2 0.49321935996677607 0.48656884176817883 0.01882914558877822 0.05100129549649317
1 0.5450192967331109 0.3338653439276471 0.02860466378737563 0.05785207279438911
1 0.6574821190660748 0.4729302390550001 0.012378886489479513 0.04747577729789594
2 0.3966495388704299 0.7308380783499435 0.008052331893687814 0.028525518198597232
