1 0.6057442067154524 0.39792487661498865 0.006668170671545326 0.03633801819859732
1 0.5319430800445434 0.3619687877814705 0.006613626670908879 0.03165051819859723
1 0.4008112587125888 0.36371415561092757 0.008103401336727068 0.025500647748246584
1 0.6358135147199067 0.43263983805832573 0.009829533338636055 0.03966327729789594
0 0.8153101107176794 0.42774848626799766 0.008248852005090868 0.03800064774824659
1 0.48588569271163423 0.3621399660668156 0.008157945337363515 0.030188147748246585
1 0.5523737587125888 0.37342672192691173 0.006631808004454243 0.03321301819859723
1 0.5886021600493159 0.40072970156884613 0.008194308004454243 0.033313147748246584
1 0.42658396538827026 0.4317224784053167 0.009793170671545327 0.03653827729789594
1 0.5453066933879521 0.4369885741786651 0.009865896005727137 0.04278827729789594
2 0.5073157973822251 0.3923979649870814 0.008212489337999784 0.034875647748246585
1 0.39064591804581605 0.36228206353820697 0.006613626670908879 0.03165051819859723
1 0.18537771005727008 0.4334399629844966 0.008230670671545237 0.03643814774824659
1 0.5378123667249973 0.4638316764304185 0.011410214672181595 0.04132590684754529
1 0.6484589653882702 0.44594087445552033 0.009847714672181596 0.041225777297895935
1 0.632125988064906 0.5182769494093777 0.011446577339272323 0.04445090684754529
1 0.683297589393679 0.48798747454780533 0.009920440006363407 0.04747577729789594
1 0.291210086728179 0.47144870758582574 0.0098840773392725 0.04435077729789594
1 0.7082521360598154 0.48568329734219445 0.012972714672181595 0.041426036397194464
1 0.6056009454169052 0.65397461751569 0.009993165340545219 0.05372577729789594
1 0.17734758139717888 0.4813267504614253 0.01146475867281791 0.04601340684754529
1 0.14813279606936045 0.5200492890180882 0.013009077339272456 0.04455103639719447
2 0.19222659937936154 0.3511281107327432 0.008157945337363425 0.030188147748246585
