1 0.3909831532463676 0.649898735751042 0.006668170671545237 0.0360829703647223
1 0.4640570265754588 0.6828580125365281 0.006613626670908879 0.0313954703647223
1 0.5954252052435042 0.6757566401956949 0.008103401336727068 0.025181837955902786
1 0.36167746125082195 0.6163952515186114 0.009829533338636055 0.039280705547083274
0 0.1817990572485948 0.6286192285328474 0.00824885200509069 0.03768183795590278
1 0.5101871392425495 0.6808058564763546 0.008157945337363515 0.029869337955902787
1 0.44386270524350413 0.6722289838511809 0.006631808004454243 0.0329579703647223
1 0.4082161065802312 0.6463925292540281 0.008194308004454243 0.032994337955902786
1 0.5711979119191856 0.608768508736806 0.009793170671545327 0.03615570554708327
1 0.4524206399188674 0.6083483218070838 0.00986589600572696 0.04240570554708327
2 0.4894297439131404 0.6514086439954171 0.008212489337999784 0.03455683795590279
1 0.6055723645767314 0.6767742795383687 0.006613626670908879 0.0313954703647223
1 0.8128041565881855 0.5971998015742022 0.008230670671544971 0.03611933795590279
1 0.46055131325591264 0.5811864097629865 0.011410214672181595 0.04087957313826394
1 0.3493229119191855 0.603604310789167 0.009847714672181596 0.040843205547083275
1 0.3673649345958214 0.5305668542921531 0.011446577339272502 0.04400457313826393
1 0.3154115359245944 0.5629604737831947 0.009920440006363407 0.047093205547083274
1 0.7076990332590943 0.5634949891695145 0.009884077339272324 0.04396820554708327
1 0.2903660825907307 0.5662848423243058 0.012972714672181595 0.04091594072944442
1 0.39708989194782063 0.3937214709334031 0.009993165340545129 0.05334320554708336
1 0.8219615279280943 0.5489623233256952 0.011464758672817866 0.045567073138263935
1 0.8521217426002756 0.5090283075581257 0.013009077339272323 0.04404094072944442
2 0.8040280459102768 0.6798304636182994 0.008157945337363425 0.029869337955902787
