1 0.4097068656699454 0.7413641429208809 0.0077239687923356115 0.028452548620519026
1 0.12344073778706977 0.5417138664629149 0.013394114653892553 0.04744821008590829
1 0.5178126147654343 0.7228774937799636 0.011094630257724702 0.033303822930778534
1 0.6262038896415205 0.5314446675698248 0.015120388964152198 0.05065509724103805
0 0.7847267978275495 0.6722002216174106 0.013230340343633174 0.044323210085908116
1 0.3928668464480685 0.6578965456798429 0.016109678878243727 0.0397994843961678
1 0.16078468679170158 0.6893634724103801 0.009286468792335523 0.02853443577564878
1 0.7169107767966503 0.5377566225673502 0.022932888964152198 0.051064533016686654
1 0.5666318950685876 0.6732360198992454 0.012902791723114149 0.03807321008590812
1 0.7489929364530173 0.4958081399802049 0.021534163274411534 0.05410764586155707
1 0.6086811177061102 0.3754845946390462 0.02671298620519007 0.06372830732694626
1 0.6109208056294657 0.6560794973980082 0.016191566033373662 0.041361984396167804
1 0.5899454850735364 0.49370565015697015 0.02169793758467122 0.057232645861557074
1 0.4288862336031983 0.6613424502478272 0.014629066033373484 0.04128009724103805
1 0.7573642791714995 0.3879513743763726 0.019064260515449582 0.06644387155129756
1 0.7760899457252715 0.314138738125754 0.02515048620519007 0.06364642017181658
1 0.23046426447217847 0.3985138223649516 0.015447937584671046 0.05690509724103805
1 0.6708546483479478 0.5509250079134578 0.021534163274411534 0.05410764586155707
1 0.2970962437799636 0.4954983649925769 0.013721663274411534 0.05369821008590812
2 0.5538309226582074 0.5479084712787264 0.01824538896415202 0.050818871551297565
1 0.5881572557657512 0.40011942446722965 0.027947937584671224 0.057560194482076096
1 0.7177296483479478 0.5533816225673502 0.011831614653892509 0.04736632293077854
2 0.4851096573930594 0.7827128392119793 0.0077239687923356115 0.028452548620519026
