1 0.44453125 0.6259715796908685 0.009375 0.04396820554708327
1 0.4859375 0.7284978208571532 0.00625 0.0282704703647223
1 0.2828125 0.6862700340036808 0.0078125 0.032994337955902786
1 0.540625 0.7063331865484728 0.0109375 0.03306707313826394
1 0.5875 0.6355492142838893 0.0078125 0.04393183795590279
0 0.775 0.6492883252255561 0.009375 0.04396820554708327
1 0.6046875 0.6234492577868755 0.009375 0.040843205547083275
1 0.17421875 0.5806174864166321 0.0109375 0.039317073138263936
1 0.6140625 0.5721049633339589 0.0125 0.04872844072944442
1 0.65625 0.5402743882958339 0.0125 0.0534159407294446
1 0.64375 0.5852959475663895 0.00625 0.0438954703647223
1 0.4515625 0.6058227338511809 0.009375 0.04396820554708327
1 0.5640625 0.5498474504161811 0.009375 0.04396820554708327
1 0.8109375 0.270437279822709 0.015625 0.06286367591180557
1 0.3078125 0.5321644154625698 0.0109375 0.04400457313826393
1 0.68359375 0.4643483211414937 0.0140625 0.05813980832062491
1 0.40625 0.3313305737069448 0.015625 0.07223867591180558
2 0.60625 0.49692312537805605 0.0125 0.05654094072944442
1 0.60625 0.3750481253780561 0.0140625 0.06282730832062491
1 0.484375 0.5034614532659727 0.0109375 0.05806707313826394
1 0.265625 0.3921199905006946 0.015625 0.059738675911805574
1 0.109375 0.028326981382638977 0.021875 0.05050914627652779
1 0.6890625 0.39416310771062557 0.0171875 0.06602504350298606
2 0.4921875 0.7606745412218754 0.009375 0.03615570554708327
