2 0.6484375 0.24140625 0.00703125 0.02578125
0 0.0140625 0.3625 0.01171875 0.0390625
1 0.3484375 0.2609375 0.00625 0.0234375
1 0.6671875 0.290625 0.01015625 0.03125
2 0.590625 0.4265625 0.0140625 0.0421875
1 0.7046875 0.44140625 0.01484375 0.0390625
1 0.5890625 0.465625 0.01484375 0.05
1 0.54375 0.3296875 0.0125 0.0359375
1 0.471875 0.4453125 0.00859375 0.04453125
1 0.528125 0.3203125 0.00859375 0.0359375
1 0.721875 0.365625 0.01328125 0.03984375
0 0.96875 0.4171875 0.01875 0.04453125
1 0.696875 0.359375 0.01015625 0.0359375
1 0.4609375 0.39296875 0.0109375 0.03828125
1 0.7625 0.4359375 0.015625 0.04453125
1 0.265625 0.3578125 0.0078125 0.0375
1 0.78359375 0.559375 0.021875 0.0484375
1 0.784375 0.5 0.0203125 0.05
1 0.4796875 0.5265625 0.01171875 0.053125
1 0.71015625 0.85546875 0.021875 0.06875
2 0.03125 0.896875 0.0234375 0.08203125
1 0.7109375 0.67578125 0.0203125 0.06328125
1 0.4265625 0.625 0.0265625 0.06328125
1 0.7984375 0.578125 0.02578125 0.0484375
1 0.5875 0.2546875 0.00859375 0.03515625
