1 0.5296369867284894 0.7215257232654577 0.007396005931499161 0.02819772533418181
1 0.6086931339530202 0.628374612587549 0.009340507908665429 0.03759090666772735
1 0.3272322283255322 0.6840182746260474 0.008958505931498984 0.028215906667727175
1 0.47403163247014535 0.6229069572724574 0.01096667490485963 0.03917158800127272
1 0.5630251482874762 0.6969069839274579 0.009085839923887918 0.031340906667727174
1 0.4525386344473118 0.6325364959420936 0.010775673916276674 0.03448408800127254
1 0.6185164615196183 0.6009035932527309 0.011221342889637498 0.045421588001272536
0 0.7864997989720482 0.6184894405633684 0.014155341901054186 0.04077045066836362
1 0.31443645657670244 0.5809932719605473 0.009467841901054186 0.040715906667727175
1 0.627509459542452 0.5914195052514584 0.011157675893442942 0.043859088001272716
1 0.6508687050938277 0.570043944581504 0.011157675893442942 0.043859088001272716
1 0.5545030410633828 0.5836711872613215 0.009404174904859808 0.039153406667727174
1 0.4858021206071473 0.5664933252705483 0.014155341901054186 0.04077045066836362
1 0.6644537026223697 0.5581615625795949 0.011157675893442942 0.04385908800127254
2 0.6227636097327324 0.5133126865850037 0.011285009885831698 0.04698408800127272
1 0.29095785281265013 0.4843455386298654 0.017216674904859806 0.03924431333545435
1 0.6407522643716371 0.45604507924891297 0.011539677870609211 0.05323408800127272
1 0.801497468896811 0.2384474045592322 0.018171679847775745 0.06268181333545453
1 0.23111462060714727 0.5694568826384558 0.01747134288963732 0.04549431333545453
1 0.7111602648659286 0.45757066923936796 0.014537343878220454 0.05014545066836362
2 0.12139483893530464 0.025917062659136708 0.0209146778706093 0.051834125318273416
1 0.5272999180219586 0.39561720393063954 0.017980678859192523 0.05799431333545444
1 0.3201930721665717 0.33862395862509287 0.016863847832553257 0.06891363200190899
2 0.5327765741809192 0.7410297012651395 0.007396005931498984 0.02819772533418181
