1 0.6852908848079167 0.5987108477581911 0.028489021046687314 0.007396005931499161
1 0.4840267034919994 0.8828178868072264 0.04751203683170289 0.012847509885831698
1 0.6674425031249461 0.4903226861992042 0.033358531570031144 0.010712006920082118
1 0.47670265301200665 0.37962656121779476 0.0507280420933748 0.014537343878220454
0 0.618342663394176 0.22265236654127146 0.044387036831702885 0.012720175893442941
1 0.6017503427145419 0.6145851985564939 0.03988154735504672 0.01565417490485981
1 0.6318495534637645 0.8471775226630509 0.02858002630835941 0.008958505931499161
1 0.48354345818897393 0.2889378942216003 0.05118306840173403 0.022349843878220543
1 0.6181019267601171 0.44089303057171636 0.038137036831702886 0.01246550790866543
1 0.4417955739457545 0.25634557011504333 0.05421706314006229 0.02091467787060939
1 0.3206878714419755 0.3953364273391367 0.06386507892507769 0.02598417984777566
1 0.6012098293486007 0.3963763680241462 0.04144404735504672 0.015717841901054186
1 0.4387630372552259 0.4154659021302657 0.057342063140062294 0.021042011862998145
1 0.6054059637329944 0.5785840315602995 0.0413530420933748 0.014155341901054186
1 0.3340208713008012 0.24670792635055347 0.06653505261671847 0.018299013840164413
1 0.26034044759504305 0.2271076921678843 0.06377407366340596 0.024421679847775657
1 0.3414968402248803 0.7740543349437908 0.0569780420933748 0.014792011862997967
1 0.49643830033881836 0.33517622425965643 0.05421706314006229 0.0209146778706093
1 0.4388415480609183 0.7085155651721274 0.053762036831702886 0.013102177870609211
2 0.49273790571342974 0.45223639026726764 0.05091005261671846 0.017662343878220455
1 0.34519504777856963 0.4161609219019292 0.05770608418674961 0.027292011862997966
1 0.49916845818897393 0.28830122425965643 0.04742103157003115 0.011285009885831698
2 0.7270681321064936 0.5237453398495256 0.028489021046687314 0.007396005931499161
