1 0.314847772700232 0.283700101289002 0.00908583992388783 0.031340906667727174
1 0.623478673384804 0.3558541752466858 0.011221342889637321 0.04542158800127272
1 0.4105422746773984 0.27321603994272986 0.012210839923887917 0.03137726933481808
1 0.37256477220594036 0.28537114194782054 0.007523339923887829 0.03132272533418181
2 0.09488809977253852 0.3159329879853643 0.010775673916276606 0.034484088001272714
1 0.5356059416735928 0.27019903325909433 0.01052100593149916 0.028234088001272716
1 0.49660710866978713 0.2690910665977304 0.010648339923887917 0.03135908800127272
1 0.5431345987839553 0.31540244525782163 0.010775673916276674 0.034484088001272714
1 0.6232094179475964 0.3816263345799131 0.011348676882026254 0.04854658800127272
1 0.5791357657801497 0.3134217745862764 0.011030341901054185 0.04073408800127272
0 0.8122374258562619 0.3419445745544597 0.011157675893442942 0.043859088001272716
1 0.06878190311884891 0.4583568453214551 0.0099771778706093 0.05321590666772717
1 0.11271758692095726 0.3766341306492735 0.012592841901054187 0.040752269334818084
1 0.28835425688290117 0.3589728212921837 0.014282675893442943 0.043895450668363534
1 0.5309410049057348 0.36552062392586704 0.011221342889637321 0.04542158800127272
2 0.4736988492782469 0.31386776460059396 0.01090300790866543 0.03760908800127272
1 0.6647138270351255 0.41706384790741335 0.012974843878220454 0.05012726933481808
1 0.06585322129390689 0.5302318453214551 0.019352177870609298 0.05332499466899989
1 0.44588291399326374 0.40243082527054835 0.012911176882026254 0.048564769334818084
1 0.5985330701150433 0.4506308732495493 0.012974843878220454 0.05012726933481808
1 0.6828735780237087 0.4121672625716407 0.014537343878220454 0.05014545066836358
1 0.2056744080617648 0.4333375693030014 0.014537343878220543 0.05014545066836362
1 0.6027855355146322 0.6145661039147312 0.016736513840164412 0.06578863200190899
