1 0.37793252481199363 0.3900729540284719 0.03622859842842345 0.00708645459715278
1 0.3501029313459689 0.4642378058520831 0.03154109842842345 0.006977351823611144
1 0.366372248342861 0.5952514165094094 0.025363873035529318 0.008394381458888845
1 0.4093623072769823 0.3596217346136802 0.03949914764263518 0.01028418977951393
0 0.38458697745980874 0.18031609432107606 0.037863873035529315 0.008685322188333355
1 0.3553747822555917 0.5102588206697221 0.030051373035529315 0.00850348423243048
1 0.3593131114535928 0.4436889165094094 0.033103598428423454 0.007013719414791808
1 0.38263929549015807 0.40716953505052056 0.03317637303552932 0.008576219414791631
1 0.4316141046291673 0.5687057938842358 0.03637414764263518 0.01021145459715278
1 0.423739484489122 0.4500103452710066 0.04262414764263518 0.01035692496187508
2 0.38329857505966264 0.48849227023288166 0.03473887303552932 0.008612587005972117
1 0.366064033289049 0.6054258503049997 0.03154109842842345 0.006977351823611144
1 0.46004528142702217 0.8097120003812496 0.03630137303552914 0.008648954597153136
1 0.45144710752465134 0.45718641242534686 0.041134422249740864 0.011883057370694417
1 0.42128011042013547 0.34683079388423577 0.04106164764263518 0.010320557370694417
1 0.4955181310982999 0.3623090170987496 0.04425942224974104 0.011955792553055566
1 0.4595228190638066 0.3115284203091316 0.04731164764263518 0.010466027735416716
1 0.48638299544737684 0.7035158985576385 0.04418664764263518 0.010393292553055567
1 0.45445217535011295 0.28661933928708294 0.04120719685684691 0.013445557370694505
1 0.6343280740262054 0.3872336690748606 0.05356164764263518 0.010611498100138927
1 0.5088830417661044 0.8171783550546523 0.04582192224974104 0.011992160144236052
1 0.5508907593011158 0.8459202976839577 0.0443321968568469 0.013518292553055745
2 0.37686890839149295 0.8038269827138192 0.030051373035529315 0.00850348423243048
