1 0.2639287175358912 0.5063461446610071 0.02823409415580134 0.006904616641249995
1 0.3546707199715232 0.59130433254066 0.03763636769475172 0.008685322188333445
1 0.3072771172910099 0.30649226823611136 0.02823409415580134 0.006904616641249995
1 0.36404749432125244 0.4570929867009726 0.03922614123370201 0.010284189779513753
1 0.2875474496789837 0.5412848423243057 0.03138636769475171 0.008539851823611144
1 0.3550543238665572 0.43499978115388915 0.034538641233702094 0.010175087005972116
1 0.3818235551988708 0.6028782653863198 0.04547614123370201 0.010429660144236052
0 0.35937403653118444 0.7696111704965628 0.04084318831160268 0.013445557370694416
1 0.41055212175523675 0.30029877925402815 0.040761367694751624 0.008758057370694416
1 0.39103491396516876 0.612471470933403 0.043913641233702096 0.010393292553055744
1 0.41170592411143847 0.6371811834143406 0.043913641233702096 0.010393292553055567
1 0.40089688352635966 0.5400152426848962 0.03919886769475167 0.00872168977951393
1 0.4200520324706994 0.47246471998347256 0.04084318831160268 0.013445557370694416
1 0.4231792122608855 0.6515164403481948 0.043913641233702096 0.010393292553055567
2 0.46918718750411903 0.6127273504924309 0.04703864123370209 0.010466027735416716
1 0.507768040992116 0.28302231990722265 0.03933523538950343 0.01653418977951393
1 0.5258638814977648 0.6343672675705212 0.0532886412337021 0.010611498100139016
1 0.7385297025216528 0.8089172451534381 0.06277273538950343 0.017079703647222288
1 0.4244976193196048 0.21777721998347258 0.04558523538950343 0.016679660144236143
1 0.5222928222449994 0.7046252161837504 0.05021818831160267 0.013663762917777688
2 0.9713374375008239 0.14296950930548694 0.05345228246740419 0.019986498100138927
1 0.5895190527632389 0.5248662874221532 0.058085235389503255 0.01697060087368065
1 0.6524668863657335 0.32156075588701444 0.06899546185055314 0.0156626740119445
2 0.2443565572274657 0.5082352997712503 0.02823409415580134 0.006904616641249995
