2 0.28246560602792903 0.45361073679788166 0.02571039502097818 0.009956881458888844
1 0.354441814111873 0.15375424753145805 0.03484859668065212 0.00705008700597225
0 0.41201600914678427 0.727645689210833 0.03652949585081515 0.00864895459715278
1 0.32451047345450557 0.41976176044923585 0.03484859668065212 0.007050087005972294
2 0.988950851142187 0.0739452337606589 0.022098297715626103 0.014717116641250038
1 0.3479731294731458 0.5021742169462498 0.03508539502097818 0.010175087005972116
1 0.6763582386013526 0.47731315520715223 0.0652464917016303 0.017116071238402954
1 0.42293908590670454 0.5826052929343052 0.04000969336130424 0.013409189779513931
1 0.6979255852820045 0.48307219272621466 0.06223989087179334 0.018605836056041623
1 0.48076416391602467 0.6227386772429858 0.041572193361304244 0.013445557370694416
2 0.564049337981297 0.5754077759324648 0.05395379419114121 0.012173998100139017
1 0.5312843821724382 0.5871271791428467 0.054190592531467276 0.015298998100139016
1 0.7838100053985848 0.16019577754798547 0.06969719336130424 0.0141001740119445
1 0.41179975374819955 0.5492115646857982 0.04109859668065212 0.007195557370694416
1 0.4381226875617341 0.39050805870187466 0.044460395020978184 0.010393292553055567
1 0.7764103958693926 0.7442084080569439 0.06356559253146728 0.015517203647222288
1 0.43046447552909795 0.413382514248958 0.04169059253146727 0.015008057370694416
1 0.48572770290907386 0.17182948746347182 0.05106559253146727 0.015226262917777822
1 0.5272140340418936 0.6780067522811107 0.046378092531467276 0.01511716014423623
1 0.5719164244894795 0.31774009308680506 0.04985829004195637 0.019877395326597203
1 0.5997635402656709 0.6645787254956245 0.054545790041956366 0.019986498100139017
1 0.7144073033379255 0.7315642441129856 0.0652464917016303 0.017116071238402773
1 0.6722412688950465 0.6088904635277773 0.06380239087179333 0.01864220364722229
1 0.5463173863216231 0.5789510032310412 0.05407219336130424 0.013736498100139017
