2 0.4723541140880657 0.23428980265293173 0.0106851944820761 0.025272784639736125
1 0.17965203697341564 0.3374819649645525 0.008051517412854547 0.03455685642649069
0 0.7546077713695833 0.3348364057807172 0.009695904567984215 0.03616482053311341
1 0.4418753980092635 0.2797757988920081 0.009614017412854637 0.034602320533113406
2 0.14850485130930854 0.9823374753893936 0.015536468792335523 0.028534176959604453
1 0.5255886567156909 0.29455370124100594 0.011176517412854636 0.034647784639736126
1 0.5256793464480685 0.6247413064138555 0.018982373360319826 0.06451714106622682
1 0.6112229415413999 0.36091683564331517 0.014547178878243727 0.03942621285298138
1 0.5330348230423201 0.6456531999873647 0.020381099050060313 0.06143760517284953
1 0.6554952419709412 0.41439953681781416 0.014629066033373661 0.04098871285298138
2 0.6147274790806425 0.502436745909872 0.013721663274411534 0.05344324874635866
1 0.6239044052453528 0.4685247471635131 0.016846663274411533 0.05353417695960409
1 0.21849536747896767 0.7651295918450144 0.016103034825709094 0.06911371285298137
1 0.5771788121881863 0.35330056393570286 0.00837906603337366 0.04080685642649069
1 0.4213725474888653 0.39617368870459363 0.011667840343633173 0.04402278463973612
1 0.7986055913596859 0.6966089800747544 0.017337986205189893 0.0629091769596041
1 0.4435374745580868 0.3861394591585648 0.016191566033373662 0.041034176959604096
1 0.20754242084918503 0.4665556995251463 0.016682888964152043 0.0504091769596041
1 0.7139561951594445 0.4549503289793976 0.016437227498762752 0.04572167695960409
1 0.35912925429541315 0.537259341449303 0.021288501809022264 0.04898306927947225
1 0.7060861414505429 0.5287288097790677 0.021534163274411534 0.053670569279472245
1 0.7813494923096255 0.6360806570343585 0.018982373360319826 0.06451714106622682
1 0.6561923620519007 0.6068598214575502 0.02046298620519025 0.06300010517284953
1 0.6169107767966503 0.48437706769662653 0.01528416327441171 0.05348871285298138
