1 0.5398066689361797 0.35850362717386763 0.011157675893442942 0.04418664764263518
1 0.502538773688815 0.25886965426217295 0.007396005931499161 0.028416098428423454
1 0.7041357657801498 0.28690895533841143 0.009149506920082118 0.03317637303552932
1 0.4468962687458992 0.2848542655108779 0.012274506920082117 0.033321922249741044
1 0.3970925869209573 0.3589125037240536 0.009595175893442942 0.044113873035529313
0 0.20997458889812362 0.35827045657675655 0.011157675893442942 0.04418664764263518
1 0.37939575095140216 0.3722130244022181 0.011030341901054185 0.04106164764263518
1 0.8085274940313198 0.3849761201445544 0.012529174904859986 0.03957192224974104
1 0.3679197400769872 0.4242121720448532 0.014473676882026077 0.04901969685684691
1 0.324395233156905 0.45898958643671134 0.0146646778706093 0.053707196856846905
1 0.3387415760465423 0.4130948895798645 0.008032675893442942 0.04404109842842345
1 0.5319477479856526 0.37914361290584403 0.011157675893442942 0.04418664764263518
1 0.4170602356283629 0.44297713461746574 0.011157675893442942 0.04418664764263518
1 0.15856600882288646 0.7396317725401913 0.01817167984777566 0.06322774607105863
1 0.672832733156905 0.44276084905210517 0.012720175893442941 0.04425942224974104
1 0.29393180034337985 0.5368256420610639 0.01641817885919252 0.05846747146395259
1 0.5661185236516341 0.6504706492997742 0.018553681824942103 0.07260274607105863
2 0.3726762242596564 0.49884829900932387 0.014792011862998144 0.05683219685684691
1 0.3677101985564939 0.6207232990093239 0.016609179847775657 0.06315497146395259
1 0.4949332262368228 0.48379687965506707 0.013293178859192522 0.058321922249741046
1 0.7093538704956042 0.579858434660247 0.0180443458553869 0.06010274607105863
1 0.850928627872797 0.9327372239496613 0.02391234387822081 0.05101884449948209
1 0.2855980355146322 0.6073928531859344 0.019861513840164415 0.0664255206781645
2 0.4975939471108002 0.2271295026905963 0.010839340912471051 0.03637414764263518
