2 0.45793417808588066 0.21821816240309957 0.009520445745273776 0.02560077729789594
1 0.15972796136156373 0.3318240916112953 0.0064499878997516195 0.034775518198597234
0 0.7338648981298471 0.3090889821151698 0.008021578258831142 0.03643814774824659
1 0.4248626028521115 0.26485213294573534 0.008012487899751619 0.034875647748246585
2 0.09114352860030102 0.9789482179217421 0.01422612646343313 0.029026165946843818
1 0.5075751089022357 0.2767327668143213 0.009574987899751619 0.03497577729789594
1 0.48846954313643637 0.6075216918604639 0.015997704722264316 0.06506379549649317
1 0.5892063831027325 0.3402259654577319 0.01272725897699054 0.03986353639719464
1 0.49459682328886145 0.6282149236618666 0.017542024004105095 0.06203892504614252
1 0.6302944705349459 0.39226003239202495 0.012736349336070063 0.041426036397194554
2 0.584477455606027 0.4818825393318552 0.01124657220870695 0.05382590684754529
1 0.595610398326239 0.44758788248431003 0.01437157220870695 0.05402616594684382
1 0.17364345297374845 0.7588977313399774 0.012899975799503194 0.06955103639719447
1 0.5556626300776705 0.33378500077519235 0.006486349336070063 0.04102551819859732
1 0.39762741628021975 0.3821793352897738 0.009629530054229285 0.04435077729789594
1 0.7567559348233759 0.6699869093207805 0.014426114363184795 0.06340116594684382
1 0.4203382084346975 0.3713524568198586 0.014298849336070063 0.041526165946843906
1 0.18006721155795544 0.4601598426910295 0.014353391490547773 0.05090116594684382
1 0.6862990308397963 0.4308428686046494 0.014326120413308985 0.04621366594684382
1 0.32728712432213375 0.5256976002491686 0.019031801131468205 0.049639054595791876
1 0.6741530339630541 0.5050313402270193 0.01905907220870695 0.05432655459579187
1 0.743047958827481 0.6099505752676245 0.015997704722264316 0.06506379549649317
1 0.6198013563681529 0.5850483096899209 0.017551114363184794 0.06360142504614252
1 0.5877069947354426 0.4637135302325566 0.01280907220870695 0.05392603639719464
