1 0.6382586171471061 0.5124200563972764 0.04413200197716627 0.012434298022528623
1 0.7381339417479549 0.4639118645592636 0.028379667984777514 0.008216691585911207
1 0.7089106512532257 0.6696591200071452 0.033130834980972065 0.010106973516896467
1 0.7124680968811511 0.41086327421418967 0.03325816897336083 0.013231973516896468
1 0.6386830869953194 0.3690142638226295 0.04406833498097207 0.010871798022528623
0 0.6404180474519924 0.18085869996065904 0.04413200197716627 0.012434298022528623
1 0.625482750037181 0.35270084897192333 0.041007001977166266 0.012215776735205176
1 0.6102105074887358 0.7854640724888198 0.039508168973360826 0.01366901609154354
1 0.5735382480600147 0.3469314502127606 0.04894683596955503 0.015887079953513794
1 0.5390067391627662 0.30703842372965706 0.053634335969555025 0.016214861884498964
1 0.5848285751323212 0.3163698650634667 0.044004667984777514 0.009309298022528622
1 0.6176596156642313 0.506809194764879 0.04413200197716627 0.012434298022528623
1 0.5544818419382352 0.398406468902194 0.04413200197716627 0.012434298022528623
1 0.25926620653952137 0.17147153637046067 0.06313666996194396 0.019995425746469397
1 0.5532044793141153 0.655475923729657 0.04419566897336082 0.013996798022528623
1 0.46133006672936433 0.2850484452690821 0.05838550296574958 0.018105143815484226
1 0.34606845855386875 0.5712423074056826 0.07251166996194396 0.020650989608439828
2 0.4988565830409867 0.3599884611085239 0.0567593359695552 0.016433383171822413
1 0.37698158304098667 0.3685107913141392 0.06307300296574958 0.018432925746469396
1 0.5131976087441492 0.48120789724655355 0.05825816897336082 0.014980143815484227
1 0.415860988211364 0.7073876210155514 0.06001166996194396 0.01977690445914604
1 0.062071437830803156 0.8888221993795813 0.050891337946721474 0.025371340597175517
1 0.3907947322426839 0.2844964242338601 0.06632533695813833 0.021776447033792844
2 0.7699105237631773 0.45542202136419807 0.03631950197716627 0.011887994804219915
