2 0.6526512617678275 0.2263136996600689 0.0066863766232053475 0.02514547036472221
0 0.020389961036478877 0.362172691679375 0.0131818384737585 0.039353440729444425
1 0.35299218100470675 0.25282752716673584 0.006659103084255058 0.023582970364722212
1 0.6722603782447633 0.2750960385659022 0.009920470779006863 0.031468205547083364
2 0.5980706761334428 0.4128155505337495 0.014798885551659069 0.04251480832062508
1 0.712392274753471 0.42500446637756883 0.016306838473758488 0.03942617591180557
1 0.5971900146072013 0.45191441812493005 0.016497753246410875 0.05036367591180557
1 0.5495047167185219 0.3170315782691662 0.01312729139585791 0.03622844072944442
1 0.4796479586008469 0.4343294874634719 0.010138659090609537 0.04396820554708327
1 0.5337160754848197 0.3080202541809718 0.010002291395857909 0.03615570554708336
1 0.7282570081143795 0.3488231728745827 0.013209112012708779 0.04091594072944442
0 0.9760320348997407 0.3946395934680547 0.019513659090609536 0.044186411094166725
1 0.7031479139585782 0.34315505433347165 0.010002291395857909 0.03615570554708336
1 0.4677967950460105 0.3822403106017357 0.011592064934808199 0.037754573138263935
1 0.7701093173671449 0.4181901155038883 0.016388659090609537 0.044113675911805574
1 0.27187064041962783 0.35163000949930534 0.0084670649348082 0.03768183795590278
1 0.7933576769442217 0.5411366530229508 0.022720479707460585 0.04894664627652787
1 0.7931025324641088 0.48174346922736044 0.021185253246410872 0.050472778685347205
1 0.48887868262626455 0.5153976495075691 0.013427300324311631 0.0534159407294446
1 0.7250885125753112 0.838939679808437 0.023075035713814883 0.06925914627652788
2 0.04690501135749515 0.8961476481763888 0.02485572402541768 0.08179551386770853
1 0.722733305596022 0.6592339960128466 0.021403441558013547 0.0629727786853472
1 0.437471915580136 0.6150716476077079 0.027653441558013546 0.0631182490500695
1 0.8085287094116257 0.5595411609067356 0.025845479707460584 0.049019381458888844
1 0.5919455868489054 0.24101328571611064 0.009975017856907442 0.03459320554708327
