2 0.7586344914067238 0.545002007896836 0.02510908800127254 0.009520445745273953
1 0.6675667854471311 0.842108291172519 0.03444772533418181 0.0064499878997516195
0 0.6468226453691802 0.2678077279408025 0.03602840666772735 0.008021578258831142
1 0.7144850494111783 0.5775554326630669 0.03444772533418181 0.0064499878997516195
2 0.025352560789267085 0.9032113584112563 0.02828863200190901 0.014226126463433176
1 0.6963339387332697 0.4946429387131911 0.03448408800127254 0.009574987899751619
1 0.3668464334022695 0.5099123729473917 0.06424431333545444 0.015997704722264316
1 0.6266294187221338 0.41221171291368786 0.03920795066836362 0.01272725897699054
1 0.34567995806808777 0.5035396530998169 0.06113749466899989 0.017542024004105095
1 0.5714601133831796 0.3704873003459012 0.04077045066836362 0.012736349336070063
2 0.4852686220559974 0.41529528541698246 0.05325226933481808 0.01124657220870695
1 0.5187351027211793 0.40455322813719424 0.05328863200190899 0.01437157220870695
1 0.23925088144490397 0.8232112827847038 0.06889545066836353 0.012899975799503239
1 0.6356140673933609 0.44585545988862574 0.04069772533418181 0.006486349336070063
1 0.5991691320814508 0.6034452460911751 0.04385908800127254 0.009629530054229285
1 0.284031744032453 0.24069876463433118 0.06266363200190898 0.014426114363184705
1 0.6082805027450419 0.5808435382456528 0.040788632001908985 0.014298849336070063
1 0.5376338374442676 0.8202600413689108 0.050163632001908987 0.01435339149054755
1 0.5286180853755436 0.3139918606507516 0.04547613200190899 0.014326120413308895
1 0.460915701424223 0.6721674541330891 0.04865567600254543 0.019031801131468205
1 0.4553169453771343 0.3252833637740095 0.053343176002545435 0.01905907220870695
1 0.34513287603436205 0.25511578863843626 0.06424431333545444 0.015997704722264316
1 0.37938170138445215 0.3787441861791082 0.06269999466899989 0.017551114363184794
1 0.5032010093889066 0.41227482454639813 0.053270450668363625 0.01280907220870695
