1 0.3265625 0.2875 0.0078125 0.03203125
1 0.63828125 0.36328125 0.009375 0.0453125
1 0.421875 0.278125 0.0109375 0.03046875
1 0.384375 0.28984375 0.00703125 0.03203125
2 0.1078125 0.3171875 0.009375 0.03359375
1 0.546875 0.2765625 0.009375 0.02890625
1 0.5078125 0.275 0.009375 0.03125
1 0.55625 0.321875 0.01015625 0.03515625
1 0.6390625 0.3890625 0.009375 0.0484375
1 0.5921875 0.3203125 0.00859375 0.03984375
0 0.8265625 0.3515625 0.009375 0.04453125
1 0.0875 0.459375 0.0078125 0.053125
1 0.128125 0.378125 0.0109375 0.03984375
1 0.303125 0.3625 0.0125 0.04296875
1 0.54609375 0.371875 0.01015625 0.0453125
2 0.48671875 0.31953125 0.009375 0.0375
1 0.68203125 0.425 0.0109375 0.05078125
1 0.0875 0.53125 0.0171875 0.05390625
1 0.4625 0.4078125 0.0109375 0.0484375
1 0.6171875 0.4578125 0.0109375 0.05
1 0.7 0.4203125 0.0125 0.04921875
1 0.2234375 0.4359375 0.01171875 0.04921875
1 0.628125 0.621875 0.0140625 0.06484375
