2 0.540625 0.24765625 0.009375 0.025
1 0.83828125 0.3421875 0.00703125 0.03359375
0 0.2640625 0.35625 0.0078125 0.0359375
1 0.5734375 0.2921875 0.0078125 0.03515625
2 0.903125 0.98515625 0.0140625 0.028125
1 0.490625 0.309375 0.01015625 0.03359375
1 0.5078125 0.6390625 0.01640625 0.0640625
1 0.40859375 0.378125 0.0125 0.0390625
1 0.5015625 0.66015625 0.0171875 0.0609375
1 0.3671875 0.4328125 0.0125 0.040625
2 0.4125 0.51953125 0.0109375 0.05234375
1 0.4015625 0.4859375 0.0140625 0.053125
1 0.821875 0.7703125 0.0125 0.06953125
1 0.4421875 0.36953125 0.00703125 0.040625
1 0.6 0.4078125 0.009375 0.04453125
1 0.2390625 0.71875 0.0140625 0.06328125
1 0.57734375 0.3984375 0.0140625 0.040625
1 0.8171875 0.471875 0.0140625 0.05
1 0.3109375 0.475 0.0140625 0.0453125
1 0.66953125 0.546875 0.01953125 0.0484375
1 0.32265625 0.5484375 0.01875 0.053125
1 0.253125 0.6578125 0.01640625 0.0640625
1 0.3765625 0.625 0.0171875 0.06171875
1 0.409375 0.5015625 0.0125 0.05234375
