2 0.7319539367133195 0.39131871381549455 0.025473596680652123 0.00756019448207601
1 0.689690046042019 0.6902951243763726 0.02391109668065212 0.007478307326946343
1 0.684155976755276 0.36998926842890734 0.03196039502097818 0.011012743102595035
2 0.5424169174172878 0.43942758593261894 0.04325309253146727 0.01627345318850324
1 0.5362163068391885 0.32458715795888626 0.040246491701630305 0.017672178878243815
1 0.5032360182471247 0.4389429070543752 0.05118399170163031 0.018245388964152197
1 0.635739942312397 0.49137958955066363 0.03688469336130425 0.014383404567984214
1 0.5146685804848979 0.5571949400710619 0.044460395020978184 0.011667840343633173
1 0.6439309506107668 0.507495912481442 0.036647895020978184 0.011258404567984215
1 0.6132999477109817 0.31137118498267924 0.041572193361304244 0.014629066033373484
0 0.5804445165967396 0.06179390886339744 0.045170790041956364 0.02104284034363304
1 0.6176555609883734 0.33669873360319824 0.036647895020978184 0.011258404567984303
1 0.5661835362937568 0.5708756597679085 0.03832879419114121 0.012902791723114149
1 0.5460658261352204 0.2670612630018404 0.0449339917016303 0.017917840343633085
1 0.5865398900233787 0.7680306207583281 0.038210395020978186 0.01134029172311397
1 0.42422671493242115 0.23949842774659 0.050095088382282424 0.024413501809022263
1 0.4836609145175027 0.24182888964152055 0.0515391892121194 0.02293288896415202
1 0.434010576335713 0.5451243080043148 0.05395379419114121 0.013721663274411534
1 0.12256820393475905 0.29741831184950207 0.07040758838228234 0.025478034825709095
2 0.03561525413757391 0.9741545522385635 0.07123050827514782 0.02769563206674732
1 0.3023149035198406 0.3060540846894235 0.0640391892121193 0.02358798620519007
1 0.33154750455017024 0.5930904172311404 0.0643943867226084 0.02827548620519007
1 0.40660150704896997 0.223672031885033 0.050331886722608445 0.027538501809022266
1 0.7140551190769617 0.45156017299689155 0.03508539502097818 0.011176517412854636
