1 0.7145661039147312 0.5818651480620136 0.02819772533418181 0.008052331893687814
1 0.5261917578771875 0.8702929996954583 0.04700226933481808 0.013941386489479513
1 0.6916200472629124 0.47404215608157807 0.03292158800127272 0.011477720542635694
1 0.4953455786123662 0.36795854411221723 0.05014545066836362 0.015704145588778307
0 0.6299216679662744 0.20788503239202494 0.04387726933481808 0.013741127390180985
1 0.6316081532463677 0.5996720141934276 0.039226132001908984 0.016565738741233106
1 0.6726309532145509 0.8312433868032467 0.02821590666772735 0.009614831893687637
1 0.49796259595800196 0.27723341456256795 0.050236357336090796 0.023516645588778216
1 0.639876281269912 0.42583399599483035 0.03762726933481808 0.013340609191583752
1 0.45461258529600174 0.24566204195274893 0.053343176002545435 0.022154404688076924
1 0.3397677406110935 0.3872964343023247 0.06277272000318171 0.027442681985972862
1 0.6208722899427299 0.3817731153654469 0.040788632001908985 0.016665868290882367
1 0.4590080892743664 0.4046365237541516 0.05646817600254543 0.022354663787375627
1 0.6335888239179128 0.5636343846437784 0.04077045066836362 0.015103368290882458
1 0.3461824672979107 0.2385585456533767 0.06580681333545443 0.019830441085271565
1 0.2714460966343196 0.22070851403654412 0.06275453866963616 0.02588018198597286
1 0.37830933589277765 0.7650116216869683 0.05639545066836362 0.016104663787375628
1 0.5130421559516385 0.3231071190660747 0.053343176002545435 0.022154404688076924
1 0.4727774985678227 0.697285098708009 0.05325226933481808 0.014341904688076923
2 0.5148035559357302 0.44009435996677604 0.05018181333545435 0.01882914558877822
1 0.36529445194145727 0.4075192967331109 0.05654090133672707 0.02860466378737563
1 0.513587595958002 0.2762321190660747 0.04698408800127272 0.01237888648947969
2 0.752920626591367 0.5060245388704299 0.02819772533418181 0.008052331893687637
