1 0.4516946954169052 0.5871381431247682 0.009884077339272324 0.04435077729789594
1 0.4942827320973592 0.6860472100590611 0.006577264003817973 0.02852551819859741
1 0.29072138009226844 0.6615640515134729 0.008194308004454332 0.033313147748246584
1 0.5486975120941775 0.6591051758213349 0.011319308004454243 0.03351340684754511
1 0.594736170751087 0.5842262893318553 0.0083215773392725 0.04425064774824659
0 0.7823452587523597 0.5815857433739368 0.009884077339272324 0.04435077729789594
1 0.6117782200827235 0.5706248642857127 0.009847714672181596 0.041225777297895935
1 0.1809276620782691 0.5653980552141007 0.011392033338636143 0.03976340684754511
1 0.6205532360757238 0.5184615869878169 0.01306362133990877 0.049238536397194464
1 0.6623589280712695 0.48294558914728514 0.013118165340545218 0.05392603639719464
1 0.6503861867440873 0.5290591255444796 0.006759077339272501 0.044150518198597236
1 0.4584895880808144 0.5663750601513462 0.009884077339272324 0.04435077729789576
1 0.5703077880728603 0.5005719825765951 0.009884077339272324 0.04435077729789594
1 0.8138646947008166 0.19959526373200234 0.01635225334181776 0.06350129549649317
1 0.3139214280712695 0.5052744787190837 0.011446577339272502 0.04445090684754529
1 0.6888117927275427 0.404630822028422 0.014735209341181488 0.058713665946844
1 0.4099953547103616 0.2958413170911765 0.016461341343090474 0.07287629549649317
2 0.6118680320655424 0.44396223473606344 0.013154528007635946 0.057051036397194464
1 0.6104498880489977 0.3220872347360634 0.014789753341817757 0.0634011659468439
1 0.4901021200668151 0.46114733960871046 0.011610209341181487 0.05851340684754529
1 0.2701157893857249 0.3689154765596154 0.01631589067472685 0.06037629549649317
1 0.10967499200349984 0.022236544186046384 0.022456802673454224 0.04447308837209277
1 0.6934623827179976 0.33396786860464933 0.01795111600890866 0.06672642504614253
2 0.5009054494350409 0.7176779418604639 0.009793170671545327 0.03653827729789594
