1 0.6734375 0.2875 0.0078125 0.03203125
1 0.36171875 0.36328125 0.009375 0.0453125
1 0.578125 0.278125 0.0109375 0.03046875
1 0.615625 0.28984375 0.00703125 0.03203125
2 0.8921875 0.3171875 0.009375 0.03359375
1 0.453125 0.2765625 0.009375 0.02890625
1 0.4921875 0.275 0.009375 0.03125
1 0.44375 0.321875 0.01015625 0.03515625
1 0.3609375 0.3890625 0.009375 0.0484375
1 0.4078125 0.3203125 0.00859375 0.03984375
0 0.1734375 0.3515625 0.009375 0.04453125
1 0.9125 0.459375 0.0078125 0.053125
1 0.871875 0.378125 0.0109375 0.03984375
1 0.696875 0.3625 0.0125 0.04296875
1 0.45390625 0.371875 0.01015625 0.0453125
2 0.51328125 0.31953125 0.009375 0.0375
1 0.31796875 0.425 0.0109375 0.05078125
1 0.9125 0.53125 0.0171875 0.05390625
1 0.5375 0.4078125 0.0109375 0.0484375
1 0.3828125 0.4578125 0.0109375 0.05
1 0.3 0.4203125 0.0125 0.04921875
1 0.7765625 0.4359375 0.01171875 0.04921875
1 0.371875 0.621875 0.0140625 0.06484375
