1 0.5 0.27265625 0.00625 0.02890625
1 0.5828125 0.36484375 0.0078125 0.0375
1 0.29921875 0.3125 0.00703125 0.02734375
1 0.4484375 0.371875 0.009375 0.0390625
1 0.534375 0.296875 0.0078125 0.03125
1 0.4265625 0.3625 0.009375 0.034375
1 0.59375 0.3921875 0.00859375 0.0453125
0 0.7609375 0.37265625 0.0125 0.04140625
1 0.290625 0.415625 0.0078125 0.03984375
1 0.603125 0.4015625 0.00859375 0.04375
1 0.62734375 0.42265625 0.009375 0.04375
1 0.53046875 0.41015625 0.0078125 0.0390625
1 0.4625 0.428125 0.0125 0.03984375
1 0.64140625 0.434375 0.01015625 0.04453125
2 0.6015625 0.4796875 0.01015625 0.04765625
1 0.27109375 0.5125 0.01484375 0.0390625
1 0.621875 0.53671875 0.009375 0.053125
1 0.79140625 0.75234375 0.015625 0.06171875
1 0.2078125 0.428125 0.01484375 0.0453125
1 0.6921875 0.534375 0.01328125 0.05
2 0.1203125 0.9734375 0.01875 0.05234375
1 0.5109375 0.5984375 0.015625 0.0578125
1 0.30625 0.6578125 0.0140625 0.06796875
2 0.50234375 0.253125 0.00703125 0.02734375
