1 0.6801291367772224 0.23252777845951528 0.008539851823611144 0.0318877287881727
1 0.37017421494947944 0.33375440710760507 0.01042966014423614 0.046077774545807235
1 0.5845984312301391 0.23093306967522195 0.011664851823611145 0.03214282030344169
1 0.6223711881639933 0.2395907214919931 0.006977351823611144 0.03176018303053816
2 0.8995701210096531 0.2443588723906803 0.010175087005972472 0.03514027454580724
1 0.4595620636389586 0.23957423028598476 0.010029616641249994 0.028890274545807237
1 0.498588196047778 0.23482308634512136 0.010102351823611144 0.032015274545807236
1 0.4512417237831947 0.285652004831792 0.010175087005972295 0.03514027454580724
1 0.36999303020395863 0.35959942998642236 0.010502395326597202 0.04920277454580724
1 0.41526785619201423 0.2870230572573863 0.010320557370694417 0.04139027454580724
0 0.18162020801562528 0.3374049209025666 0.010393292553055567 0.04451527454580724
1 0.9231920718070837 0.3848882775414314 0.009048998100139016 0.053762728788172606
1 0.8806759570656947 0.30695446723992925 0.011883057370694417 0.041517820303441776
1 0.7053122811538892 0.3056145920949972 0.013518292553055566 0.04477036606107632
1 0.46256173670097256 0.33482295740716744 0.010429660144236052 0.046077774545807235
2 0.5207184223964239 0.27763246861705515 0.010247822188333445 0.038265274545807235
1 0.3278607348011115 0.3990444383213721 0.012101262917777866 0.05089282030344178
1 0.9248649810013895 0.45676327754143137 0.018423998100139016 0.05452800333397985
1 0.5469919412981253 0.36393675937371983 0.01206489532659738 0.049330320303441685
1 0.3934682042159031 0.42656378937953876 0.012101262917777866 0.05089282030344187
1 0.30978288202756976 0.3958237145341692 0.013663762917777867 0.051020366061076315
1 0.7867090579393754 0.37254725845563597 0.012101262917777866 0.05089282030344169
1 0.38634930128986167 0.5915191096829806 0.015589938829583438 0.06677291181871077
