1 0.5174726064138065 0.2435345662650083 0.008052331893687814 0.0284890210466874
1 0.4405677498431165 0.3405453451336163 0.010215609191583753 0.03795502630835923
1 0.7208071599298642 0.27168414014017567 0.008052331893687814 0.0284890210466874
1 0.5753933328165385 0.33975014262983727 0.011878238741233105 0.03960853157003115
1 0.48464961443337096 0.269755432021789 0.009815090992986341 0.03170502630835923
1 0.5966675555186425 0.32910106896643143 0.011577850092285047 0.034921031570031145
1 0.4313825169619796 0.36852613196531925 0.012278756939830337 0.04585853157003115
0 0.2629433975913631 0.3587324449642071 0.01510336829088237 0.0413530420933748
1 0.7360094602067194 0.3743086112009805 0.010415868290882457 0.04108002630835923
1 0.42260829425987556 0.3784471635353503 0.012178627390180986 0.04429603157003115
1 0.39974129318014134 0.40095149509126404 0.012178627390180986 0.044296031570031105
1 0.4958152567829468 0.38280916886760935 0.010315738741233104 0.03951752630835923
1 0.564935496603914 0.3968191899848839 0.015103368290882458 0.0413530420933748
1 0.3864297648025113 0.4134892924463106 0.012178627390180986 0.044296031570031105
2 0.42917727174234155 0.45648115827367847 0.01237888648947969 0.04742103157003115
1 0.7617487422849774 0.47004604543008244 0.018128238741233104 0.03997255261671846
1 0.41251950030454176 0.5146954766754125 0.012779404688076923 0.05367103157003115
1 0.2568061281561481 0.7401945475668081 0.019630181985972862 0.06341005261671846
1 0.8196229966039141 0.38198533233237253 0.018528756939830516 0.04622255261671846
1 0.3420568059800678 0.5164469634506458 0.015704145588778216 0.0507280420933748
2 0.9420682094315271 0.9222015376787489 0.022154404688076924 0.05421706314006229
1 0.52741211751569 0.5699528530967113 0.019329793337024982 0.05872255261671846
1 0.7359045404023642 0.6174061638176991 0.018468200184570092 0.06956904735504672
2 0.51387723704319 0.22413982415751604 0.008052331893687637 0.0284890210466874
