1 0.706799830359379 0.2850641006776368 0.03138636769475163 0.00963260523343692
1 0.6255775093387861 0.6011966058687215 0.0454761412337021 0.01201415258848364
1 0.7145111444834082 0.3798305691076057 0.03144091477265239 0.012757605233437008
1 0.7034469594182163 0.3430131085701446 0.031359094155801334 0.00807010523343692
2 0.6809306258124266 0.06804320064940196 0.034538641233702094 0.011377115756780687
1 0.713891761367381 0.5047395638459339 0.028288641233702096 0.011013094710093263
1 0.7161360998411395 0.46558605858426205 0.03141364123370209 0.01119510523343692
1 0.668415620133679 0.5167537164344175 0.034538641233702094 0.011377115756780753
1 0.5997826225693109 0.603479442686307 0.04860114123370209 0.012196163111827297
1 0.6693508287378211 0.5526002111727457 0.04078864123370209 0.011741136803468066
0 0.6340097978952702 0.7887953164061827 0.043913641233702096 0.0119231473268119
1 0.5390976818187809 0.056012179461540225 0.05326136769475163 0.01090667889684287
1 0.6196385698060721 0.09190490585460406 0.04081591477265238 0.013303636803468067
1 0.632208933443634 0.2659948532378856 0.04396818831160267 0.015048147326811723
1 0.6185928981368563 0.5095096348079167 0.0454761412337021 0.01201415258848364
2 0.6719730426169691 0.4470859585419097 0.0376636412337021 0.01155912628012441
1 0.5630951002481767 0.6485413137047595 0.05019091477265238 0.013849668373499213
1 0.4672226818187809 0.06019842149844527 0.05342500892845372 0.020281678896842868
1 0.5841145324706993 0.4280090058263692 0.04862841477265238 0.013758663111827297
1 0.5314144521146157 0.5856086741998684 0.05019091477265238 0.013849668373499213
1 0.5674689545502477 0.666237047919744 0.05021818831160267 0.015412168373499213
1 0.5601623839301014 0.19058460053646248 0.05021818831160267 0.01541216837349917
1 0.3671610373419633 0.6061017266754125 0.06587046185055315 0.01788472099021767
