1 0.4875799436027236 0.5897340030543589 0.012434298022528623 0.04429603157003115
1 0.5360881354407364 0.688884863620055 0.008216691585911207 0.028489021046687314
1 0.3303408799928548 0.6632155476373953 0.010106973516896467 0.033267526308359406
1 0.5891367257858103 0.6622621794615402 0.013231973516896468 0.03344953683170289
1 0.6309857361773705 0.5876570216113848 0.010871798022528623 0.04420502630835923
0 0.819141300039341 0.5861113902107629 0.012434298022528623 0.04429603157003115
1 0.6472991510280767 0.5741559637329944 0.012215776735205176 0.041171031570031144
1 0.21453592751118022 0.5664154133235888 0.013669016091543362 0.03969953683170289
1 0.6530685497872394 0.5220474321629633 0.015887079953513704 0.0491655420933748
1 0.6929615762703429 0.48677779009782335 0.016214861884498964 0.053853042093374805
1 0.6836301349365332 0.5328183321911982 0.009309298022528622 0.04411402104668731
1 0.49319080523512104 0.5690119793768356 0.012434298022528623 0.04429603157003115
1 0.601593531097806 0.5038658505364625 0.012434298022528623 0.04429603157003115
1 0.8285284636295394 0.20433076919231033 0.019995425746469665 0.06341005261671846
1 0.3445240762703429 0.5070719634506456 0.013996798022528623 0.044387036831702885
1 0.714951554730918 0.40862269801856604 0.018105143815484226 0.05863154735504668
1 0.4287576925943174 0.29821363196531925 0.020650989608439828 0.07278505261671846
2 0.6400115388914761 0.4475024584713226 0.016433383171822413 0.0569780420933748
1 0.6314892086858608 0.3256274584713226 0.01843292574646931 0.06331904735504663
1 0.5187921027534466 0.46397586888172687 0.014980143815484227 0.058449536831702883
1 0.29261237898444853 0.37046660551578564 0.01977690445914595 0.06028505261671846
1 0.11117780062041863 0.022523959257336752 0.025371340597175517 0.045047918514673504
1 0.7155035757661399 0.33799167960271453 0.021776447033792935 0.06662605787839038
2 0.5445779786358019 0.7205520925733675 0.011887994804219915 0.03648353157003115
