1 0.6654086625817922 0.685874233761355 0.03179630321830871 0.008357970779006862
1 0.6114249109923083 0.3728327171222635 0.04596806386197052 0.010165932629559827
1 0.681448561845158 0.590725374995057 0.03201482450563216 0.011482970779006863
1 0.6671075563972764 0.6280208234529295 0.0316870425746469 0.006795470779006862
2 0.6204246724691493 0.9041060365212985 0.03503056386197034 0.009975017856907442
1 0.6917519133380969 0.4657526485340074 0.02878056386197052 0.009865923701106106
1 0.6905828972465535 0.5048424220729577 0.03190556386197052 0.009920470779006863
1 0.6470949772000673 0.45558671590444755 0.03503056386197052 0.009975017856907442
1 0.5856982913141392 0.371601453729583 0.04909306386197034 0.010220479707460584
1 0.6511704720042871 0.4196764894433979 0.04128056386197034 0.010084112012708956
0 0.6363095685535474 0.18475601866439112 0.044405563861970344 0.010138659090609537
1 0.4768167841015467 0.9219366444768177 0.05367130321830871 0.00873980032431163
1 0.5609075608367519 0.8827298685022352 0.04138982450563215 0.011646612012708602
1 0.5887697529268662 0.7080026038917386 0.04462408514929379 0.013263659090609536
1 0.596384783016266 0.4648702126580367 0.045968063861970346 0.010165932629559827
2 0.6445766285571201 0.525158876212873 0.038155563861970346 0.010029564934808199
1 0.552765459014837 0.32800541233372515 0.050764824505632154 0.011810253246410874
1 0.4049417841015467 0.9206820616851019 0.05432686708027919 0.01811480032431163
1 0.5546018385803632 0.5478366712621788 0.04920232450563215 0.011782979707460584
1 0.5154186423028749 0.39227641801576796 0.050764824505632154 0.011810253246410874
1 0.5587094564169469 0.31011848295057615 0.05087408514929379 0.013372753246410874
1 0.5097599601001177 0.7864082475610727 0.050764824505632154 0.011810253246410874
1 0.3521209668085071 0.3784751964259823 0.0666083457929556 0.015207988635914304
