1 0.20234375 0.6055555555555555 0.011979166666666667 0.046296296296296294
1 0.3151041666666667 0.4638888888888889 0.014583333333333334 0.04259259259259259
1 0.3369947916666666 0.41255555555555556 0.008369791666666666 0.039703703703703706
1 0.290625 0.4740740740740741 0.009375 0.044444444444444446
1 0.44479166666666664 0.44537037037037036 0.008333333333333333 0.04259259259259259
1 0.7755208333333333 0.45555555555555555 0.0125 0.05740740740740741
1 0.48854166666666665 0.4166666666666667 0.011458333333333333 0.044444444444444446
1 0.19791666666666666 0.6439814814814815 0.017708333333333333 0.058333333333333334
1 0.21197916666666666 0.5055555555555555 0.013541666666666667 0.046296296296296294
1 0.68984375 0.587037037037037 0.009895833333333333 0.05740740740740741
1 0.57109375 0.49722222222222223 0.0140625 0.053703703703703705
2 0.797203125 0.9224444444444444 0.028177083333333335 0.07637037037037038
2 0.4161458333333333 0.4949074074074074 0.010416666666666666 0.049074074074074076
1 0.21979166666666666 0.6523148148148148 0.016666666666666666 0.06018518518518518
1 0.7791666666666667 0.7180555555555556 0.01875 0.06574074074074074
1 0.3731770833333333 0.6226851851851852 0.0171875 0.05277777777777778
1 0.6044270833333333 0.3402777777777778 0.009895833333333333 0.03796296296296296
1 0.3924479166666667 0.6472222222222223 0.024479166666666666 0.06111111111111111
1 0.18988541666666667 0.5969351851851853 0.014109375 0.04678703703703704
0 0.2511145833333333 0.3486574074074074 0.012723958333333334 0.03659259259259259
1 0.447265625 0.34532407407407406 0.0094375 0.035777777777777776
1 0.3395208333333333 0.40114814814814814 0.010947916666666667 0.035638888888888894
2 0.49034375 0.24733333333333335 0.008692708333333334 0.024981481481481483
