2 0.665318269445738 0.29054190561765497 0.00799817029858776 0.025473596680652123
0 0.039410969329522524 0.3635655925314672 0.015231516091543384 0.04000969336130424
1 0.36668402749150975 0.2873405149463544 0.007888909654926035 0.02391109668065212
1 0.6875099797210827 0.3411814456596113 0.011560212873234832 0.03196039502097818
2 0.6204531557196538 0.471317386321623 0.01701253737886681 0.04325309253146727
1 0.7355536318344401 0.4948042757435238 0.018356516091543363 0.040246491701630305
1 0.621622171811197 0.51026148715146 0.019121340597175518 0.05118399170163031
1 0.5668039958126261 0.37089041121673233 0.015012994804219915 0.036884693361304156
1 0.5030142834435944 0.4810690493892332 0.012434298022528623 0.044460395020978184
1 0.5505234319506557 0.36033141951510206 0.011887994804219915 0.036647895020978184
1 0.747441990616846 0.4203254166153171 0.015340776735204998 0.041572193361304244
0 0.9935089714232095 0.49059498550107483 0.01298205715358094 0.045170790041956364
1 0.7220049480421991 0.41218102989270866 0.011887994804219915 0.036647895020978184
1 0.48841655188092636 0.427896505198092 0.013559755447881728 0.03832879419114121
1 0.7929837195816241 0.49371629503955566 0.018684298022528623 0.0449339917016303
1 0.29064568739853736 0.37794035892771405 0.010434755447881638 0.03809199585081515
1 0.8227090604309012 0.6187521838367566 0.025262079953513705 0.050095088382282424
1 0.8193384059717552 0.5594363834218381 0.02380884059717552 0.0515391892121194
1 0.5165083369140048 0.5629110452400484 0.016214861884499145 0.05407219336130424
1 0.7699764524048 0.9092811728390945 0.026682468321116204 0.07040758838228242
2 0.0939656094618359 0.8992429834032606 0.029119053470410217 0.08302598755244546
1 0.7581927283837004 0.7296528724241759 0.024682925746469485 0.0640391892121194
1 0.470266757464694 0.6573229734545055 0.03093292574646931 0.06451278589277135
1 0.838863938154842 0.6386269759533052 0.028387079953513705 0.050331886722608486
1 0.6053094849168629 0.299205587981297 0.011778734160558102 0.03508539502097818
