1 0.741892264119258 0.5338765796077766 0.02830685642649087 0.007559942927905539
1 0.6472951664682559 0.446770377788531 0.03772732053311341 0.009559090570540541
1 0.7078906518202726 0.7328020771265773 0.02830685642649069 0.007559942927905361
1 0.6441738296378064 0.5808178920565548 0.03933528463973612 0.011194365177646404
1 0.716673303773559 0.4983735731976358 0.031477320533113404 0.009267992142117265
1 0.6541853271305239 0.6031295396991898 0.034647784639735946 0.010976041356328814
1 0.6196331677218971 0.4345593221641785 0.04558528463973595 0.011485463606069857
0 0.6342997583132701 0.2682815047530017 0.04098871285298138 0.014392139784752267
1 0.6050157044066973 0.7365927030575906 0.04085232053311323 0.009704639784752268
1 0.609985383082161 0.4247476745215434 0.04402278463973612 0.011412688998963994
1 0.5881869394295094 0.39954646732561433 0.04402278463973612 0.011412688998963994
1 0.6035057140401157 0.49700366418246117 0.039289820533113404 0.009631865177646404
1 0.5875146526782024 0.5641355062007438 0.04098871285298138 0.014392139784752267
1 0.5760590124699053 0.3849381577723204 0.04402278463973612 0.011412688998963994
2 0.5319058471887838 0.4226714441662505 0.04714778463973594 0.01155823821317572
1 0.5087090057394807 0.7516119274170275 0.039517141066226814 0.017444365177646404
1 0.4742835638026889 0.39970267100688667 0.05339778463973612 0.011849336641599173
1 0.25372570823412793 0.2201285252262784 0.06295464106622681 0.018535984284234263
1 0.5949253020576993 0.8188230062007438 0.04576714106622681 0.017735463606069857
1 0.4745814290046681 0.3294993329175455 0.05036371285298138 0.014828787427387446
2 0.052158792028569476 0.8809246683207995 0.053670569279472155 0.021224336641598996
1 0.41579276537289916 0.5077655740262054 0.05826714106622681 0.018317660462916763
1 0.36237356334047044 0.7096876389561828 0.0691591769596041 0.017264582712657628
2 0.761355317959324 0.5324425121965998 0.02830685642649069 0.007559942927905539
