1 0.4097068656699454 0.7045546435088059 0.0077239687923356115 0.028416098428423454
1 0.12344073778706977 0.5322794989665427 0.013394114653892553 0.04738442224974104
1 0.5178126147654343 0.6752416710113959 0.011094630257724702 0.03324914764263518
1 0.6262038896415205 0.47205455087135084 0.015120388964152198 0.05058219685684691
0 0.7847267978275495 0.5978079139820827 0.013230340343633174 0.044259422249740867
1 0.3928668464480685 0.6223243403656528 0.016109678878243727 0.03971747146395277
1 0.16078468679170158 0.6769905314315314 0.009286468792335523 0.028488873035529317
1 0.7169107767966503 0.46939612365921113 0.022932888964152198 0.050946069892376045
1 0.5666318950685876 0.6204963589769026 0.012902791723114149 0.03800942224974087
1 0.7489929364530173 0.4240450823028821 0.021534163274411534 0.053998295285270316
1 0.6086811177061102 0.3170224485139859 0.02671298620519007 0.06359161910658787
1 0.6109208056294657 0.5988546453708328 0.016191566033373662 0.04127997146395259
1 0.5899454850735364 0.43771809222767966 0.02169793758467122 0.05712329528527036
1 0.4288862336031983 0.622213024402218 0.014629066033373484 0.04120719685684691
1 0.7573642791714995 0.3147963608389294 0.019064260515449582 0.06635274607105864
1 0.7760899457252715 0.2387411290358945 0.02515048620519007 0.063518844499482
1 0.23046426447217847 0.3777118153442622 0.015447937584671046 0.05683219685684691
1 0.6708546483479478 0.4872043618723868 0.021534163274411534 0.05399829528527036
1 0.2970962437799636 0.46858721836358086 0.013721663274411534 0.05363442224974087
2 0.5538309226582074 0.49578745740532604 0.01824538896415202 0.050727746071058635
1 0.5881572557657512 0.34382254301346793 0.027947937584671224 0.05741439371369372
1 0.7177296483479478 0.485021123659211 0.011831614653892509 0.04731164764263518
2 0.4851096573930594 0.7386342369748307 0.0077239687923356115 0.028416098428423454
