2 0.5712806586675996 0.7743725306832594 0.010393671939110404 0.02538200197716627
1 0.8650850553978389 0.691969843458291 0.007650673916276674 0.03462966798477751
0 0.2902933024320893 0.6545097223568522 0.009276840912471052 0.03625583498097207
1 0.6022786492760593 0.7311782876033417 0.009213173916276674 0.03469333498097207
2 0.9037298364638466 0.05164327380035828 0.015208505931499161 0.028698002965749515
1 0.518765812317921 0.7106164368050389 0.010775673916276674 0.03475700197716627
1 0.5225195761209045 0.38162927376317723 0.018235346843970036 0.06469916996194396
1 0.4339332144853678 0.6385239195048333 0.014091674904859807 0.039571835969555026
1 0.5154100716722801 0.36028085577839963 0.01967051285158128 0.061637836958138334
1 0.39029861961856416 0.582149244105682 0.014155341901054186 0.04113433596955503
2 0.43207760132977546 0.4972768369953194 0.013102177870609211 0.053570668973360824
1 0.42250894174795484 0.5304249180219586 0.016227177870609212 0.05369800296574958
1 0.8312340484405756 0.2631763399982499 0.015301347832553347 0.0692593359695552
1 0.467877132964437 0.6484865099230127 0.007905341901054186 0.04087966798477751
1 0.6241297915576743 0.6166356265386463 0.011157675893442942 0.04413200197716627
1 0.25052255931499046 0.29099105041774187 0.016609179847775657 0.06307300296574958
1 0.6018555435348407 0.6250874550938276 0.015717841901054186 0.04119800296574958
1 0.8387069447137044 0.5614228390096667 0.01609984387822081 0.05057300296574958
1 0.33232961072131556 0.5376697322426839 0.01590884288963732 0.04588550296574958
1 0.6879946788963736 0.4804063078692968 0.020723676882026254 0.04920150395433254
1 0.34105601190017915 0.46470973471414184 0.0209146778706093 0.053889003954332715
1 0.26706807216657175 0.3525015533834914 0.019797846843970034 0.06476283695813834
1 0.39184257908665393 0.39034374608284833 0.019734179847775656 0.06320033695813834
1 0.4296847717860109 0.5151182530029306 0.01466467787060921 0.053634335969555025
