1 0.4936538553389928 0.2842938791777782 0.006904616641249995 0.0282704703647223
1 0.40869566745934005 0.3745538968452087 0.008685322188333445 0.03768183795590278
1 0.6935077317638887 0.32881086464447973 0.006904616641249995 0.02827047036472221
1 0.5429070132990275 0.38471275968673657 0.010284189779513753 0.039280705547083274
1 0.4587151576756942 0.30771254217180594 0.008539851823611144 0.031431837955902785
1 0.5650002188461108 0.37584690596326437 0.010175087005972116 0.03459320554708327
1 0.3971217346136802 0.4016430737069448 0.010429660144236231 0.04553070554708327
0 0.23038882950343717 0.3782204914506252 0.013445557370694416 0.04091594072944442
1 0.6997012207459719 0.4321358863959728 0.008758057370694416 0.040806837955902786
1 0.3875285290665969 0.4107998681598614 0.010393292553055567 0.04396820554708332
1 0.3628188165856594 0.4313299204965627 0.010393292553055567 0.04396820554708327
1 0.4599847573151038 0.4210847111497573 0.00872168977951393 0.039244337955902785
1 0.5275352800165274 0.4406354513661116 0.013445557370694416 0.04091594072944442
1 0.3484835596518052 0.4427213621759378 0.010393292553055567 0.04396820554708327
2 0.387272649507569 0.488961235751042 0.010466027735416716 0.047093205547083274
1 0.7169776800927774 0.5294654812857298 0.01653418977951393 0.03942617591180557
1 0.3656327324294787 0.5455197070656947 0.010611498100138927 0.05334320554708327
1 0.19108275484656184 0.7571988234226044 0.017079703647222288 0.06286367591180557
1 0.7822227800165275 0.44656336872854235 0.016679660144236053 0.045676175911805575
1 0.2953747838162496 0.5415394154625697 0.013663762917777867 0.05029094072944442
2 0.8570304906945131 0.983565874143785 0.019986498100139017 0.03286825171242995
1 0.4751337125778467 0.6098205560395142 0.01697060087368065 0.05817617591180557
1 0.6784392441129855 0.6739597104841673 0.01566267401194459 0.0690773083206249
2 0.4917647002287498 0.26470807779100736 0.006904616641249995 0.02827047036472221
