1 0.5042315621515621 0.7448041347458739 0.006413626463433175 0.028343254809323426
1 0.5865077309658646 0.6555085109694092 0.008030668617910842 0.03777281851165419
1 0.30321850799503175 0.6979489489963588 0.007976126463433176 0.028397818511654193
1 0.4520918243500063 0.6437847825689557 0.009602258976990541 0.039389882213985136
1 0.538465661585828 0.7217857861971527 0.007994307181592396 0.03152281851165419
1 0.43027136650448405 0.6523958907363236 0.009574987899751619 0.03470238221398514
1 0.5972861496819712 0.6285467068857252 0.009638620413308985 0.04563988221398514
0 0.7645872791704665 0.6539162730351268 0.012736349336070063 0.04106150961864685
1 0.29402479429577705 0.5945238486335391 0.008048849336070063 0.040897818511654194
1 0.6066066075274936 0.6194990890997103 0.009629530054229285 0.04407738221398514
1 0.6307026376799187 0.5992510764858385 0.009629530054229285 0.04407738221398514
1 0.5339003605525556 0.6083681269413255 0.008039758976990542 0.03933531851165419
1 0.4658270714231401 0.5880258558899334 0.012736349336070063 0.04106150961864685
1 0.6446969599868216 0.5880233998068163 0.009629530054229462 0.04407738221398514
2 0.6045895895735127 0.5413195253973795 0.009647710772388508 0.047202382213985136
1 0.27392994203284077 0.4969668023544035 0.015852258976990365 0.039608137023308565
1 0.6245702914671066 0.4849976035276806 0.009684072208706951 0.05345238221398514
1 0.7928470719141194 0.27529276523057844 0.015988614363184793 0.06304563702330857
1 0.2111395714231401 0.5791319724100038 0.015888620413308983 0.045858137023308564
1 0.6948964270057261 0.48979672013256914 0.012790891490547907 0.05043650961864685
2 0.1204670361043535 0.0307639050794759 0.019059072208706996 0.053779764427970264
1 0.5132737222834617 0.4194048306621899 0.015961343285945874 0.05835813702330857
1 0.3082407886384363 0.35288198565684775 0.014462475799503239 0.0692410733209777
2 0.5066889416400573 0.7644172302993701 0.006413626463433175 0.028343254809323426
