1 0.64375 0.240625 0.0109375 0.0390625
1 0.8015625 0.28671875 0.0109375 0.04296875
1 0.8171875 0.3296875 0.01015625 0.0546875
1 0.7546875 0.36171875 0.01171875 0.053125
1 0.8890625 0.34453125 0.01171875 0.05703125
1 0.76875 0.3703125 0.0125 0.05859375
1 0.3 0.28125 0.0109375 0.05
1 0.9 0.43828125 0.01640625 0.065625
1 0.54765625 0.3171875 0.0125 0.05078125
0 0.14453125 0.346875 0.0140625 0.053125
1 0.5734375 0.403125 0.0171875 0.06328125
1 0.51796875 0.39921875 0.01640625 0.06328125
1 0.7765625 0.46328125 0.01484375 0.06796875
1 0.4359375 0.70234375 0.01875 0.0921875
1 0.1203125 0.446875 0.0140625 0.065625
2 0.6984375 0.41796875 0.01640625 0.06796875
1 0.5953125 0.5046875 0.01640625 0.07265625
1 0.84921875 0.52421875 0.015625 0.078125
1 0.9109375 0.52421875 0.01875 0.0796875
1 0.94375 0.4703125 0.015625 0.075
1 0.7515625 0.478125 0.02109375 0.06875
1 0.7921875 0.66015625 0.0265625 0.09453125
2 0.8796875 0.24453125 0.009375 0.04375
