2 0.21992736975432586 0.20405334269572598 0.010602530878812378 0.04229658800127269
1 0.6192741518867795 0.2399395827498144 0.012301423198680439 0.04700226933481808
1 0.31270590314042074 0.22543854137490715 0.016716138558944316 0.03768181333545453
1 0.3920129699126104 0.2669726080521794 0.010829851411925783 0.050109088001272714
1 0.3710017879384414 0.2964055693825432 0.010829851411925783 0.050109088001272714
1 0.1834563238318187 0.29266130935708984 0.014136707838416519 0.05639545066836362
1 0.500007326339101 0.27447712006681513 0.010829851411925873 0.050109088001272714
1 0.5352006802583095 0.30300210940481487 0.014136707838416385 0.05639545066836353
1 0.1725930316702352 0.3487658586887262 0.014318564264907251 0.06264545066836354
1 0.27719796364440424 0.32030559870304376 0.012574207838416562 0.056377269334818084
1 0.6037006276718847 0.2952083380808145 0.013954851411925873 0.05014545066836353
1 0.1548432420159342 0.38292268268618096 0.01606292069139794 0.06891363200190899
1 0.35273517273646204 0.3664817120464524 0.015790136051661817 0.05953863200190899
2 0.2765363855894435 0.37809082670272565 0.01606292069139794 0.06891363200190899
1 0.8265484089464085 0.4922667934436313 0.014773205331134066 0.07827045066836362
1 0.12640600494805793 0.42554598734881743 0.01780727711788872 0.0751818133354544
1 0.5699681368430847 0.37057141740926924 0.01592652837152997 0.06422613200190899
0 0.9124224098043383 0.3300400607892671 0.015699207838416385 0.056413632001908985
1 0.20882369985435073 0.4397817573599534 0.014500420691397942 0.06889545066836363
1 0.4891560575344826 0.4383578067313607 0.01762542069139812 0.06893181333545435
1 0.41273727619345185 0.7108135147199066 0.021659702823851566 0.10021817600254543
1 0.15015104499807036 0.5437510946849082 0.0227675617576248 0.08461135733609079
1 0.3871830659142599 0.20834249538508853 0.010647994985435094 0.043859088001272625
