1 0.6273392836224312 0.7153514537295829 0.015226262917777867 0.05024546185055314
1 0.6726706206284033 0.7505037495896676 0.011955792553055743 0.043940914772652384
0 0.9792472757386463 0.7363317499934094 0.015189895326597026 0.04868296185055314
1 0.7569540484400701 0.7144901574624611 0.01991376291777769 0.050327282467404186
1 0.7419836650813201 0.7423424220729578 0.012101262917777866 0.05019091477265238
1 0.6646210780753478 0.706631018664391 0.015226262917777688 0.05024546185055314
1 0.15517203647222275 0.6274546185055306 0.017116071238402863 0.06433523538950343
1 0.5252689437666673 0.7588639001588605 0.024455792553055567 0.04415910308425523
1 0.7685273280753477 0.7084447090045887 0.013736498100139017 0.053343188311602674
1 0.6269743012898616 0.6325662272685333 0.015444468464861139 0.05962046185055314
1 0.7395457300514587 0.570494695611908 0.023511541603125075 0.07069432954530477
1 0.28587913544604227 0.7406285486994585 0.016716027735416715 0.04714773538950343
1 0.17094250683694495 0.633977353895034 0.015444468464861139 0.05962046185055314
1 0.43297103457236175 0.6854070348997408 0.018569468464861315 0.05967500892845372
1 0.7012833170574311 0.6041878571381496 0.03255923328249999 0.05679547077900686
1 0.20817105632385474 0.6900733952908918 0.015371733282499989 0.05649546185055314
2 0.46324041603125055 0.7109252321397973 0.016897865691319503 0.05496023538950325
1 0.6819878031897227 0.5804230746707455 0.02667290919430556 0.07231137662320535
1 0.4890904819513199 0.5130195661493289 0.020495644376666712 0.0753272824674042
1 0.16205716289711852 0.5877472362002824 0.02198540919430565 0.0722295560063543
1 0.5550265661075006 0.6281866444768176 0.018605836056041623 0.06123750892845372
1 0.3487778725282645 0.6917467637964224 0.023111498100138926 0.053506829545304765
