1 0.8193162626604741 0.6207686641048069 0.010871798022528623 0.04406833498097189
1 0.8530246271428631 0.6571982540286948 0.015559298022528622 0.04425933596955502
1 0.15542872528160726 0.5516500247145795 0.019121340597175518 0.050636669961943784
1 0.918649991121049 0.5484718528498311 0.019339861884498787 0.05376166996194396
1 0.63284316711962 0.6723762905690911 0.012106516091543363 0.03944450197716627
1 0.7852526190970914 0.6349611566904331 0.009309298022528622 0.044004667984777514
1 0.8079310124083726 0.5470764961200294 0.01821440445914595 0.05994800296574958
1 0.6106296775111802 0.599800953610953 0.014652361884499143 0.053570668973360824
1 0.4442776938548251 0.7052020835352784 0.010653276735204997 0.040943334980972065
0 0.24759408197032612 0.644214209505271 0.012434298022528623 0.04413200197716627
2 0.7145905578330111 0.6048160588578799 0.01599634059717552 0.0505093359695552
1 0.781548828868233 0.5374322406828219 0.013199122528160601 0.05506950197716627
1 0.6212940259020259 0.5963403725843136 0.011308840597175518 0.05031833498097189
1 0.9055601292365502 0.49496485087266484 0.020432468321116205 0.06938666996194379
1 0.8340132751457212 0.3853232540286948 0.020650989608439828 0.07251166996194396
1 0.571201918709104 0.3590340321661342 0.019307010895763276 0.07557300296574958
1 0.8569369589379623 0.46805484098683314 0.01708894703379258 0.06613433596955502
1 0.6312921027534466 0.5165082925462576 0.021230143815484225 0.05851283695813834
1 0.9198518582013282 0.5656593528498312 0.019339861884498787 0.05376166996194396
1 0.9134868797407532 0.6417443503783733 0.019121340597175518 0.05063666996194396
1 0.8434200341998992 0.6980951680591396 0.01566855866619008 0.045821835969555205
2 0.9159177470731338 0.7322101828878873 0.015340776735204998 0.04113433596955503
1 0.7239487683604573 0.7275041423559772 0.011778734160558102 0.03475700197716627
