1 0.6389270157253619 0.82276148715146 0.04425064774824676 0.011127676764564854
1 0.6760858567183483 0.8566754684801282 0.04455103639719447 0.015815176764564853
1 0.5543847162236991 0.1586272095570584 0.05100129549649317 0.019413773445216796
1 0.5690731955518664 0.9216474278134719 0.05412629549649317 0.01965057178554268
1 0.6860862106681448 0.636635655617655 0.03966327729789594 0.012334979254075762
1 0.6522991008582523 0.7887892288530903 0.04415051819859741 0.009565176764564675
1 0.5650889975267646 0.8109467261537979 0.06027616594684382 0.0185616684661948
1 0.6131097856220021 0.6140017937901558 0.05382590684754511 0.014963071785542858
1 0.7144453408361029 0.4483077840418936 0.041125647748246584 0.010890878424238614
0 0.6489543414544118 0.25131346225635076 0.04435077729789594 0.012690176764564676
2 0.6205496506736821 0.7179672433752373 0.050801036397194646 0.016288773445216797
1 0.5548431099575508 0.7845142807179013 0.05528827729789594 0.01351897095570571
1 0.6099044424695474 0.6246432958647483 0.050500647748246585 0.011601273445216798
1 0.5153474182539706 0.908246856027929 0.06975129549649317 0.020834563487172986
1 0.40421085671834833 0.836074012871762 0.07287629549649322 0.021071361827499045
1 0.3718141571520871 0.5731712711701317 0.07590116594684382 0.019745660167825106
1 0.48734353176449086 0.8594774693053207 0.06642603639719447 0.017472765146846925
1 0.5304369879660407 0.6341707386013525 0.058913925046142526 0.02156826929603195
1 0.5862606955518664 0.9229498186852652 0.05412629549649317 0.019650571785543035
1 0.6620722239294965 0.9170326280232534 0.05100129549649317 0.019413773445216977
1 0.7166910703211539 0.8473130464894482 0.04621366594684382 0.017496075934727885
2 0.7524469000553733 0.9199935298927088 0.041426036397194464 0.015578378424238792
1 0.7432559654485067 0.7280428282330347 0.03497577729789594 0.011979781743586493
