1 0.24858613032152715 0.7764802228511438 0.010538762917777866 0.05038200197716645
1 0.3378479988626382 0.8051410751323212 0.013591027735416716 0.047384335969555026
1 0.2532210385659022 0.6781382233454354 0.015335365691319502 0.05526050296574958
1 0.10881772834541614 0.633154692699357 0.016897865691319503 0.05532416996194396
1 0.32614939228937445 0.7030055721665718 0.01231946846486114 0.05982066897336082
1 0.11150762367201339 0.5847808596955513 0.017297909194305648 0.07251166996194396
1 0.6200435562333327 0.7759761344473117 0.010611498100139016 0.05350700197716627
1 0.38810387842166605 0.7289897520143475 0.010611498100138927 0.05350700197716627
0 0.8568727154276384 0.7136830173745677 0.01388196846486096 0.05988433596955502
1 0.4661028982732981 0.6703906848278726 0.014027438829583261 0.06613433596955502
1 0.4925731728745827 0.7426304407593717 0.012173998100139017 0.053570668973360824
1 0.43349042002479116 0.6604599279077904 0.013881968464861139 0.05988433596955502
1 0.6490790524336105 0.6708084733826164 0.02013196846486114 0.06013900395433271
1 0.15129486265409664 0.6896248685927999 0.018496733282500077 0.05695033695813834
2 0.2621245663013189 0.6315815583264073 0.01573540919430565 0.07244800296574957
1 0.12577079863388843 0.5431345291632036 0.017479747150208436 0.08032416996194378
1 0.45151568104270784 0.5579715978697343 0.02205814437666671 0.07582767095052709
1 0.2998427718484023 0.6237345662350726 0.02027743882958344 0.06638900395433271
1 0.8141793352030204 0.5657110909868331 0.018933144376666888 0.07570033695813834
1 0.16705041527513848 0.5166648710642578 0.020422909194305606 0.07263900395433272
1 0.1484478452710066 0.4087741166156336 0.031833187879652856 0.09339717292769341
1 0.4832800530022915 0.2683652698088445 0.030525261017916704 0.10427100593149899
2 0.1767832122935063 0.8040521245242989 0.013663762917777822 0.05050933596955511
