1 0.1979406161803037 0.3954224886000336 0.010360647326811767 0.04429630321830871
1 0.1687382345679203 0.3624514514732683 0.015048147326811766 0.04462408514929388
1 0.8564209741151638 0.3913927363311197 0.018537168373499214 0.051092606436617415
1 0.08879385835838309 0.4793054517253699 0.01871917889684287 0.05421760643661742
1 0.39202381612383397 0.322717690073302 0.011650131541796237 0.03971806386197034
1 0.23400691879702223 0.3773391241176446 0.008798147326811723 0.044187042574646895
1 0.19991336888172678 0.4684229460253867 0.017520699943530272 0.060358345792955605
1 0.4050250740869289 0.39339082299302286 0.01403167889684287 0.05388982450563216
1 0.5857962029273021 0.26870826122473945 0.010178636803468066 0.04117130321830871
0 0.7756707740304591 0.30833957173251514 0.0119231473268119 0.044405563861970344
2 0.30116432671776483 0.39987540579652825 0.015412168373499213 0.050874085149293966
1 0.22519408994253162 0.47521389540496806 0.012560184158514698 0.05534306386197034
1 0.3938600609327493 0.398061897498655 0.010724668373499214 0.050546303218308705
1 0.09507467946154022 0.5317748878633994 0.019629231513561374 0.06984260643661741
1 0.15290331903701854 0.6343264514732683 0.019811242036905076 0.07296760643661741
1 0.4137120164203001 0.6316502936599278 0.01843075256024882 0.0759833457929556
1 0.14049359527479063 0.5534970685535474 0.016322220990217674 0.06649908514929397
1 0.37354828995664907 0.4796232539352724 0.020554694681858443 0.059014367080279226
1 0.08979491623677342 0.4621179517253699 0.01871917889684287 0.05421760643661742
1 0.10597292405869403 0.38473599689790683 0.01853716837349917 0.051092606436617415
1 0.1836498740022243 0.32017111632397444 0.01513915258848364 0.04618658514929388
2 0.11515747923566129 0.29383784528875256 0.014866136803468067 0.04149908514929388
1 0.307526989759005 0.2772737861183591 0.011377115756780664 0.03503056386197034
