2 0.14430392321685778 0.796875 0.013897479254075584 0.0390625
1 0.2974648120140586 0.77578125 0.012690176764564676 0.04375
1 0.375105482554846 0.7203125 0.014726273445216797 0.05
1 0.1559769742564762 0.7046875 0.016762370125868876 0.05625
1 0.11740064894644844 0.65703125 0.020124168466194893 0.059375
1 0.4677306904382972 0.73515625 0.01472627344521662 0.05
1 0.3834633568298997 0.671875 0.01832487012586883 0.05625
1 0.41861960682989974 0.671875 0.015436668466194802 0.059375
1 0.2284924369138123 0.634375 0.017235966806521043 0.0625
1 0.21599151429843247 0.6859375 0.018088071785542857 0.053125
1 0.12643302944527948 0.6203125 0.020834563487173073 0.06875
1 0.08057700040098532 0.565625 0.01974566016782515 0.075
1 0.42678822695576846 0.615625 0.025048466806520862 0.0625
0 0.832456963883514 0.68515625 0.018324870125868743 0.05625
1 0.5987438920979711 0.73828125 0.014963071785542681 0.053125
2 0.269377546042019 0.6515625 0.017235966806520953 0.0625
1 0.4138630970816374 0.559375 0.021071361827499045 0.071875
1 0.13913578421916428 0.53515625 0.025758861827499136 0.071875
1 0.09582533733337514 0.446875 0.02178175684847723 0.08125
1 0.8262213871235937 0.540625 0.023107458508151168 0.078125
1 0.4619033910722859 0.265625 0.030044542741248747 0.1078125
1 0.32148357508631314 0.70625 0.01664397095570589 0.0546875
1 0.4053598223870208 0.7953125 0.015815176764564676 0.04375
