2 0.22787419437756737 0.8004478336024945 0.012074102665567032 0.039253414772652206
1 0.37882292893816116 0.7819996168806774 0.010647994985435094 0.043913641233702096
1 0.45064645315305596 0.7278127232113435 0.012392351411925873 0.05019091477265238
1 0.2298793120868292 0.7083421542193455 0.014136707838416562 0.05646818831160268
1 0.18630515683483742 0.6599495186676864 0.01735263605166191 0.059647735389503256
1 0.5448283621659714 0.7442928855483639 0.012392351411925873 0.05019091477265238
1 0.45392456584775287 0.6794570438281944 0.01569920783841656 0.05649546185055314
1 0.489080815847753 0.6800706984545772 0.012665136051661818 0.059565914772652384
1 0.2950209272888086 0.6392024163942102 0.014318564264907251 0.06271818831160267
1 0.287927492807357 0.6906149119299834 0.01560827962517113 0.05337046185055314
1 0.19148675032920442 0.6233398628234876 0.01762542069139794 0.06902273538950325
1 0.13989550659741057 0.5677796095770768 0.016244777117888676 0.07524546185055314
1 0.4913503580093364 0.623888882301953 0.02213106426490725 0.06285455600635448
0 0.9043110107540457 0.7005930730458925 0.015699207838416385 0.05649546185055314
1 0.6761692903792168 0.7497088628201924 0.012483279625171128 0.053315914772652385
2 0.33770853246165805 0.6571263019458693 0.014318564264907251 0.06271818831160267
1 0.4725261501709198 0.5673388733734993 0.017716348904643374 0.07214773538950343
1 0.19525895651826827 0.5382927069792891 0.02240384890464333 0.07222955600635447
1 0.1426902344940868 0.44913870373287823 0.01798913354437941 0.08152273538950343
1 0.8829180808914476 0.5557618141174386 0.019460705331134066 0.07842500892845372
1 0.48976014812585583 0.2740388867661799 0.025012023356964973 0.10819432954530477
1 0.39554977619345183 0.7127956493480816 0.014091243731793846 0.054905688311602675
1 0.48876623027094473 0.8034400146072013 0.013772994985435005 0.04396818831160267
