1 0.7640750937769252 0.3154697293281673 0.05005454215447784 0.012579145588778217
1 0.7885523981298471 0.4069155521225564 0.04694772287263689 0.015503886489479557
1 0.6656239582383058 0.31150531770026013 0.05476931323171659 0.017567034237726275
1 0.6274068616327102 0.16368957895902708 0.05477840359079611 0.01912953423772623
1 0.6870717113615636 0.38634463139535064 0.05942954215447784 0.013179922886674156
1 0.5789602712736306 0.16214806291989814 0.0719659035907961 0.0202309592838688
1 0.746291133495516 0.6855621838316741 0.05317954215447766 0.012779404688076923
1 0.7101455969983791 0.4503465746400904 0.053179542154477843 0.012779404688076923
0 0.6730480344540335 0.9161124745478053 0.05945681323171659 0.017867422886674332
1 0.6479814194034776 0.5229539574289422 0.0656977228726369 0.01670544108527139
1 0.7189115429400446 0.5556348519379863 0.05318863251355736 0.014341904688076923
1 0.6395785669441497 0.48959074490587096 0.05944772287263689 0.016304922886674334
1 0.6398865973911624 0.7053158744555204 0.05948408430895533 0.022554922886674156
1 0.6818398315784809 0.21094411319675332 0.05634999394987581 0.02079216378737554
2 0.6187035064429077 0.31631393121078044 0.0719568132317164 0.0186684592838688
1 0.5366955032214538 0.17272581507936646 0.07821590359079629 0.02063147748246603
1 0.5363626633533535 0.4986071946290158 0.07511817466803503 0.025118718383167503
1 0.6091103378249969 0.35321315391288455 0.06573408430895533 0.022955441085271477
1 0.5272224500468823 0.8606566116555939 0.0750999939498758 0.021993718383167504
1 0.5083341538853837 0.2115484831856787 0.07198408430895534 0.0233559592838688
1 0.40142562373295865 0.18359585903470016 0.09236021682251275 0.03559514342930994
1 0.24559221760807964 0.504983098394242 0.10328862646343315 0.03473355027685514
2 0.7949574551150478 0.24632850554632912 0.050072722872636886 0.015704145588778307
