2 0.7952281614417223 0.8442131466209399 0.00986589600572696 0.042733531570031145
1 0.39642703477081337 0.7897568048946185 0.011482940006363318 0.04751203683170289
1 0.7028043041056315 0.818531336182301 0.01606135200509069 0.03841005261671846
1 0.62420658943345 0.7733560730987085 0.009956802673454135 0.050546031570031145
1 0.6457361440960865 0.7449426467621144 0.009956802673454312 0.050546031570031145
1 0.8332543254296318 0.7574257781627363 0.013154528007635946 0.0569780420933748
1 0.5163213640992682 0.760826710043351 0.009956802673454135 0.050546031570031145
1 0.4816191000954502 0.7306995942865703 0.013154528007635946 0.0569780420933748
1 0.8450997974219959 0.7019038202561111 0.013227253341817758 0.0632280420933748
1 0.7399764927593594 0.7254484650932612 0.011592028007635946 0.05688703683170289
1 0.41296909742995014 0.7352891127730089 0.013081802673454134 0.0507280420933748
1 0.8634498080839961 0.6686208833961732 0.014862478675999569 0.06956904735504672
1 0.6652304840865415 0.6758132151638485 0.014753390674726852 0.06019404735504672
2 0.7416475334181779 0.667772472985769 0.014862478675999569 0.06956904735504672
1 0.1935180214035422 0.5281081314006218 0.013409066677272286 0.0788530420933748
1 0.8926373214114964 0.6273812333679384 0.01649770401018138 0.07591005261671846
1 0.448024802752996 0.6616009837914614 0.014807934675363298 0.06488154735504673
0 0.10479297075904119 0.6861110762236546 0.014717028007636024 0.05706904735504672
1 0.8104515300763602 0.6093222071301663 0.01329997867599957 0.0694780420933748
1 0.5300373240769964 0.5976742626600695 0.01642497867599957 0.06966005261671845
1 0.6112305907065436 0.3291510467903493 0.019913605346908447 0.10109206314006221
1 0.8709521307288153 0.5082294149662043 0.021294292011454274 0.08555806840173404
1 0.6280133894414041 0.8321318336220521 0.009884077339272324 0.04429603157003115
