1 0.64375 0.25935621192854463 0.0109375 0.03938074874635875
1 0.8015625 0.31004183669743546 0.0109375 0.04406824874635884
1 0.8171875 0.35346522776366224 0.009375 0.05496028463973612
1 0.7546875 0.38367791349875496 0.0109375 0.05344324874635875
1 0.8890625 0.3704003266683055 0.0125 0.05661371285298138
1 0.76875 0.39268084045835916 0.0125 0.05973871285298147
1 0.3 0.2899791084715548 0.009375 0.050272784639736126
1 0.9 0.4644685754146643 0.015625 0.06607964106622681
1 0.54765625 0.33312266937124974 0.0125 0.05036371285298147
0 0.14453125 0.351080429862598 0.0140625 0.05353417695960409
1 0.5734375 0.4198103271305239 0.0171875 0.06300010517284953
1 0.51796875 0.4142901013454188 0.015625 0.06295464106622681
1 0.7765625 0.4858769109914725 0.0140625 0.0691591769596041
1 0.4359375 0.715028235747728 0.01875 0.09273306927947225
1 0.1203125 0.4503757362099464 0.0140625 0.06603417695960409
2 0.6984375 0.4382912056603384 0.015625 0.06920464106622681
1 0.5953125 0.5220093246232416 0.015625 0.07232964106622682
1 0.84921875 0.5489284919494273 0.015625 0.07857964106622681
1 0.9109375 0.5507243241610231 0.01875 0.08023306927947224
1 0.94375 0.4977728204000994 0.015625 0.07545464106622682
1 0.7515625 0.49999323528550954 0.021875 0.06938649749271768
1 0.7921875 0.6832065520576993 0.0265625 0.09452288981258547
2 0.8796875 0.2701275420285695 0.009375 0.04402278463973612
