1 0.6304950600701348 0.7631202279408026 0.011619338473758489 0.039126132513557364
1 0.7891121294691698 0.7179446042078439 0.011701159090609536 0.04381363251355737
1 0.8054871517903042 0.6750667577986401 0.010329573863261743 0.054742042154477664
1 0.743546259338786 0.6426718934354554 0.013427300324311631 0.05319772287263689
1 0.8776212504103323 0.6606411643163025 0.01348184740221221 0.056322722872636885
1 0.757758763803013 0.634159956667172 0.01353639448011279 0.05944772287263689
1 0.28745417208284363 0.7204953489432866 0.011810253246410874 0.05006363251355737
1 0.8901951627473528 0.5669547968298598 0.016770488635914304 0.06571590359079629
1 0.5357377134787014 0.685998670857406 0.013372753246410874 0.050072722872636886
0 0.13313091071875788 0.6539658582148646 0.014989800324311542 0.05320681323171641
1 0.56301900812097 0.6002111617822197 0.018278441558013725 0.06259999394987581
1 0.5074820742735943 0.6037947040348932 0.016715941558013547 0.06259090359079629
1 0.7671940393705582 0.54123665846257 0.016825035713814884 0.06884090359079628
1 0.4307418908299603 0.3001924601832133 0.02035913879807012 0.09229658430895542
1 0.11065766721157963 0.5538249576491305 0.015207988635914304 0.0657068132317166
2 0.6882781067409983 0.5860946405085892 0.016825035713814884 0.06884090359079612
1 0.5866667881527422 0.49877592680933436 0.01687958279171564 0.0719659035907961
1 0.8409139573896216 0.48072186015977214 0.01698867694751698 0.07821590359079629
1 0.9026327073896215 0.4810809293434172 0.02014095048646709 0.07979658430895534
1 0.9345042702958348 0.5351780768840891 0.016934129869616045 0.07509090359079611
1 0.7424531379905865 0.5262474627172962 0.023075035713814883 0.06887726502711473
1 0.786255505278301 0.34445256205336616 0.028198912337020588 0.09390453610435348
2 0.8665007439175106 0.7605866221618248 0.010138659090609537 0.04380454215447767
