2 0.20775199277152545 0.7964942466803503 0.03912613251355734 0.011164758976990541
1 0.22796397794080248 0.6450544665279251 0.04380454215447767 0.009629530054229285
1 0.2830054810640605 0.5719396742752515 0.05006363251355737 0.011228391490547907
1 0.29991222169428655 0.7923430778660479 0.056322722872636885 0.01282725292686635
1 0.34781391138943624 0.8348078338179761 0.0594659035907962 0.015970433645025393
1 0.2676163095192834 0.4781033158639952 0.05006363251355737 0.011228391490547907
1 0.3314157099868216 0.5675339754067197 0.056331813231716585 0.014389752926866173
1 0.3312111769075302 0.5323777254067197 0.05943863251355737 0.011282933645025394
1 0.369833836253863 0.7255646440246306 0.06257272287263689 0.012863614363184794
1 0.3183213332288009 0.7338584121750031 0.05319772287263689 0.01280907220870695
1 0.3844962999531178 0.8287714572563472 0.0688409035907962 0.016024975799503238
1 0.4394746914436656 0.8790896198241338 0.07508181323171641 0.014498837235821327
1 0.3874384510098312 0.5287987283335859 0.06261817466803503 0.020676114363184794
0 0.31551643657189177 0.11745670735454299 0.056331813231716585 0.014389752926866261
1 0.26372771935659556 0.34683513514583597 0.05318863251355736 0.01124657220870695
2 0.3524008965587133 0.6832771500747548 0.06257272287263689 0.012863614363184794
1 0.44378844495970693 0.5463134812604522 0.07196590359079628 0.016043156517662284
1 0.4696161885167992 0.8230168818261863 0.07198408430895534 0.019168156517662283
1 0.5581883300073471 0.8735304871141846 0.08134090359079629 0.016097698672140125
1 0.4601476805217676 0.13548506556940762 0.07822499394987581 0.017642017953980904
1 0.7373884540348932 0.5222412187674204 0.10793976502711473 0.0225022347764936
1 0.29738614363184707 0.6267089875069681 0.05476022287263689 0.01281816256778665
1 0.20779640280522926 0.53556583703943 0.04382272287263698 0.012754530054229284
