1 0.22817432570371504 0.2568562005708413 0.05021820554708327 0.011412343878220543
1 0.20108318921083304 0.34771862250995156 0.047165940729444425 0.014410009885831698
1 0.3265572743169442 0.2551889298105946 0.055014808320625 0.016290844866803766
1 0.369001960296736 0.10828475490573482 0.05505117591180557 0.017853344866803688
1 0.30297299753145807 0.3295177677573161 0.05959320554708327 0.011794345855386901
1 0.4174030927055554 0.1078735780237087 0.07223867591180558 0.018553681824942013
1 0.2351620227983328 0.6273132806088974 0.05334320554708327 0.011539677870609211
1 0.2780807938842358 0.39297277270023195 0.05334320554708327 0.011539677870609388
0 0.301563700325659 0.8595408487839553 0.059702308320624994 0.01648184585538672
1 0.3380175319163885 0.46702042635055346 0.06591594072944443 0.015174013840164414
1 0.26626916527513844 0.49804227467739837 0.053379573138263935 0.013102177870609211
1 0.34737500133118016 0.4338577578714844 0.05966594072944442 0.014919345855386724
1 0.34079377374826336 0.6495464248676788 0.059811411094166725 0.021169345855386722
1 0.3132961677436804 0.15426309977253855 0.05665004350298606 0.019479511862998056
2 0.37325043636104144 0.26109141992476287 0.07220230832062509 0.016991181824942015
1 0.45928146818052074 0.11943581912646013 0.07848867591180557 0.018808349809719616
1 0.45013632541937465 0.44528073612265456 0.07547277868534721 0.02336851581733086
1 0.38175261417270806 0.29820941794759653 0.06606141109416672 0.021424013840164412
1 0.44873029426548533 0.8074942346397798 0.07540004350298624 0.02024351581733086
1 0.48646091080982623 0.15891481319496106 0.07231141109416672 0.021678681824942016
1 0.5939831232907637 0.13345987395564526 0.09287848423243047 0.03344385277546911
1 0.7401794439604857 0.45843867483049766 0.10377961664124999 0.03232702174882984
2 0.1993603011024304 0.18700395699663191 0.05029094072944442 0.014537343878220543
