1 0.43010587301400394 0.7092146520528158 0.018537168373499214 0.05018181333545435
1 0.3875767387707846 0.7430714840467706 0.013485647326811723 0.04387726933481808
0 0.0794079229998865 0.7199676020050907 0.01688366311182732 0.048601132001908985
1 0.3002363624906602 0.7045806013685438 0.021662168373499213 0.05021817600254526
1 0.31749945720075357 0.7328874147039983 0.013849668373499213 0.05012726933481808
1 0.3920598414439728 0.6994033000477251 0.016974668373499126 0.050163632001908987
1 0.8957771046687396 0.6349997334499946 0.019356215728545935 0.06424431333545436
1 0.5358700256024875 0.7557271200668151 0.0259856473268119 0.044022720003181706
1 0.28815359144397285 0.698194241366953 0.01715667889684287 0.05328863200190899
1 0.42372009414539596 0.6263839707192703 0.01752069994353036 0.05953863200190916
1 0.3059263784168501 0.560994233370453 0.025970236775233246 0.07056703866963616
1 0.7741134782474409 0.7444463640992682 0.01835515785015538 0.04705681333545435
1 0.8805161257154271 0.6410679201145402 0.01752069994353036 0.05953863200190899
1 0.6223087835655825 0.6849066374124508 0.02064569994353036 0.05957499466899989
1 0.3469909941736308 0.595823766709089 0.03452618942018652 0.05661362667090888
1 0.8478093125047776 0.696118499442995 0.017338689420186525 0.056413632001908985
2 0.5940773677523321 0.7095611920750875 0.018810184158514785 0.05486931333545453
1 0.36437591524855306 0.5726044427116344 0.029186242036905074 0.07216590133672707
1 0.5520509495200072 0.5107691560709513 0.02311825256024882 0.07521817600254543
1 0.8856439704961074 0.5950650767822674 0.024498742036904986 0.0721113573360908
1 0.4954130836220522 0.6240953120623607 0.0207367052052021 0.06113749466899989
1 0.7071388098739417 0.6937009294239049 0.02496917889684287 0.05337953866963616
