2 0.8324411887143149 0.8396267390302652 0.011832142065139805 0.042678822930778536
1 0.4321835834808779 0.7874955144721785 0.01366765785015538 0.04744821008590812
1 0.7390706203125809 0.8144828968776098 0.01780912628012441 0.03831887155129756
1 0.6585794835091128 0.7697635391211223 0.012287168373499214 0.050491322930778536
1 0.6787253835373477 0.7412224592929387 0.012287168373499214 0.050491322930778536
1 0.8663163887990194 0.7526114179085089 0.015776189420186527 0.05690509724103805
1 0.5504029624624254 0.7578633254171694 0.012287168373499214 0.050491322930778536
1 0.5143898677523321 0.7279368080043148 0.015776189420186527 0.05690509724103805
1 0.8755401993788329 0.697016515149547 0.01614021046687384 0.06315509724103804
1 0.771800549350598 0.7211766321782888 0.014213689420186526 0.05682321008590829
1 0.4461403966915272 0.7329275231786058 0.015412168373499213 0.05065509724103805
1 0.8922880836220521 0.663624161011104 0.01806673151356151 0.06948698439616781
1 0.6949426467621145 0.6719744923096256 0.01752069994353036 0.06011198439616763
2 0.7707771046687396 0.6634869629109834 0.018066731513561328 0.06948698439616781
1 0.21762274161338208 0.5270139586155702 0.017050263083592476 0.07878009724103804
1 0.9194729389260765 0.6222112669585693 0.019993252560248465 0.07581887155129756
1 0.4776641415004425 0.65902967774659 0.017793715728545934 0.06479948439616781
0 0.13650779145809028 0.6855457536180446 0.01733868942018657 0.056986984396167804
1 0.8366681442018656 0.6046309413142573 0.016504231513561507 0.06940509724103805
1 0.5564724099868812 0.594619696968467 0.01962923151356133 0.06956887155129757
1 0.6249214891943076 0.32560410334547346 0.024574336746998427 0.10098264586155707
1 0.8922895416698517 0.5031779839418825 0.025226784130279966 0.08543953301668683
1 0.665117180821807 0.8285210634313817 0.011923147326811722 0.04424132293077854
