1 0.6525861281030861 0.7331441975679107 0.011392033338636054 0.039508168973360826
1 0.8098622787634955 0.6806200809522771 0.011446577339272323 0.04419566897336082
1 0.8249872920909957 0.6370146609903333 0.01001134667409076 0.05506950197716627
1 0.7621145747533141 0.6075300908381089 0.013118165340545218 0.053634335969555025
1 0.896689569422314 0.6192422291653912 0.013154528007635946 0.05675933596955503
1 0.7760770774188142 0.5983633378723594 0.01319089067472703 0.05988433596955502
1 0.3083634134309046 0.7065259367306769 0.011519302673454223 0.05044566897336082
1 0.9065361894095874 0.5250465601920304 0.01638861600890884 0.06626166996194396
1 0.5556014927593594 0.6604972178338657 0.013081802673454134 0.05050933596955502
0 0.15213104742199593 0.6472358028520188 0.01468066534054513 0.05369800296574958
1 0.58038276941436 0.5735092123966583 0.017914753341817757 0.06320033695813834
1 0.5249594727482235 0.5796756407615592 0.01635225334181776 0.06313666996194396
1 0.7828077880728602 0.5050762528913875 0.01642497867599957 0.06938666996194395
1 0.4394010440404072 0.2798931580617648 0.019822698679181273 0.09295150395433271
1 0.12674869207508746 0.5482226412930318 0.014826116008908662 0.06619800296574958
2 0.7052100467456782 0.5535721027011069 0.01642497867599957 0.06938666996194379
1 0.601075982733906 0.4710553744499368 0.016461341343090474 0.07251166996194378
1 0.8547549660645879 0.44117823756834823 0.016534066677272106 0.07876166996194396
1 0.9164737160645879 0.43866339121866976 0.01967724801081765 0.08045150395433272
1 0.9499134720719058 0.49123263429858754 0.01649770401018138 0.07563666996194396
1 0.7576350654041786 0.49125117483049774 0.022674978675999567 0.06964133794672164
1 0.7961419400461343 0.30756458292944355 0.027653380012726637 0.0948323389353046
2 0.8884781747692226 0.7196242311425577 0.009884077339272324 0.04413200197716627
