2 0.2046875 0.203125 0.0109375 0.0390625
1 0.35625 0.22421875 0.01015625 0.04296875
1 0.4296875 0.2796875 0.0109375 0.05
1 0.209375 0.2953125 0.0125 0.05703125
1 0.1671875 0.34296875 0.015625 0.06015625
1 0.5234375 0.26484375 0.0109375 0.05
1 0.434375 0.328125 0.0140625 0.05703125
1 0.46953125 0.328125 0.0109375 0.059375
1 0.2765625 0.365625 0.01328125 0.0625
1 0.26796875 0.3140625 0.01328125 0.05234375
1 0.1734375 0.3796875 0.01484375 0.06796875
1 0.1234375 0.434375 0.0140625 0.07421875
1 0.4734375 0.384375 0.0203125 0.0625
0 0.884375 0.31484375 0.0140625 0.05703125
1 0.6546875 0.26171875 0.0109375 0.053125
2 0.31875 0.3484375 0.0125 0.0625
1 0.45625 0.440625 0.015625 0.071875
1 0.1796875 0.46484375 0.0203125 0.07265625
1 0.1296875 0.553125 0.015625 0.08046875
1 0.8671875 0.459375 0.0171875 0.078125
1 0.48203125 0.734375 0.02265625 0.1078125
1 0.375 0.29375 0.0125 0.0546875
1 0.465625 0.2046875 0.01328125 0.04296875
