1 0.5728033426957259 0.2539426349365333 0.014517033338636054 0.0400458457929556
1 0.6860487773710892 0.3258719012801782 0.013081802673454134 0.05087408514929388
1 0.6990942173774526 0.37362098642947206 0.011592028007635946 0.05701482450563215
1 0.852791929384134 0.43354727950832217 0.021076116008908484 0.0670453883676025
1 0.2813612773710892 0.2975733945717888 0.01780566534054513 0.05432686708027905
1 0.7814896413908154 0.47774003989988234 0.027289753341817758 0.0643574309422494
1 0.4876658213717254 0.31668329953513785 0.009993165340545219 0.05378056386197043
1 0.8128658160407255 0.35659701341677874 0.017842028007635947 0.05745186708027905
1 0.5118942093809523 0.3862909591900639 0.014789753341817757 0.0634833457929556
1 0.5228771627148159 0.39096203369569604 0.014789753341817757 0.0634833457929556
1 0.7334419453771343 0.37368097059003025 0.019368165340545217 0.054436127723940866
1 0.8540186220559974 0.471883159830153 0.01649770401018138 0.07609260643661742
1 0.746805558720543 0.4487738057393241 0.014862478675999569 0.0697333457929556
1 0.759178836728179 0.5058432605667871 0.022674978675999567 0.07027964901126431
1 0.5569259933959062 0.4995065072125925 0.016461341343090474 0.07296760643661741
1 0.11181348806490612 0.48555472376899794 0.01962270401018138 0.07631112772394069
2 0.6809532920512249 0.4246536087055313 0.014862478675999569 0.0697333457929556
0 0.1069430800445434 0.3353362024816745 0.016315890674726895 0.060467606436617416
1 0.4881600014321773 0.7616680176041527 0.016824968013999353 0.10421760643661741
1 0.8683538420591791 0.4963040056231086 0.019604522676635837 0.07474862772394086
1 0.7836350387491781 0.6621150398998823 0.02605451734563573 0.09237317029858776
2 0.8087772053628168 0.27356599212945526 0.011446577339272323 0.044514824505632156
1 0.6778181066995439 0.28938809806186955 0.013045440006363406 0.04774908514929388
