2 0.21395998010817685 0.7980658370394298 0.011392033338636143 0.039126132513557364
1 0.36527703210531337 0.7778538518701529 0.0098840773392725 0.04380454215447784
1 0.4380690947644501 0.7228123487468949 0.011519302673454135 0.05006363251355737
1 0.21757478142899558 0.7059056081166688 0.013154528007635946 0.056322722872636885
1 0.17483275075585952 0.6580039184215192 0.016315890674726895 0.05946590359079629
1 0.5319918174331317 0.7382015202916719 0.011519302673454312 0.05006363251355737
1 0.44219297342454134 0.6744021198241337 0.014717028007635946 0.056331813231716585
1 0.4773492234245412 0.6746066529034251 0.011628390674726851 0.05943863251355737
1 0.2839441214194506 0.6359839935570923 0.013227253341817758 0.06257272287263689
1 0.2759503554264503 0.6874964965821544 0.01468066534054513 0.05320681323171641
1 0.18065548941754156 0.6213215298578376 0.01642497867599957 0.06884090359079628
1 0.130019142743451 0.5663431383672898 0.014935204010181335 0.07508181323171659
1 0.48060094541690523 0.6183793788011241 0.021039753341817756 0.06261817466803503
0 0.8923475147596776 0.6903013932390636 0.014717028007635946 0.056331813231716585
1 0.6632781801002225 0.7420901104543598 0.011555665340545218 0.05318863251355736
2 0.32633161608845046 0.653416933252242 0.013227253341817758 0.06257272287263689
1 0.4627589174092693 0.5620293848512483 0.016461341343090474 0.07196590359079628
1 0.18591460673931484 0.536201641294156 0.021148841343090474 0.07199317466803504
1 0.1348873613939972 0.44762949980360833 0.0165704293443631 0.08134090359079629
1 0.873478241406724 0.5456701492891878 0.018096566677272108 0.07822499394987581
1 0.48512207670272556 0.2684293757760621 0.023129512014635624 0.10793976502711464
1 0.38321796276254105 0.7084316861791082 0.013136346674090582 0.05476022287263689
1 0.4748792987746314 0.798021427005726 0.013009077339272502 0.04382272287263689
