1 0.7331441975679107 0.6924129611295701 0.039508168973360826 0.013440738741233105
1 0.6806200809522771 0.8472716394149152 0.04419566897336082 0.013741127390181162
1 0.6370146609903333 0.8601430767995588 0.055133168973360826 0.014442034237726276
1 0.6075300908381089 0.7955904210317477 0.053570668973360824 0.014341904688076923
1 0.6192422291653912 0.9310668460778903 0.05675933596955503 0.016104663787375274
1 0.5983633378723594 0.8091022085086763 0.05988433596955502 0.016304922886673977
1 0.7065259367306769 0.3460595928386877 0.05038200197716627 0.012579145588778217
1 0.5250465601920304 0.9359965730989309 0.06632533695813833 0.02139294108527139
1 0.6604972178338657 0.5914128631967533 0.05050933596955502 0.015704145588778216
0 0.6472358028520188 0.18638540175341625 0.05369800296574958 0.017466904688076924
1 0.5735092123966583 0.6116869879660407 0.06320033695813834 0.02119268198597286
1 0.5796756407615592 0.556468561840164 0.06313666996194396 0.019630181985972862
1 0.5050762528913875 0.8109570003045418 0.06932300296574959 0.018468200184570092
1 0.2798931580617648 0.45501217920819564 0.09295150395433271 0.02465764342931003
1 0.5482226412930318 0.15575836057585968 0.06619800296574958 0.018267941085271477
2 0.5535721027011069 0.7357357572443721 0.06938666996194379 0.020030700184570094
1 0.4710553744499368 0.6270535672388349 0.07251166996194378 0.0202309592838688
1 0.44117823756834823 0.8797081978682183 0.07876166996194396 0.020631477482466208
1 0.43866339121866976 0.9414269478682182 0.08045150395433272 0.023856607032115562
1 0.49123263429858754 0.9776939173311199 0.07563666996194396 0.020431218383167506
1 0.49125117483049774 0.7850057695828733 0.06964133794672164 0.026280700184570092
1 0.30756458292944355 0.8139656770487275 0.0948323389353046 0.03257027297895911
2 0.7196242311425577 0.9281001372554467 0.04413200197716627 0.012178627390181163
