1 0.18652687384643668 0.4421552208490434 0.039963665946843904 0.01633763154179633
1 0.2577987014211878 0.33338643657758915 0.050801036397194556 0.015412168373499213
1 0.30547473781838236 0.3236165944277446 0.05695090684754529 0.014213689420186526
1 0.3645061836840158 0.17335826017040784 0.06692668414544123 0.024134720990217674
1 0.23186514806201367 0.7380739365775891 0.05422642504614252 0.020281678896842868
1 0.4091189744001471 0.24809992591307112 0.06420220234403846 0.030202710466874016
1 0.24976974861572404 0.5320969523626047 0.05372577729789594 0.012469178896842691
1 0.2877841949427828 0.208098010240995 0.057351425046142525 0.02046368942018655
1 0.31924044186046385 0.5126181812453302 0.06340116594684382 0.017702710466873838
1 0.32384759870800905 0.5019081943995097 0.06340116594684382 0.017702710466873838
1 0.3053338379106674 0.2891050865352368 0.05432655459579187 0.02184417889684287
1 0.4028374984588405 0.17480663908136815 0.07600129549649318 0.019993252560248732
1 0.380353624307862 0.2809278364646497 0.06965116594684391 0.018066731513561328
1 0.43735459593023196 0.27248527588483623 0.07015181369509058 0.025879231513561328
1 0.43220031925064484 0.47528405219319547 0.07287629549649317 0.019811242036904986
1 0.42085089760058836 0.9215976100715858 0.07620155459579188 0.02311825256024882
2 0.3566169332225905 0.34541527069375155 0.06965116594684391 0.018066731513561328
0 0.2706506385012897 0.9159861049510883 0.06037629549649317 0.01908319994353036
1 0.6947818599667761 0.5627209519390817 0.10412629549649317 0.021631347270341904
1 0.4271761644056844 0.1621092180064459 0.07463905459579187 0.023027247298576903
1 0.5934939744001471 0.25883854679034923 0.0922270727943891 0.03027830517696728
2 0.20477143584348417 0.206399731372387 0.0444509068475452 0.013485647326811812
1 0.22136055367294122 0.3391058155591366 0.04767603639719455 0.015230157850155468
