1 0.4424605257435238 0.7205405820524036 0.019413773445216796 0.050636669961943784
1 0.4005340574871103 0.7531010726608633 0.014252676764564676 0.04419566897336082
0 0.09202281786007253 0.7210592579086654 0.017732874275053767 0.04901050296574958
1 0.31253622740319775 0.712131221368269 0.0225387734452168 0.05076400395433271
1 0.3302924124661322 0.7408928913302129 0.014726273445216797 0.05044566897336082
1 0.4042501307225456 0.7096375741437381 0.0178512734452168 0.05057300296574958
1 0.9067346680652097 0.6600168479069153 0.02047936597668425 0.06469916996194396
1 0.5490191016782515 0.7700551038012333 0.026752676764564675 0.04470500494291585
1 0.30034388072254564 0.7054037188968111 0.018088071785542857 0.05369800296574958
1 0.43462286972488345 0.6376644150562092 0.0185616684661948 0.05994800296574958
1 0.31570600374819957 0.5689542243340184 0.027202962657336016 0.07120383794672147
1 0.7870160091467844 0.7657336542189752 0.01917697510489056 0.04751166996194378
1 0.8915832647458618 0.6656301779449715 0.01856166846619516 0.05994800296574958
1 0.6341977398507523 0.701872789580508 0.021686668466194804 0.06007533695813834
1 0.35737328549178604 0.6049208992388783 0.03551237012586892 0.05752333992388792
1 0.8598489352866491 0.7196345870325004 0.018324870125868743 0.05682300296574958
2 0.6064046265733608 0.7256631166528147 0.01976897095570589 0.05532416996194378
1 0.3743472979393407 0.582247403193211 0.030446361827499047 0.07289367193911023
1 0.5608991819626568 0.525984110227024 0.024433160167825107 0.07576400395433254
1 0.8959029892260524 0.6198547629259433 0.025758861827499046 0.0727026709505271
1 0.5062610713845574 0.637468096881151 0.021805067636358012 0.061637836958138334
1 0.7191647357015676 0.7131233073750052 0.025900571785542857 0.05401633794672147
