1 0.5935894988216497 0.8158738402177942 0.04379545179539814 0.010616127390181163
1 0.628927556003242 0.849376755084904 0.04382272287263689 0.015303627390181162
1 0.5475567769309713 0.1522328423772624 0.050090903590796286 0.018829145588778306
1 0.517636052879984 0.9156549922849774 0.05321590359079611 0.01902940468807692
1 0.6518554750139363 0.6290537631044681 0.039117042154477845 0.011878238741233105
1 0.6090099657423582 0.7817188857142873 0.04378636143631844 0.009053627390180985
1 0.5201156373853312 0.804917751384276 0.05945681323171641 0.01786742288667407
1 0.5798804810640604 0.6072603038205995 0.05318863251355736 0.014341904688076923
1 0.691366906026683 0.4402508813953506 0.040670451795397966 0.010415868290882457
0 0.6371192466803504 0.24387772670727373 0.04380454215447767 0.012178627390180986
2 0.581266239942855 0.7112166185954242 0.050072722872636886 0.015704145588778216
1 0.5113718964605175 0.7785857888612047 0.054742042154477664 0.012879534237726276
1 0.5760378635776178 0.6179474799464761 0.05004545179539797 0.011016645588778217
1 0.46445651072550637 0.9028755875969005 0.06884090359079628 0.020030700184570094
1 0.3570525560032419 0.8319542134459219 0.0719659035907961 0.0202309592838688
1 0.339904920857406 0.5692341679494287 0.07508181323171659 0.018868718383167504
1 0.43918379995311774 0.8543985148025112 0.0656977228726369 0.01670544108527139
1 0.49566001716841396 0.6284158081395361 0.05791249394987581 0.02089229333702498
1 0.5348235528799841 0.9167564173311199 0.05321590359079611 0.01902940468807692
1 0.6113178751868868 0.9099440152639365 0.050090903590796286 0.01882914558877822
1 0.6702610831306051 0.8395301881506108 0.04539431323171659 0.016966256939830514
2 0.7019201492891878 0.9118452791435973 0.040697722872636885 0.015103368290882458
1 0.7039270351223949 0.7198580382428958 0.03442954215447767 0.011577850092285047
