1 0.42096512152136834 0.18903605304024151 0.01565417490485981 0.039881547355046634
1 0.3058547746773983 0.2596509318806146 0.014537343878220454 0.0507280420933748
1 0.2914447647915666 0.3072539739739894 0.011667011862998145 0.056796031570031144
1 0.13631425441144324 0.3653912396178306 0.021424013840164412 0.06671706314006212
1 0.7105422746773984 0.23608056910760572 0.01935217787060921 0.05412605787839038
1 0.2061837440313199 0.41042374758092565 0.030671679847775656 0.06413809471009327
1 0.5041012736888151 0.25278076364828983 0.011539677870609211 0.05367103157003106
1 0.17840093673067683 0.2888973580760344 0.0194795118629981 0.057251057878390375
1 0.4778942593543591 0.32211459257336755 0.016609179847775657 0.06331904735504663
1 0.46679759186387315 0.32665787940507046 0.016609179847775657 0.06331904735504663
1 0.25716526528585815 0.30691233973077015 0.0209146778706093 0.05421706314006221
1 0.13397316300468062 0.40371799224866656 0.01868101581733077 0.07591005261671846
1 0.2416410829666246 0.3818591318241449 0.01686384783255317 0.06956904735504672
1 0.22763032110362644 0.43879167128668384 0.02467634783255317 0.07002407366340577
1 0.42965573612265456 0.43481898990017936 0.018553681824942103 0.07278505261671846
1 0.8742678991645162 0.42606999032370235 0.02180601581733086 0.07609206314006225
2 0.3080619204190545 0.35850566083392726 0.01686384783255317 0.06956904735504663
0 0.8835049307991778 0.2758879798003586 0.018044345855386723 0.06028505261671846
1 0.4906436797734136 0.6978202478632742 0.019827021748829842 0.10403505261671846
1 0.11895565806176478 0.42797453960371323 0.021742348821136393 0.07452956314006212
1 0.1986710384803817 0.5947987475809257 0.028692685779274685 0.09208108418674961
2 0.18490028752897958 0.20590284755269073 0.012720175893442941 0.044387036831702906
1 0.31513161558986935 0.22325840557225538 0.014410009885831698 0.047603042093374806
