1 0.6019852471574025 0.19787254243471442 0.04420502630835923 0.009595175893442987
1 0.6353213919239656 0.16519003502034063 0.0444780420933748 0.014282675893442943
1 0.5982929728445947 0.860529051331963 0.05091005261671846 0.01766234387822081
1 0.5193253946253886 0.09630472524823959 0.05403505261671846 0.0177896778706093
1 0.6724628890813682 0.3860781965793275 0.03960853157003115 0.010966674904859808
1 0.6196578655450192 0.23239212247277052 0.04411402104668731 0.008032675893442942
1 0.5289117682040899 0.20711489125585078 0.06019404735504672 0.016481845855386878
1 0.6015889469597585 0.40619437840426953 0.053762036831702886 0.013102177870609254
1 0.7242360336361696 0.5758291046782734 0.04108002630835923 0.009467841901054186
0 0.6823501834526431 0.7709625325488827 0.04429603157003115 0.011157675893442942
2 0.5963183470585806 0.30225629490617234 0.05072804209337463 0.014537343878220454
1 0.5218196050216755 0.23324630973491994 0.05523353157003115 0.011603344866803677
1 0.5970456601280556 0.39541604589475554 0.05045502630835923 0.009849843878220455
1 0.4667464261954198 0.10784440311884891 0.06966005261671845 0.018426347832553213
1 0.3634463919239656 0.1762680923581647 0.07278505261671846 0.018553681824942013
1 0.36306477325400033 0.4386235123201086 0.07581904735504663 0.01711851581733086
1 0.4444765840455752 0.15573807505795917 0.06635304209337481 0.015174013840164414
1 0.515666857511337 0.3830698961987667 0.058813557878390196 0.019543178859192524
1 0.5365128946253886 0.09560438829010129 0.05403505261671846 0.0177896778706093
1 0.6137579340879276 0.1042034554765761 0.05091005261671846 0.017662343878220542
1 0.6774556840173404 0.17600285962118922 0.046040542093374624 0.014346342889637365
2 0.7046104472421072 0.1044170196973014 0.0413530420933748 0.014155341901054186
1 0.7189290944277447 0.2964771857049126 0.034921031570031145 0.010775673916276585
