1 0.7743584475663894 0.6481679145126942 0.039317073138263936 0.011164758976990541
1 0.7319378242756256 0.8057122489198456 0.04400457313826393 0.011192030054229463
1 0.6893327501874312 0.8210872640451559 0.054942073138263936 0.011255662567786828
1 0.6558467965402089 0.7584009116840239 0.053379573138263935 0.01124657220870695
1 0.6761619093817368 0.8928759056338997 0.05654094072944442 0.01282725292686635
1 0.647580354860834 0.772413414709086 0.0596659407294446 0.012845433645025394
1 0.7257325775066669 0.30418156517662415 0.05021820554708327 0.009665891490547729
1 0.5826664825200008 0.9032679840891227 0.06602504350298624 0.017569295081344194
1 0.6955593407087852 0.5516287369177929 0.05029094072944442 0.01279089149054773
0 0.6564890021842015 0.1483310200952802 0.053452308320624906 0.014371572208706995
1 0.6102219059632643 0.5769100171684141 0.06290004350298624 0.017551114363184794
1 0.6128371064763546 0.521463993066113 0.06286367591180557 0.015988614363184793
1 0.5547934428167368 0.7796850383438487 0.0690773083206249 0.014462475799503239
1 0.30780280793937537 0.4376692134046672 0.09262391109416672 0.019286331185697492
1 0.5559253045209029 0.12353048711418468 0.0659523083206249 0.014444295081343927
2 0.5982875632577089 0.7018236587571576 0.06911367591180557 0.016024975799503238
1 0.5091685522397922 0.5981941438282388 0.07223867591180558 0.01604315651766246
1 0.4955470358066327 0.8519867643397436 0.07848867591180557 0.016079517953981083
1 0.49698355565826463 0.9137055143397437 0.08012391109416672 0.019213608313060605
1 0.5516535250730563 0.9468316317279903 0.07536367591180557 0.016061337235821684
1 0.5393678113578477 0.7545986799325923 0.06925914627652788 0.022274975799503237
1 0.3582821187285423 0.7941646530998169 0.09436824905006942 0.027107921544777015
2 0.7759437038346535 0.8840826886149952 0.04396820554708327 0.009629530054229462
