1 0.23592490622307477 0.2773224410658786 0.05005454215447767 0.011703787427387447
1 0.21144760187015282 0.36600179735218485 0.04694772287263691 0.01468323821317572
1 0.3343760417616942 0.28425099131354764 0.05476931323171659 0.016609611248705036
1 0.3725931383672898 0.14075785649119407 0.0547784035907962 0.018172111248705037
1 0.3129282886384363 0.35666964681406566 0.05942954215447767 0.012140435070022626
1 0.4210397287263694 0.14457636931147563 0.0719659035907961 0.018972631926869443
1 0.25370886650448404 0.6491439371369372 0.05317954215447766 0.011849336641598995
1 0.289854403001621 0.41807802770747776 0.05317954215447766 0.011849336641599173
0 0.3269519655459665 0.8876478190638067 0.05945681323171659 0.01682793507002245
1 0.35201858059652225 0.4975151246881591 0.0656977228726369 0.015556533498445902
1 0.2810884570599554 0.5223288800648426 0.05318863251355736 0.013411836641599173
1 0.3604214330558503 0.46510288502724134 0.05944772287263689 0.015265435070022626
1 0.3601134026088375 0.6806551104201355 0.05948408430895533 0.021515435070022626
1 0.31816016842151906 0.18196074524248904 0.05634999394987581 0.019807385855810898
2 0.3812964935570923 0.29424672952672337 0.07195681323171658 0.017410131926869445
1 0.46330449677854624 0.1598225337033338 0.07821590359079629 0.019263730355292896
1 0.4636373366466465 0.4855310090962279 0.07511817466803503 0.02380568114108108
1 0.3908896621750032 0.3321833771693585 0.06573408430895541 0.02180653349844599
1 0.47277754995311777 0.8483584948282044 0.0750999939498758 0.020680681141081438
1 0.4916658461146163 0.20175747663123925 0.07198408430895534 0.022097631926869442
1 0.5985743762670414 0.18564878721799047 0.09236021682251269 0.03398120181924558
1 0.7544077823919203 0.5240670860179174 0.10328862646343318 0.03292812406898662
2 0.20504254488495222 0.2048095862273144 0.05007272287263698 0.014828787427387446
