1 0.22156272321134346 0.41596975169804296 0.039307961850553144 0.016565738741233106
1 0.28366152840691905 0.2993644401624208 0.05021818831160267 0.015704145588778216
1 0.3303183400953163 0.2838605536729412 0.05644091477265238 0.014542163787375629
1 0.37686428327818294 0.1275814728589876 0.06597955600635438 0.02451794108527148
1 0.2907253749950571 0.7040519401624208 0.05342500892845372 0.020591904688076923
1 0.4273376160698986 0.19630239204503397 0.06296365016215581 0.03056768198597286
1 0.29181276785361215 0.49750155151347286 0.0532886412337021 0.012779404688076923
1 0.30332737175194147 0.17140012646733033 0.05655000892845372 0.02079216378737554
1 0.3593724147693571 0.46970841610372743 0.06274546185055305 0.018067681985972684
1 0.36308774999670473 0.45852059222960406 0.06274546185055305 0.018067681985972684
1 0.3273745722384088 0.24963574799741517 0.05345228246740401 0.022154404688076924
1 0.41513189650870774 0.12434704889257922 0.07527273538950344 0.020431218383167415
1 0.40137513392680607 0.23237959438907244 0.06899546185055314 0.018468200184570092
1 0.45742058238467853 0.2170561806016969 0.06913182954530477 0.026280700184570092
1 0.46876500567874757 0.41889928285345024 0.07214773538950343 0.0202309592838688
1 0.49372546427959446 0.8631103578073077 0.07532728246740401 0.023556218383167505
2 0.38298937256272036 0.29925621375968897 0.06899546185055297 0.018468200184570092
0 0.34378001135749514 0.8758477945736427 0.05964773538950343 0.01942992288667398
1 0.7372070884704632 0.4736521298634164 0.10339773538950343 0.02223355027685514
1 0.4383239346581547 0.10878260564783941 0.07376478246740419 0.023456088833518074
1 0.6117126160698986 0.1844871051864141 0.09106137662320535 0.030807513879660586
2 0.22056941882984216 0.17983199259874436 0.043940914772652384 0.013741127390180985
1 0.24786039610167068 0.30947991980435524 0.047093188311602675 0.01550388648947969
