1 0.321875 0.38984375 0.01328125 0.040625
1 0.3984375 0.3671875 0.01484375 0.0328125
1 0.2296875 0.44921875 0.0171875 0.04609375
1 0.2609375 0.4328125 0.0109375 0.0546875
1 0.196875 0.45078125 0.0140625 0.04296875
1 0.284375 0.4359375 0.01015625 0.0484375
1 0.3625 0.4046875 0.0140625 0.04375
1 0.45625 0.4140625 0.00859375 0.03984375
1 0.275 0.4546875 0.0109375 0.04765625
1 0.46875 0.4578125 0.0125 0.05078125
1 0.725 0.565625 0.0125 0.06796875
1 0.6546875 0.4265625 0.009375 0.0484375
1 0.734375 0.565625 0.0109375 0.06796875
1 0.403125 0.4734375 0.0140625 0.0546875
1 0.23125 0.5015625 0.009375 0.05546875
1 0.69609375 0.428125 0.015625 0.05
1 0.540625 0.475 0.01796875 0.05703125
1 0.58046875 0.559375 0.01328125 0.0703125
0 0.18671875 0.36875 0.01640625 0.04296875
1 0.2296875 0.434375 0.01796875 0.0390625
1 0.27734375 0.4109375 0.0125 0.04296875
1 0.45625 0.3921875 0.01328125 0.0375
2 0.778125 0.3171875 0.0078125 0.03359375
