1 0.6169635216545839 0.5824821199021543 0.0329579703647223 0.008736382573423462
1 0.6051681172099309 0.3783274161678879 0.03466594072944442 0.015104781743586492
1 0.5699995623077784 0.6830866937622895 0.04549433795590278 0.011246075934727706
2 0.5637833170574311 0.5505109921026156 0.04247844072944442 0.015696777594401645
1 0.6134196411456255 0.5310972186573988 0.031468205547083274 0.011742983403260432
0 0.6168290497712502 0.20683092446625767 0.031468205547083274 0.011742983403260432
1 0.556148735751042 0.3569977904429416 0.04095230832062509 0.017140878424238615
1 0.4876156348773614 0.30427645475995163 0.05043641109416654 0.0225387734452168
1 0.5650042442035076 0.7374665404429417 0.047056837955902785 0.011364475104890737
2 0.40550903685347234 0.17275561285318436 0.06304551386770836 0.028173466806520952
1 0.555895469033542 0.4133661896131047 0.0440409407294446 0.015815176764564676
1 0.4972484740675352 0.48276830766438106 0.05334320554708327 0.013400571785542858
1 0.5199378256068059 0.31434927177160965 0.05032730832062491 0.0178512734452168
1 0.5147113438429173 0.6277964651329139 0.053452308320624906 0.01808807178554268
1 0.4943410264042365 0.45872715641962564 0.047093205547083274 0.012926975104890737
1 0.449898735751042 0.36504893401402727 0.05654094072944442 0.016762370125868918
1 0.5033010651575699 0.608312759324055 0.05032730832062491 0.0178512734452168
1 0.5143444018792017 0.4439067172075063 0.053379573138263935 0.014963071785542681
1 0.38500631325770895 0.6704952958415265 0.0690773083206249 0.019272063487172985
1 0.43224760201104234 0.8171801190769618 0.061228440729444424 0.01711756763635819
1 0.3827158082237158 0.605710745426608 0.06911367591180557 0.020834563487172986
1 0.5683220806407989 0.37564104666671894 0.037790940729444424 0.015341580083912554
1 0.5977004561157642 0.3601102124336215 0.03466594072944442 0.015104781743586492
2 0.6806474279990979 0.7294862518508778 0.0298329703647223 0.008499584233097402
