1 0.5169270833333334 0.29907407407407405 0.011979166666666667 0.03148148148148148
2 0.2859947916666667 0.2883703703703704 0.009375 0.03621296296296296
1 0.4192708333333333 0.3106481481481482 0.009375 0.028703703703703703
1 0.39166666666666666 0.31574074074074077 0.015625 0.03333333333333333
2 0.4796875 0.3578703703703704 0.008333333333333333 0.041666666666666664
1 0.5739583333333333 0.3236111111111111 0.009375 0.03796296296296296
1 0.40078125 0.3347222222222222 0.011979166666666667 0.03981481481481482
1 0.43645833333333334 0.37222222222222223 0.0125 0.046296296296296294
1 0.5932291666666667 0.32314814814814813 0.008333333333333333 0.040740740740740744
1 0.30625 0.35138888888888886 0.010416666666666666 0.04537037037037037
1 0.51953125 0.3662037037037037 0.009895833333333333 0.04351851851851852
0 0.98125 0.3685185185185185 0.010416666666666666 0.05
1 0.18984375 0.36157407407407405 0.009895833333333333 0.04722222222222222
1 0.20520833333333333 0.4305555555555556 0.015625 0.05555555555555555
1 0.6466145833333333 0.44814814814814813 0.011979166666666667 0.05925925925925926
1 0.43203125 0.4050925925925926 0.011979166666666667 0.05092592592592592
1 0.41380208333333335 0.4166666666666667 0.0140625 0.05555555555555555
1 0.6854166666666667 0.425 0.011458333333333333 0.05925925925925926
1 0.6713541666666667 0.5078703703703704 0.017708333333333333 0.062037037037037036
1 0.27317708333333335 0.5935185185185186 0.019270833333333334 0.07962962962962963
1 0.8302083333333333 0.6935185185185185 0.020833333333333332 0.0962962962962963
1 0.39951562500000004 0.314962962962963 0.010843750000000001 0.0342962962962963
1 0.49084374999999997 0.2965740740740741 0.010692708333333334 0.03529629629629629
2 0.8730781249999999 0.7690925925925925 0.0306875 0.10857407407407407
