1 0.3616078423772624 0.552575169640621 0.03986353639719455 0.013181838473758489
1 0.3624787299464762 0.5783427828711459 0.03986353639719455 0.013181838473758489
2 0.38984346390734725 0.5304371168806775 0.04455103639719464 0.013263659090609536
1 0.393656483647104 0.6873592727248761 0.04591327729789594 0.010165932629560004
1 0.4756049953672963 0.8214536290555422 0.05528827729789594 0.010329573863261743
1 0.383685496603914 0.43434336688067754 0.04435077729789594 0.010138659090609537
1 0.3801204056109276 0.40306609334172716 0.04747577729789594 0.010193206168510294
1 0.4141272748246606 0.7876047345754292 0.04747577729789594 0.010193206168510115
0 0.36460272054263576 0.039139961036478876 0.050801036397194556 0.013372753246410874
1 0.41963919031007907 0.6300649699649326 0.050700906847545156 0.011810253246410874
1 0.42947766039128954 0.4913297524323367 0.04913840684754529 0.011782979707460584
1 0.46158566085271485 0.6635729452081662 0.05382590684754529 0.011864800324311631
1 0.4429022054263575 0.33548885551659174 0.06017603639719447 0.013536394480112967
1 0.47628970850867647 0.6372968173671449 0.06017603639719447 0.01353639448011279
1 0.6593000724806222 0.7653514537295829 0.08381379549649318 0.017070497564368025
1 0.49011716686969453 0.36596728814615165 0.06662629549649317 0.016770488635914304
1 0.5524984484865272 0.29214005032101625 0.06662629549649317 0.016770488635914304
1 0.7126163232558145 0.2090935454497523 0.09993944324473994 0.025155732953871367
2 0.753383420727206 0.11459925161826252 0.10220285009228505 0.03612050649282176
2 0.3357927213086029 0.7464382179363378 0.03653827729789594 0.010002291395857909
1 0.35873077112403273 0.6781655048679687 0.03507590684754529 0.011537517856907441
1 0.35639751310446827 0.6539331180984935 0.03850129549649317 0.0162795649348082
1 0.31808957741786764 0.4823620811668626 0.03830103639719464 0.0131545649348082
1 0.33242338525286197 0.4381308400953163 0.03830103639719464 0.0131545649348082
