1 0.3437595805094118 0.48968168617910823 0.033413277297895935 0.009565897540672098
2 0.3890325077150226 0.5149543969514967 0.03810077729789594 0.009593168617910663
1 0.3549986667220363 0.5460180445903646 0.03966327729789594 0.009602258976990541
1 0.4431342265596154 0.26830211074894744 0.049238536397194464 0.012781801131468207
1 0.41538995836101816 0.2743930294650541 0.04757590684754516 0.011210210772388507
1 0.3970218877260973 0.34149871623333755 0.04435077729789594 0.009629530054229285
1 0.4372044016057579 0.25107370413308916 0.04757590684754511 0.011210210772388507
1 0.3927025185123643 0.7259918909013725 0.04747577729789594 0.009647710772388508
1 0.3850830922296041 0.35706008371978026 0.04435077729789594 0.009629530054229285
1 0.3822201056478394 0.43832371925839964 0.04132590684754529 0.011173849336070064
1 0.3881361320228847 0.7728578005422929 0.04737564774824658 0.008085210772388506
1 0.4440728562661482 0.6317242613146815 0.05382590684754511 0.01124657220870695
1 0.45723989204503396 0.42625551131468153 0.049238536397194645 0.01278180113146803
1 0.43677029843115395 0.5871339239806639 0.05060077729789594 0.009665891490547907
1 0.45613846699889143 0.44344301131468156 0.050801036397194646 0.012790891490547907
1 0.44536165330380095 0.4652634691602038 0.04495155459579188 0.019004530054229286
2 0.557382900987449 0.05873218890958276 0.05921431369509058 0.022211343285945852
1 0.5031717581764481 0.34367936065075155 0.05538840684754511 0.01125566256778665
1 0.5239141432816516 0.8127247973208391 0.06390181369509058 0.022238614363184795
1 0.5600704912144684 0.7363441045024315 0.07287629549649317 0.01604315651766246
1 0.540737105186414 0.6111850232185383 0.06682655459579187 0.019131795081343838
0 0.36073153917497175 0.22483793617910824 0.042988536397194556 0.012745439695149763
1 0.4198166425064593 0.25409871018321334 0.04435077729789594 0.009629530054229285
2 0.27898237508305435 0.817552156124879 0.03507590684754529 0.011137487899751618
