1 0.5171875 0.27211410165205213 0.0125 0.03190509724103805
2 0.2859375 0.2732959006112554 0.009375 0.03799132293077854
1 0.41875 0.2889917424252265 0.009375 0.028616322930778537
1 0.3921875 0.29507132406243225 0.015625 0.035193871551297565
2 0.4796875 0.3326731433751662 0.009375 0.041116322930778534
1 0.5734375 0.2933849140673811 0.009375 0.03799132293077854
1 0.40078125 0.31337094470921867 0.0125 0.04128009724103805
1 0.4359375 0.34902848371879924 0.0125 0.04753009724103805
1 0.59375 0.2923203810506943 0.009375 0.041116322930778534
1 0.30625 0.33551261759456863 0.009375 0.04580382293077854
1 0.51953125 0.3383975209193575 0.009375 0.04424132293077854
0 0.98125 0.3173248665785159 0.0109375 0.050573210085908295
1 0.18984375 0.35176946065173514 0.009375 0.04736632293077854
1 0.2046875 0.41974153267800246 0.015625 0.05706887155129756
1 0.646875 0.4145362177762827 0.0125 0.06003009724103805
1 0.43203125 0.38204570160662354 0.0125 0.05065509724103805
1 0.4140625 0.39548740389061576 0.0140625 0.056986984396167804
1 0.6859375 0.3890515388980389 0.0125 0.06003009724103805
1 0.671875 0.4726010232942067 0.01875 0.06348264586155708
1 0.2734375 0.5794197478522933 0.01875 0.08067014586155707
1 0.8296875 0.6502679206261017 0.021875 0.09802142017181659
1 0.4 0.2938806382867835 0.0109375 0.034948210085908295
1 0.490625 0.2711624332892579 0.0109375 0.034948210085908295
2 0.8734375 0.7229750802824688 0.03125 0.11101274310259512
