2 0.7274094523626047 0.32837144509044114 0.008343121018452493 0.036338018198597236
1 0.4339324681476203 0.31423458975636875 0.011377115756780753 0.03497577729789594
1 0.4767870970585806 0.35511920804725106 0.0119231473268119 0.04435077729789594
1 0.6185041601986427 0.38288086751569 0.00843412628012441 0.03790051819859732
1 0.6584620312876824 0.3473031153562217 0.011377115756780753 0.03497577729789594
1 0.6161372943712748 0.422424228866742 0.012287168373499214 0.05060077729789594
1 0.5228885523343698 0.3448418445367307 0.011377115756780753 0.03497577729789594
1 0.37932056285771354 0.33875492596899315 0.01155912628012441 0.03810077729789594
1 0.47323716282947864 0.3743500693983031 0.015048147326811723 0.04455103639719464
1 0.7449679496611816 0.4026600462624604 0.012105157850155378 0.04747577729789594
2 0.5054882207078689 0.39354016039128953 0.0119231473268119 0.04435077729789594
1 0.376983789109603 0.40554190777039584 0.012196163111827297 0.049038277297895935
1 0.47971394695975855 0.4588251989479525 0.01403167889684287 0.05382590684754529
1 0.34527876280124375 0.39572681677740945 0.015412168373499213 0.050801036397194556
1 0.32268967321164804 0.5156993553340723 0.013379231513561329 0.06935077729789593
1 0.6376020416698518 0.4969631539128846 0.0160492052052021 0.06173853639719447
1 0.6649689074972196 0.4590218653562216 0.018810184158514785 0.05568879549649317
2 0.11454105717251864 0.7638808297342194 0.04387036831702944 0.11177810919158375
1 0.20712339932236318 0.723113732262828 0.02604583148532651 0.09973918414544122
1 0.27840061789350645 0.570457904069768 0.016686242036905073 0.07267603639719447
1 0.29657522326811775 0.45487247686415716 0.019356215728545755 0.06506379549649317
1 0.8343636496047118 0.467542171493173 0.014213689420186526 0.05695090684754529
1 0.8080194994353027 0.6433141270764139 0.02513577886860787 0.08411418414544122
