1 0.35513589718734984 0.5137225544788164 0.033194501977166356 0.011669473516896466
2 0.4009922252482395 0.5420003737886685 0.03788200197716631 0.011997255447881727
1 0.3676876353243518 0.5710105305936028 0.039444501977166355 0.012106516091543363
1 0.44933286064695344 0.29780225955838097 0.04894683596955503 0.015887079953513794
1 0.4217344426621759 0.3021401982943006 0.04732066897336078 0.01421531930985207
1 0.4049342618258171 0.368344352501345 0.04413200197716631 0.012434298022528623
1 0.44300194760509176 0.28012308666190316 0.047320668973360826 0.01421531930985207
1 0.4095846807619967 0.7541397408689475 0.047257001977166445 0.012652819309851893
1 0.39336009186387316 0.38320452799571286 0.04413200197716627 0.012434298022528623
1 0.3923931580617648 0.46461841896120537 0.04107066897336065 0.013778276735204997
1 0.406112170876165 0.8009054802252858 0.04719333498097189 0.011090319309852159
1 0.4587490340317574 0.6627770495351378 0.053570668973360824 0.014652361884498966
1 0.46712124403132 0.45730829953513796 0.04894683596955503 0.015887079953513704
1 0.4504072934232976 0.6175356053513366 0.05038200197716627 0.012871340597175518
1 0.4664209070731816 0.4744957995351379 0.05050933596955502 0.01599634059717552
1 0.4561545691264601 0.49571523567316744 0.04451400395433271 0.021809298022528623
2 0.5586773216350991 0.09469332107456288 0.058703837946721474 0.02591764381548418
1 0.5111205948296227 0.37733657627034295 0.055133168973360826 0.014761622528160778
1 0.5428017459713053 0.8496375471893494 0.06339133794672147 0.02624542574646931
1 0.5771714287848304 0.775260260062584 0.07251166996194378 0.020650989608439828
1 0.5549210384803817 0.6483481987985037 0.06638900395433271 0.023338947033792933
0 0.36592745304229923 0.24887880447881638 0.04269683596955511 0.01545003737886681
1 0.425687113612703 0.28204621958162407 0.04413200197716627 0.012434298022528623
2 0.29801582798652765 0.838788256456288 0.03482066897336074 0.013341234160558458
