2 0.29740773209735916 0.7340234734092921 0.006668170671545237 0.03630152104668731
1 0.5911031880967228 0.7464449626035996 0.009774989337999784 0.034921031570031145
1 0.5500327454248595 0.7057975758001316 0.009884077339272324 0.04429603157003115
1 0.40918956942231405 0.6788571022496652 0.006686352005090513 0.03786402104668731
1 0.3674475120941775 0.7146812101845252 0.009774989337999784 0.034921031570031145
1 0.4134134454169052 0.6392863680346808 0.009956802673454135 0.050546031570031145
1 0.5033122867599957 0.7163486679499762 0.009774989337999784 0.034921031570031145
1 0.6470259240929048 0.7215961520237862 0.00981135200509069 0.03804603157003115
1 0.5544929787555414 0.6865393415851472 0.013009077339272502 0.0444780420933748
1 0.28327195942072325 0.6598124286850814 0.009920440006363407 0.04742103157003115
2 0.5230429840865415 0.6675317363517103 0.0098840773392725 0.04429603157003115
1 0.6524941267504507 0.6547726730704737 0.009938621339908771 0.048983531570031144
1 0.5519486867440874 0.6020733363234754 0.01155566534054504 0.053762036831702886
1 0.683835033418178 0.6644052783039107 0.013081802673454134 0.0507280420933748
1 0.7121043894016332 0.5442593782756757 0.010174978675999568 0.06929603157003114
1 0.3953714227402693 0.5648478101562905 0.013209072008272305 0.061665542093374624
1 0.3661475467456782 0.6029624601845253 0.01626134667409058 0.05559755261671846
2 0.9324874253659985 0.2947731306947502 0.03877269334818116 0.1115591262801244
1 0.8377203653723619 0.3360968097327674 0.021457924013363085 0.09962056840173403
1 0.7590879300604517 0.4892225387566672 0.013336341343090474 0.0726030420933748
1 0.7354515300763602 0.6049539545699176 0.0163704346753633 0.06497255261671846
1 0.19664356874599634 0.5954321392931297 0.011592028007636035 0.05688703683170289
1 0.23128964672181565 0.4194457629424181 0.021276110677908557 0.08399556840173403
