1 0.6803930445903645 0.36616310318840856 0.012736349336070063 0.04106150961864685
1 0.6036987343837101 0.3461804746026205 0.01581589754067192 0.033358137023308566
1 0.7729259782353901 0.422318844750888 0.017460210772388508 0.04747520072563947
1 0.7415805294650542 0.40700386879750516 0.01125566256778665 0.05506944591631604
1 0.8057475685944697 0.4227355070019401 0.014317030054229463 0.04424107332097762
1 0.7181612101832133 0.410947324332468 0.009656801131468029 0.04876488221398514
1 0.639854403001621 0.3824255094490108 0.014317030054229286 0.0442410733209778
1 0.5461589451560986 0.3950743315888622 0.009611349336070062 0.04095238221398514
1 0.7276452944921687 0.42936994211848295 0.011210210772388507 0.04725694591631609
1 0.533913475210328 0.4392608412075091 0.01279089149054773 0.05043650961864685
1 0.2782907099868216 0.5560217883897693 0.012899975799503149 0.06918650961864685
1 0.34779416802873564 0.4145039217848809 0.009656801131468207 0.04876488221398514
1 0.2689157099868216 0.5563491706037546 0.011337475799503149 0.06913194591631608
1 0.5996293788011242 0.45259416570961297 0.01438066256778665 0.05517857332097762
1 0.7716680052645574 0.47471715845321893 0.00970225292686635 0.05657738221398514
1 0.30639700838781525 0.41751235989664853 0.01591589149054773 0.05054563702330857
1 0.4621384691602038 0.45895827151472834 0.019077252926866173 0.05690476442797028
1 0.42278559855050313 0.5447246459241653 0.01290906615858276 0.07074900961864686
0 0.8154265747427896 0.34034959293678957 0.015879530054229464 0.04429563702330856
1 0.7728396198241338 0.4074750947508881 0.01897725897699054 0.03971726442797028
1 0.7250470144379395 0.38570178767197916 0.012754530054229284 0.044186509618646855
1 0.5460316801289841 0.37319933158886215 0.01271816861791084 0.03793650961864685
2 0.2237203428931624 0.3094394542690185 0.008012487899751619 0.034647818511654285
