1 0.509761719619785 0.31710097207190574 0.011577850092285047 0.034484088001272714
1 0.5721813764673304 0.30688163474695085 0.009714961443337167 0.029778406667727176
1 0.4311558582687331 0.31149531472786085 0.014702850092285048 0.03452045066836353
1 0.49227383097083716 0.32158847740290586 0.011477720542635694 0.03292158800127272
2 0.5069080274547794 0.36163222207190576 0.015103368290882458 0.04077045066836362
1 0.4705199444813575 0.36824530140036055 0.016665868290882457 0.040788632001908985
1 0.65555747609819 0.4454543334261321 0.022254534237726276 0.054905676002545256
1 0.4554351650239933 0.3352328067313607 0.016265350092285046 0.034538632001908987
1 0.7024603593484672 0.33576170743154093 0.0163654796419344 0.03610113200190899
1 0.3194580922296041 0.3586692120464524 0.018128238741233017 0.03924431333545453
1 0.26331871375968896 0.38068911537236183 0.01852875693983034 0.04549431333545444
1 0.566333092229604 0.3615418627466327 0.011778109191583752 0.03760908800127272
1 0.2733841286267987 0.3456237720400891 0.018428627390180984 0.04393181333545444
0 0.05343257403100682 0.3618283853437268 0.021653756939830314 0.045530676002545345
1 0.26976087600590504 0.47536581604072536 0.025079145588778308 0.05025453866963616
1 0.35609769664082586 0.4091328360518613 0.02195414558877822 0.05021817600254539
1 0.43816851943521495 0.3850691747294516 0.018428627390180984 0.043931813335454525
1 0.755377003396086 0.43723384810626786 0.020992422886674154 0.05957499466899989
2 0.9299440977851585 0.8364360588000848 0.040983550276855144 0.10352498933799978
1 0.704457248615724 0.52420658943345 0.028204145588778217 0.05029090133672724
1 0.7318639504983372 0.6699463507717679 0.03695738433001132 0.08942612667090888
2 0.3633268106127715 0.28412374538508856 0.013340609191583752 0.03762726933481808
1 0.47031848781838237 0.3103873480664969 0.017827850092285047 0.03455681333545444
1 0.6765487014211878 0.3252963747612684 0.01354086829088228 0.040752269334818084
