1 0.41064241115474365 0.371875 0.03303075480932342 0.00625
1 0.4248215061600858 0.5765625 0.03481150961864685 0.0125
1 0.45647821161023056 0.275 0.04558531851165419 0.0078125
2 0.46424112630835335 0.4078125 0.04262400961864685 0.0125
1 0.4147867633316619 0.4234375 0.031577382213985136 0.009375
0 0.41514394971414903 0.746875 0.031577382213985136 0.009375
1 0.4741320253973795 0.6015625 0.04111607332097762 0.0140625
1 0.5433383823836212 0.659375 0.050654764427970275 0.01875
1 0.4608457638798161 0.22109375 0.04714781851165419 0.0078125
2 0.6270462381887365 0.796875 0.06331845553496293 0.0234375
1 0.47373023211346865 0.5453125 0.044186509618646855 0.0125
1 0.5316220884667382 0.48046875 0.05345238221398514 0.009375
1 0.5108706227649742 0.646875 0.05049107332097762 0.0140625
1 0.5124578822988031 0.334375 0.05361607332097762 0.0140625
1 0.5348115758528664 0.5046875 0.047202382213985136 0.009375
1 0.5803820253973795 0.6015625 0.05668650961864685 0.0125
1 0.5241047104291043 0.3546875 0.05049107332097762 0.0140625
1 0.5149628673226787 0.51796875 0.053506945916315905 0.0109375
1 0.6417807945498553 0.3015625 0.06924107332097762 0.0140625
1 0.592792679126093 0.1515625 0.06137400961864685 0.0125
1 0.6448264381965857 0.36640625 0.06929563702330857 0.015625
1 0.4617312291182438 0.58203125 0.03793650961864685 0.0125
1 0.4325075205880561 0.5953125 0.03481150961864685 0.0125
2 0.3451934820286507 0.2203125 0.029905754809323427 0.00625
