1 0.5125 0.375 0.009375 0.0328125
2 0.4875 0.421875 0.00859375 0.0375
1 0.45625 0.38984375 0.009375 0.0390625
1 0.734375 0.46015625 0.01171875 0.0484375
1 0.728125 0.4328125 0.0109375 0.046875
1 0.6609375 0.41875 0.009375 0.04375
1 0.7515625 0.453125 0.01171875 0.046875
1 0.2765625 0.4390625 0.01015625 0.046875
1 0.6453125 0.4078125 0.009375 0.04296875
1 0.5640625 0.41015625 0.0109375 0.040625
1 0.2296875 0.4375 0.0078125 0.046875
1 0.37109375 0.484375 0.0109375 0.053125
1 0.5765625 0.484375 0.0125 0.0484375
1 0.415625 0.47421875 0.009375 0.05
1 0.559375 0.484375 0.0125 0.04921875
1 0.5375 0.475 0.01796875 0.04296875
2 0.94453125 0.5609375 0.02265625 0.0578125
1 0.659375 0.525 0.01171875 0.0546875
1 0.190625 0.57578125 0.021875 0.06328125
1 0.2671875 0.60703125 0.015625 0.071875
1 0.3921875 0.5796875 0.01875 0.06484375
0 0.77734375 0.375 0.01171875 0.0421875
1 0.7484375 0.4359375 0.01015625 0.04296875
2 0.184375 0.33125 0.0109375 0.03359375
