1 0.6515625 0.6491571690663988 0.00625 0.028635183030538157
1 0.496875 0.6641279490722177 0.009375 0.038265274545807235
1 0.4328125 0.5779510751352337 0.009375 0.05076527454580724
1 0.3765625 0.6716052224100769 0.0078125 0.03345022878817261
2 0.5515625 0.597945097555009 0.00625 0.04426018303053816
1 0.45625 0.6033816387707157 0.0078125 0.045950228788172606
1 0.609375 0.6283821545225312 0.009375 0.04451527454580706
1 0.290625 0.6434639890799765 0.009375 0.046077774545807235
1 0.4421875 0.6342170505894265 0.00625 0.04426018303053816
1 0.578125 0.5660893196752219 0.009375 0.04607777454580706
1 0.6875 0.5735673666408044 0.0078125 0.04907522878817261
1 0.72578125 0.5805987455787583 0.0078125 0.05063772878817261
1 0.7484375 0.5295305820930576 0.009375 0.05701527454580724
1 0.425 0.5637450539234063 0.015625 0.0512754575763454
1 0.225 0.591008410900627 0.009375 0.053890274545807235
1 0.7328125 0.437056039669403 0.0140625 0.07146041181871077
1 0.2234375 0.47629220665826144 0.0125 0.06352036606107632
1 0.7046875 0.25732061330682454 0.0296875 0.09617336939505616
2 0.3171875 0.6944207112001893 0.009375 0.03514027454580724
1 0.57890625 0.6722755467964047 0.009375 0.04139027454580724
