1 0.4828125 0.29921875 0.0125 0.03125
2 0.7140625 0.28828125 0.009375 0.03671875
1 0.58125 0.3109375 0.009375 0.02890625
1 0.6078125 0.315625 0.015625 0.03359375
2 0.5203125 0.3578125 0.00859375 0.04140625
1 0.4265625 0.3234375 0.009375 0.0375
1 0.59921875 0.334375 0.0125 0.03984375
1 0.5640625 0.371875 0.0125 0.046875
1 0.40625 0.3234375 0.00859375 0.040625
1 0.69375 0.3515625 0.0109375 0.0453125
1 0.48046875 0.365625 0.01015625 0.04375
0 0.01875 0.36875 0.0109375 0.05
1 0.81015625 0.36171875 0.01015625 0.046875
1 0.7953125 0.43046875 0.015625 0.05546875
1 0.353125 0.4484375 0.0125 0.059375
1 0.56796875 0.4046875 0.0125 0.05078125
1 0.5859375 0.4171875 0.0140625 0.05546875
1 0.3140625 0.425 0.01171875 0.059375
1 0.328125 0.5078125 0.01796875 0.0625
1 0.7265625 0.59375 0.01875 0.0796875
1 0.1703125 0.69375 0.02109375 0.096875
1 0.6 0.31484375 0.0109375 0.034375
1 0.509375 0.296875 0.01015625 0.03515625
2 0.1265625 0.76875 0.03125 0.10859375
