1 0.39486410281265016 0.4744047114405946 0.033194501977166266 0.010520837748947898
2 0.4427577747517605 0.4977678003706689 0.03788200197716627 0.010684528855940557
1 0.4119998646756482 0.5301363562684515 0.03944450197716631 0.010739092558271324
1 0.4709796393530466 0.249555989663563 0.04894683596955503 0.014191474772256463
1 0.4438905573378241 0.2567608544543529 0.047320668973360826 0.012574411069925694
1 0.43256573817418287 0.32443942777533064 0.04413200197716627 0.010902783665263982
1 0.46324805239490824 0.2326140263240518 0.047320668973360826 0.012574411069925694
1 0.46854031923800327 0.7081050996450295 0.04725700197716627 0.011011911069925695
1 0.4222649081361268 0.34044637369164665 0.04413200197716627 0.010902783665263982
1 0.4279193419382352 0.42161452813815037 0.04107066897336083 0.012356156260602092
1 0.468887829123835 0.7550346633473604 0.04719333498097207 0.009449411069925695
1 0.5100009659682426 0.6119915022774347 0.053570668973360824 0.012792665879249121
1 0.5016287559686801 0.4065227522774347 0.04894683596955503 0.014191474772256596
1 0.4980302065767024 0.5678149163425853 0.05038200197716627 0.011121038474587407
1 0.5023290929268184 0.42371025227743464 0.05050933596955502 0.014246038474587408
1 0.49384543087353994 0.4459126344914198 0.04451400395433271 0.020277783665263983
2 0.5631976783649009 0.035880380863222754 0.058703837946721474 0.02389385698624167
1 0.5388794051703772 0.32229159601683244 0.055133168973360826 0.012847229581579977
1 0.6087607540286948 0.7892682756910796 0.06339133794672147 0.02405754809323426
1 0.6368910712151695 0.7116145016444625 0.07251166996194378 0.018134930307219223
1 0.6044539615196183 0.5875693664352525 0.06638900395433271 0.021041675497895974
0 0.38407254695770077 0.2095609614405946 0.04269683596955511 0.013973219962933037
1 0.446187886387297 0.2363392270496912 0.04413200197716627 0.010902783665263982
2 0.36448417201347233 0.8040574951058586 0.03482066897336074 0.012137901451278665
