1 0.6515625 0.29765625 0.00703125 0.02734375
1 0.496875 0.2953125 0.009375 0.0375
1 0.4328125 0.38671875 0.01015625 0.04921875
1 0.3765625 0.29765625 0.0078125 0.0328125
2 0.5515625 0.35703125 0.00625 0.04296875
1 0.45625 0.359375 0.0078125 0.0453125
1 0.609375 0.321875 0.009375 0.04296875
1 0.290625 0.3328125 0.009375 0.0453125
1 0.4421875 0.3296875 0.00703125 0.04375
1 0.578125 0.38671875 0.009375 0.0453125
1 0.6875 0.3703125 0.00703125 0.0484375
1 0.72578125 0.36015625 0.0078125 0.05
1 0.7484375 0.409375 0.01015625 0.05703125
1 0.425 0.4015625 0.01484375 0.05078125
1 0.225 0.390625 0.01015625 0.053125
1 0.7328125 0.503125 0.01484375 0.0703125
1 0.2234375 0.50546875 0.0125 0.06328125
1 0.7046875 0.68515625 0.0296875 0.09296875
2 0.3171875 0.2796875 0.01015625 0.03359375
1 0.57890625 0.28046875 0.009375 0.03984375
