1 0.5913797873419633 0.5965575016974807 0.032921594155801336 0.007969630257724703
1 0.5879213709444578 0.39223849389556453 0.03459318831160267 0.014301517412854547
1 0.5404700779270423 0.6960119470840679 0.04544886769475163 0.010187227498762752
2 0.5396633287378212 0.5633632213943274 0.04240568831160267 0.01471095318850324
1 0.5899360641273246 0.5451178324301752 0.03141364123370209 0.011012743102595124
0 0.6065191866900449 0.22110712234426702 0.03141364123370209 0.011012743102595035
1 0.5399202475676633 0.36977699570458683 0.04087046185055314 0.016191566033373572
1 0.4737418685088259 0.31548564337516616 0.05032728246740401 0.02137038896415202
1 0.5332791408332556 0.7502457457045868 0.04701136769475163 0.010269114653892509
2 0.39723568993645586 0.18212094470921864 0.06290910308425506 0.02671298620519007
1 0.5373759001654511 0.4261088828597166 0.04396818831160267 0.014792840343632995
1 0.47608779829901204 0.494105288332212 0.0532886412337021 0.012159163274411532
1 0.5055549301972231 0.32630695669500626 0.05024546185055314 0.016682888964152022
1 0.4876002224071552 0.6394620539360443 0.05337046185055314 0.01684666327441171
1 0.4741667881527422 0.47000936906490665 0.04703864123370209 0.011831614653892509
1 0.4336702475676633 0.37534532225341 0.05646818831160268 0.015447937584671046
1 0.4770172784135095 0.6197227640219525 0.05024546185055314 0.016682888964152022
1 0.4947111132338201 0.45566358604821994 0.053315914772652385 0.01372166327441171
1 0.35655872808919803 0.6791121313893786 0.06899546185055305 0.017665534825708918
1 0.3976904683499654 0.8268192910457455 0.061155688311602764 0.015693599050060313
1 0.3569093299556371 0.6143093249669433 0.06902273538950343 0.019228034825708916
1 0.551298078330784 0.3886940920411137 0.037718188311602674 0.01446529172311406
1 0.581217403411862 0.3738569860936484 0.03459318831160267 0.014301517412854547
2 0.6488905040637803 0.7449673462249852 0.029796594155801336 0.00780585594746519
