2 0.7378736685133199 0.7568969632890383 0.03611935642649069 0.0085529796419344
1 0.7246389164682558 0.4628465746400904 0.034647784639735946 0.011577850092285047
1 0.6875397332404456 0.5010184006736821 0.04402278463973612 0.012178627390180986
1 0.6728815028364868 0.6404418460778902 0.03768185642649069 0.008653109191583751
1 0.7123902837152992 0.6850825200442985 0.034647784639736126 0.011577850092285047
1 0.6329013605166188 0.6332010425618325 0.050272784639736126 0.012579145588778217
1 0.702184906439126 0.5487445018457013 0.034647784639736126 0.011577850092285047
1 0.6948772086298394 0.4047942427464026 0.03777278463973612 0.011778109191583707
1 0.6678720909205775 0.4950792813030655 0.04411371285298138 0.015303627390180985
1 0.6648226134196127 0.7654721244555203 0.04714778463973594 0.01237888648947969
2 0.6515938730530312 0.525227856256923 0.04402278463973595 0.012178627390180986
1 0.6275078522033486 0.39423867211148184 0.048710284639736125 0.012479016039128866
1 0.5835425550272002 0.49123478562200223 0.05344324874635884 0.014341904688076923
1 0.6344110700708949 0.36348931985972843 0.05036371285298138 0.015704145588778216
1 0.5116722520450641 0.3259917149870814 0.06902278463973595 0.013780700184570093
1 0.5599639656894683 0.6456824537283145 0.06130121285298138 0.01640505243632351
1 0.6006715337152992 0.6779232572443721 0.055142141066226814 0.019129534237726276
2 0.24267088479802065 0.08573245064599545 0.11046613855894431 0.04450906847545248
1 0.29231919530200423 0.1840488371354751 0.09902853338609488 0.026620661627907216
1 0.45247309679307224 0.2746306716500565 0.07223871285298138 0.0171059592838688
1 0.5703880224990352 0.3071403878737556 0.06451714106622682 0.019730311535622214
1 0.6079481392838602 0.8476047015688462 0.056568248746358664 0.014542163787375629
1 0.4287547327782272 0.7994711829088235 0.08340353338609478 0.025619366131413912
