1 0.32936282079180434 0.2956290999252452 0.008052331893687814 0.028161361436318443
1 0.4842005151162783 0.2923854043763631 0.011778109191583752 0.03755454215447766
1 0.5424054364617931 0.3834189496540988 0.012579145588778217 0.05005454215447776
1 0.6043628207918044 0.29402919672723254 0.009915220542635694 0.032857951795398146
2 0.4255578979051301 0.3544223169441497 0.009053627390180985 0.04378636143631844
1 0.5207202035806562 0.356211555040293 0.01071625693983016 0.045357951795398053
1 0.3699983127722398 0.31960241023009556 0.012178627390180986 0.04380454215447767
1 0.6880474059246946 0.32868547697785355 0.01227875693983016 0.04536704215447766
1 0.5366851650239932 0.3264422418085765 0.009053627390180985 0.04378636143631844
1 0.39709293646179306 0.38426435304850326 0.012278756939830337 0.04536704215447766
1 0.2887692967331109 0.36849442818407646 0.010916516039128955 0.048482951795398146
1 0.2511388888058315 0.3585608919815271 0.011016645588778217 0.05004545179539814
1 0.22532855799187787 0.4079114521881816 0.012979663787375539 0.056304542154477666
1 0.5492667057401245 0.39821724785870066 0.01882914558877822 0.05009090359079611
1 0.7499676125876698 0.38611618189650965 0.012779404688076923 0.05317954215447775
1 0.23494578501291857 0.5015705485973854 0.018568329734219447 0.07039431323171659
1 0.7441705906884446 0.5009508415374301 0.01650518198597286 0.06257272287263689
1 0.2514056924787727 0.6834381721339522 0.03569527297895929 0.0939227168225127
2 0.6648893106127716 0.2757150130822071 0.011577850092285047 0.03442954215447767
1 0.4031204958379469 0.27801889822804304 0.011978368290882413 0.040679542154477666
