2 0.7401606512532257 0.7710591224241758 0.007714340912471052 0.03641109668065212
1 0.44621965026464244 0.7441125784335274 0.010775673916276674 0.03508539502097818
1 0.48528480885787995 0.708909706857766 0.011157675893442942 0.044460395020978184
1 0.6251458049035472 0.7008156321724381 0.009340507908665429 0.03809199585081515
1 0.6688931463103098 0.7422936597668398 0.009213173916276674 0.034966995850815155
1 0.6188347965005903 0.6606166846619491 0.011412343878220455 0.05071039502097818
1 0.5327009783255322 0.7257429319626567 0.010775673916276674 0.03508539502097818
1 0.3888236443331435 0.7117252083076585 0.01246550790866543 0.03832879419114121
1 0.47980147140545004 0.6890232593472769 0.014282675893442943 0.04469719336130425
1 0.7504495524320893 0.6986280153705616 0.011285009885831698 0.04758539502097818
2 0.5103511344473117 0.6742037427505375 0.011157675893442942 0.044460395020978184
1 0.3798359634967846 0.6440641116270065 0.011348676882026166 0.04914789502097818
1 0.4779259536109529 0.6047666585174399 0.011539677870609388 0.053835395020978186
1 0.34890429847775656 0.649508628223746 0.012974843878220454 0.05082879419114121
1 0.31425077277459407 0.5253840439906485 0.013738847832553257 0.06957879419114121
1 0.6330299476794539 0.5884815755337425 0.014983012851581278 0.06188469336130424
1 0.664340956082411 0.6305749097668398 0.017853344866803768 0.055871491701630305
2 0.08011721741393629 0.2459529626573361 0.0435191897336074 0.11233497925407561
1 0.17733972729976805 0.3000503120372805 0.024323520760246665 0.0999766892121194
1 0.2642388439154016 0.46396036930067625 0.015428681824942014 0.07282219336130424
1 0.2940138686299809 0.5830422560232847 0.018235346843970036 0.0652464917016303
1 0.8339677065767024 0.6457649697295279 0.013229511862998321 0.057078794191141216
1 0.7899909190105417 0.46485758923069687 0.02368685079830275 0.0843516892121194
