1 0.48479464681406564 0.2862894663059447 0.010976041356328814 0.034866322930778536
1 0.42256647456432467 0.2785865089335699 0.009195217535011225 0.03009693577564878
1 0.5634825729927481 0.2774666649718922 0.014101041356328814 0.03503009724103805
1 0.5022004706353831 0.2900762075995174 0.010903266749222951 0.033303822930778534
2 0.4868687231165826 0.33082071630594473 0.014392139784752267 0.04128009724103805
1 0.5231337088485589 0.3359685617379604 0.015954639784752266 0.041361984396167804
1 0.33678313998964005 0.42091785108622526 0.021297111248705036 0.05567014586155707
1 0.5387929420993359 0.3022553030315331 0.015663541356328813 0.035111984396167806
1 0.2918087801886771 0.31284972354203394 0.015736315963434677 0.03667448439616781
1 0.6743323358130296 0.3202130076903745 0.017444365177646404 0.03988137155129747
1 0.7300750676160646 0.3400032072608331 0.017735463606069857 0.04613137155129756
1 0.42745733581302964 0.33315117820087525 0.01268409057054054 0.03807321008590829
1 0.7206251389561829 0.3052563930364819 0.01766268899896417 0.04456887155129756
0 0.940248434241453 0.3125421913183167 0.020860463606069857 0.04629514586155707
1 0.7219779313459689 0.4351895545018712 0.024203787427387446 0.05114642017181659
1 0.6368173732404171 0.3723011301461831 0.021078787427387446 0.050982645861557076
1 0.5551842295267233 0.35151831863536537 0.017662688998963994 0.04456887155129756
1 0.23712774234700493 0.4167426854369645 0.019952935070022625 0.06027575870642732
2 0.05561249255189271 0.8240992412935727 0.03917812406898658 0.10492651741285464
1 0.28651562034493294 0.5018679579382017 0.025766287427387447 0.051228307326946165
1 0.25656490880577765 0.6491048060837509 0.03539815260503385 0.09070024310259513
2 0.6317766546719484 0.24726018656861823 0.01268409057054054 0.03807321008590829
1 0.5243472983856422 0.27795134385013603 0.017226041356328815 0.035193871551297565
1 0.3178982452424891 0.30130139190482813 0.012829639784752267 0.04119821008590829
