1 0.4703125 0.3109375 0.009375 0.03359375
1 0.40859375 0.3 0.0078125 0.0296875
1 0.54921875 0.30625 0.01328125 0.03359375
1 0.4875 0.315625 0.01015625 0.0328125
2 0.4703125 0.35546875 0.01328125 0.04140625
1 0.50625 0.3625 0.0140625 0.040625
1 0.31640625 0.4375 0.01875 0.0546875
1 0.5234375 0.3296875 0.0140625 0.03359375
1 0.2765625 0.32734375 0.0140625 0.0359375
1 0.6578125 0.3546875 0.01484375 0.0390625
1 0.7125 0.37734375 0.015625 0.0453125
1 0.4109375 0.3546875 0.01015625 0.0375
1 0.7046875 0.3421875 0.01484375 0.04453125
0 0.9234375 0.3609375 0.01875 0.0453125
1 0.7 0.471875 0.021875 0.05
1 0.61796875 0.4046875 0.01796875 0.04921875
1 0.5375 0.3796875 0.01484375 0.04453125
1 0.2171875 0.428125 0.0171875 0.05859375
2 0.0171875 0.825 0.034375 0.10234375
1 0.2625 0.515625 0.02421875 0.05078125
1 0.22578125 0.6609375 0.03046875 0.0890625
2 0.61875 0.2796875 0.0109375 0.03671875
1 0.51015625 0.3046875 0.01640625 0.03515625
1 0.303125 0.3171875 0.0109375 0.04140625
