1 0.6515625 0.664394555882839 0.00625 0.028489021046687314
1 0.496875 0.6757478267883521 0.009375 0.03804603157003115
1 0.4328125 0.5880727925168978 0.009375 0.050546031570031145
1 0.3765625 0.6804114819370843 0.0078125 0.033267526308359406
2 0.5515625 0.6108438926298373 0.00625 0.04411402104668731
1 0.45625 0.6140514635918201 0.0078125 0.04576752630835923
1 0.609375 0.6426329479479789 0.009375 0.04429603157003115
1 0.290625 0.650260521329036 0.009375 0.04585853157003115
1 0.4421875 0.6445580109468667 0.00625 0.04411402104668731
1 0.578125 0.5796093031814158 0.009375 0.04585853157003115
1 0.6875 0.5896451848643864 0.0078125 0.04889252630835923
1 0.72578125 0.5975718059534261 0.0078125 0.05045502630835941
1 0.7484375 0.5470334796591843 0.009375 0.056796031570031144
1 0.425 0.573684068825257 0.015625 0.05091005261671846
1 0.225 0.5962702423192537 0.009375 0.05367103157003115
1 0.7328125 0.4541935322759027 0.0140625 0.07113154735504672
1 0.2234375 0.48151749758092555 0.0125 0.0632280420933748
1 0.7046875 0.2738003769859961 0.0296875 0.09547909997176518
2 0.3171875 0.7018384318806147 0.009375 0.034921031570031145
1 0.57890625 0.6858138005505798 0.009375 0.041171031570031144
