1 0.3543485868969564 0.5850233935088059 0.007204746239076343 0.033103598428423454
1 0.5592406753767586 0.5684586699779386 0.01350021034569906 0.03495719685684691
1 0.25890570625557086 0.5403166691493692 0.009130959092057722 0.04567637303552914
2 0.39180913446881627 0.5310058275453712 0.013727530878812377 0.04276969685684691
1 0.4059792830568904 0.5802780814743127 0.010284282132453627 0.03168664764263518
0 0.7290985343105316 0.5761512378034002 0.010284282132453627 0.03168664764263518
1 0.5856500626820615 0.518856776264245 0.015244566772189572 0.04127997146395259
1 0.645417519266837 0.4489766158013282 0.02020485141192587 0.05087329528527036
1 0.20518131268206158 0.5365773930945211 0.00917642319868044 0.047238873035529136
2 0.7852134566512823 0.3636662003760127 0.02525606426490725 0.06359161910658787
1 0.5294455267886843 0.5199141621200558 0.013772994985435005 0.0443321968568469
1 0.4663521448936575 0.46277805831494884 0.010920779625171129 0.05356164764263518
1 0.631985505081072 0.4815900626581751 0.015517351411925872 0.05065497146395259
1 0.3198492179340534 0.48364498407934653 0.01560827962517113 0.05377997146395277
1 0.4906390910535915 0.45930630190480815 0.01073892319868044 0.04731164764263518
1 0.588741621932404 0.41260677626424486 0.014136707838416385 0.05683219685684691
1 0.34047996668041214 0.4717614141869704 0.015517351411925784 0.05065497146395277
1 0.5033293076674967 0.47900021774440826 0.012483279625171307 0.05363442224974104
1 0.2908329708370473 0.3547045008285695 0.01606292069139794 0.06940497146395277
1 0.13955997585161217 0.4054408631107318 0.014273100158284535 0.061519696856846905
1 0.35569945289035865 0.35090310463367647 0.01762542069139794 0.06947774607105854
1 0.5657778318823915 0.5314852088530682 0.013591138558944315 0.038082196856846905
1 0.5781952638565606 0.5605541246926683 0.01350021034569906 0.03495719685684691
2 0.2010357187919832 0.652238780398074 0.0071138180258309095 0.02997859842842345
