1 0.5387348572179136 0.32634983214508895 0.010375210345699059 0.034647784639736126
1 0.6001353584715547 0.3172081643566848 0.00867631802583091 0.029914820533113406
1 0.45969221489804557 0.3193663947606435 0.01350021034569906 0.03473871285298147
1 0.5216837495377816 0.3305372269722394 0.010329746239076343 0.033085284639736125
2 0.54003058425666 0.3708810821450889 0.013682066772189572 0.04098871285298138
1 0.5042976727364621 0.3768666576927672 0.015244566772189749 0.041034176959604096
1 0.6963236998543507 0.45739054664742296 0.020341243731793846 0.05523306927947225
1 0.4861554264973858 0.3435540525199177 0.01506271034569906 0.0347841769596041
1 0.7329622303374517 0.34839363136630136 0.015108174452321776 0.0363466769596041
1 0.3525078522033486 0.36464413935036716 0.016761602665567032 0.039517141066226814
1 0.2984795817493775 0.38570914561857333 0.016943459092057724 0.04576714106622681
1 0.5993828522033486 0.3718274681967507 0.010466138558944316 0.03777278463973612
1 0.30526913935036715 0.35078021615168675 0.016897994985435094 0.04420464106622681
0 0.08706470862983935 0.3631652412245113 0.020068459092057768 0.045858069279472245
1 0.3137301602000497 0.48060410847155477 0.023329851411925784 0.0506364974927175
1 0.39380645361527444 0.41580347406924556 0.020204851411925694 0.0505455692794722
1 0.47354777790931146 0.39314487556031363 0.016897994985435004 0.04420464106622681
1 0.7952696652146146 0.45090251741796317 0.01891513605166182 0.05987510517284953
2 0.9940648663891135 0.8535969230656665 0.011870267221772934 0.10412521034569906
1 0.7525031551854848 0.5370840583259054 0.026454851411925873 0.050727425705962934
1 0.7934500671013941 0.6834649648315385 0.03384145407749273 0.08997178213245363
2 0.3893880750854599 0.2907807420159342 0.012028638558944316 0.03781824874635875
1 0.49870925079142286 0.31894049742621056 0.01662521034569906 0.03482964106622681
1 0.7061042136444042 0.33746449155371583 0.012119566772189571 0.04094324874635884
