1 0.6096526460852688 0.635133904081769 0.03288522533418181 0.006631808004454243
1 0.6002396413908155 0.4303645880808145 0.03452045066836362 0.012899989337999785
1 0.5615611387650864 0.7314361920750875 0.04540340666772717 0.008339758672817865
2 0.5568907254137235 0.5985873294079965 0.04233295066836362 0.012990896005726959
1 0.6067089120782692 0.5835441320814507 0.03135908800127254 0.009738626670908879
0 0.6138828760343621 0.26023390141626895 0.03135908800127254 0.009738626670908879
1 0.5515112400540885 0.40480096674090565 0.040788632001908985 0.014535214672181596
1 0.48365103071290694 0.3462066693984515 0.05021817600254543 0.019331802673454312
1 0.5559383947724041 0.7852697167409056 0.046965906667727354 0.008357940006363408
2 0.4031448233609078 0.20778851205440657 0.06277272000318171 0.02416475334181778
1 0.5506032680617243 0.46103278540736026 0.043895450668363624 0.013009077339272323
1 0.49120154340386046 0.5251765540658606 0.053234088001272536 0.009993165340545219
1 0.5158277313812706 0.35907938673613315 0.05016363200190917 0.014644302673454224
1 0.5069639980903595 0.6714339360677697 0.05328863200190916 0.014680665340545218
1 0.48857598273390596 0.5009305320655424 0.04698408800127254 0.009920440006363407
1 0.4452612400540884 0.4035646360598154 0.05639545066836362 0.013154528007635991
1 0.49579014075426875 0.6509941667329515 0.050163632001908987 0.014644302673454134
1 0.5087339413987697 0.48788563940163315 0.05325226933481808 0.011555665340545218
1 0.37687705609481387 0.702728294716725 0.06891363200190899 0.014862478675999569
1 0.42237246411517654 0.8532373720559974 0.061082950668363625 0.013209072008272215
1 0.37534128075267786 0.6378754540499523 0.06893181333545435 0.01642497867599957
1 0.5634572567234064 0.4244685767424965 0.037645450668363625 0.01293635200509069
1 0.5929902153882702 0.41153277207985994 0.03452045066836362 0.012899989337999785
2 0.6715724854391769 0.7873963854232686 0.029760225334181812 0.006595445337363515
