1 0.49679684817972747 0.6947632285964578 0.013409282132453626 0.03139545066836362
2 0.26522859943336874 0.7083915659611837 0.010466138558944316 0.037609088001272536
1 0.39870032897939767 0.6841899026098208 0.010193353919208281 0.02823408800127254
1 0.3722742212992657 0.6798114852800934 0.01662521034569897 0.03455681333545435
2 0.46100175217807804 0.6366058306015484 0.01055706677218975 0.04073408800127254
1 0.5537515418323791 0.6698899505888217 0.010466138558944316 0.03760908800127272
1 0.38141354057873783 0.6609614879455934 0.01368206677218975 0.04077045066836362
1 0.4176609291376822 0.6230524079408208 0.013863923198680439 0.04702045066836362
1 0.574064041832379 0.669653593252731 0.01055706677218975 0.04073408800127254
1 0.28738239575158736 0.6448739586250929 0.012255959092057723 0.04543976933481808
1 0.5010728227111916 0.6283297065961395 0.010647994985435005 0.04385908800127254
0 0.9628825009244368 0.6198321225334606 0.012392351411925873 0.05012726933481808
1 0.17127166244463476 0.6360722179742284 0.01073892319868044 0.04698408800127254
1 0.18811583313603272 0.5671494953055467 0.017261707838416518 0.05643181333545435
1 0.6308261703621936 0.544035427912186 0.014227636051661819 0.059520450668363624
1 0.4147094253767586 0.5902853612746846 0.013954851411925873 0.05014545066836362
1 0.3971043882297399 0.5779944466104572 0.01569920783841656 0.056413632001908985
1 0.6692067087628534 0.5670183945735496 0.014227636051661819 0.059520450668363624
1 0.6575538064138555 0.4843695265754587 0.020568564264907253 0.06271817600254544
1 0.26161683227810295 0.4030682666295472 0.02106866943775678 0.07990567600254525
1 0.8207765351019546 0.29659571188736883 0.02469377461060631 0.09712953866963625
1 0.3800639892459543 0.6805018286123661 0.01193771034569906 0.03450226933481808
1 0.4701661520197934 0.6974160612667303 0.010375210345699059 0.03448408800127254
2 0.8667088122198432 0.22108663454809635 0.034432487463587694 0.10973862667090888
