1 0.29487691333809685 0.44362300171585967 0.03982732450563216 0.012074102665567032
1 0.2958984639585155 0.417864483769171 0.03993658514929388 0.013636602665567033
2 0.3229801340050017 0.46541543369002875 0.04462408514929388 0.013772994985435005
1 0.32771082869300605 0.30856604011651945 0.045968063861970346 0.010693459092057721
1 0.4104354834042535 0.17361672710525342 0.05534306386197034 0.010966243731793845
1 0.31626060441980497 0.5615091836900288 0.044405563861970435 0.010647994985435005
1 0.3125128915465703 0.5928046477966513 0.04753056386197043 0.01073892319868044
1 0.34876600988735706 0.20815686315691528 0.04753056386197034 0.01073892319868044
0 0.294867661573386 0.9566398272635379 0.05087408514929388 0.013954851411925517
1 0.35335568487752184 0.36551472209068847 0.050764824505632154 0.012392351411925785
1 0.36238148759162747 0.5040316528112163 0.04920232450563215 0.012346887305303155
1 0.3954939083944183 0.33154288737181015 0.05388982450563216 0.012483279625171128
1 0.374892923225454 0.659599691211876 0.06024908514929379 0.014227636051661819
1 0.4100427274521688 0.357628014252272 0.060139824505632156 0.012665136051661818
1 0.5937835789451077 0.22753603431053165 0.08390510643661742 0.018034597651002036
1 0.42228137545502686 0.6285937321198183 0.06671760643661742 0.017534492478152686
1 0.4842243645592637 0.7016387755350431 0.06671760643661742 0.017534492478152686
1 0.6438400291578683 0.7827570802330388 0.10007640965492612 0.02630173871722885
2 0.6840501298945024 0.8767056570343584 0.10251299480421991 0.03884720282385175
2 0.2701986134739829 0.25020562232811533 0.036593063861970344 0.010420674452321598
1 0.2927348951528665 0.3181600004622184 0.035139824505632154 0.01193771034569906
1 0.2902601051761097 0.34240148251552976 0.03859260643661742 0.016716138558944316
1 0.25095231469514967 0.5142908543814266 0.03837408514929388 0.013591138558944315
1 0.2650258863507902 0.5583219992085772 0.03837408514929388 0.013591138558944494
