1 0.4648798952875965 0.6998290258848362 0.011619338473758489 0.03969953683170289
1 0.43911228205707176 0.6991086890672508 0.013181838473758489 0.039790542093374806
2 0.4870179480475401 0.6714611021790781 0.013263659090609536 0.0444780420933748
1 0.33009579220334145 0.6685650733810572 0.010165932629559827 0.04585853157003115
1 0.19600143587267543 0.5873921261389501 0.011892073863261876 0.05532453683170289
1 0.5831116980475402 0.6770579257718967 0.010138659090609537 0.04429603157003115
1 0.6143889715864905 0.6804405310053336 0.010193206168510115 0.04742103157003115
1 0.2298503303527884 0.6486782366340589 0.010193206168510206 0.04742103157003115
0 0.9783151038917388 0.6938322569748745 0.013372753246410695 0.05072804209337463
1 0.38739009496328497 0.6422447680629156 0.011810253246410874 0.050637036831702883
1 0.5261253124958809 0.6315942363517102 0.011782979707460584 0.04907453683170289
1 0.35388211972005135 0.6004899075678068 0.011864800324311631 0.053762036831702886
1 0.6819662094116258 0.6172572625188951 0.013536394480112967 0.0601030420933748
1 0.38015824756107275 0.5856307470162282 0.011973894480112967 0.060012036831702885
1 0.25210361119863467 0.40335032608248034 0.017070497564368025 0.08372255261671846
1 0.6514877767820659 0.57021566254713 0.016770488635914304 0.06653505261671847
1 0.7253150146072013 0.5073964151073788 0.016770488635914304 0.06653505261671847
1 0.8083615194784652 0.34677670449933046 0.025155732953871367 0.09980257892507768
2 0.9028558133099551 0.3054530254613132 0.036120506492821745 0.10200211575678067
2 0.27101684699187983 0.726780120806691 0.01000229139585782 0.03648353157003115
1 0.3392895600602489 0.7034406023202523 0.011537517856907441 0.035012036831702883
1 0.3635219468297241 0.705632433876166 0.0162795649348082 0.03841005261671846
1 0.5350929837613551 0.7429412600292336 0.013154564934808021 0.038228042093374805
1 0.5793242248329012 0.7283474099868812 0.0131545649348082 0.038228042093374805
