1 0.5122395833333333 0.37453703703703706 0.008854166666666666 0.032407407407407406
2 0.48802083333333335 0.4212962962962963 0.008333333333333333 0.037037037037037035
1 0.45598958333333334 0.38981481481481484 0.008854166666666666 0.03888888888888889
1 0.734375 0.4601851851851852 0.011458333333333333 0.04814814814814815
1 0.7286458333333333 0.4324074074074074 0.010416666666666666 0.046296296296296294
1 0.6609375 0.41898148148148145 0.009375 0.04351851851851852
1 0.7515625 0.4537037037037037 0.011458333333333333 0.046296296296296294
1 0.27630208333333334 0.4388888888888889 0.009895833333333333 0.046296296296296294
1 0.6453125 0.4074074074074074 0.009375 0.04259259259259259
1 0.5640625 0.4101851851851852 0.010416666666666666 0.040740740740740744
1 0.22994791666666667 0.43703703703703706 0.0078125 0.046296296296296294
1 0.37109375 0.4837962962962963 0.0109375 0.05277777777777778
1 0.5760416666666667 0.4842592592592593 0.0125 0.04814814814814815
1 0.41510416666666666 0.4740740740740741 0.009375 0.05
1 0.5598958333333334 0.4837962962962963 0.0125 0.049074074074074076
1 0.5375 0.475 0.017708333333333333 0.04259259259259259
2 0.9444947916666667 0.5604629629629629 0.022208333333333333 0.057962962962962966
1 0.659375 0.5254629629629629 0.011458333333333333 0.05462962962962963
1 0.190625 0.575925925925926 0.021875 0.06296296296296296
1 0.2671875 0.6069444444444444 0.015625 0.0712962962962963
1 0.39166666666666666 0.5796296296296296 0.01875 0.06481481481481481
0 0.777234375 0.37454629629629627 0.011151041666666667 0.04210185185185185
1 0.7487708333333334 0.43603703703703706 0.010677083333333334 0.042638888888888886
2 0.18397395833333335 0.33075 0.010364583333333333 0.03322222222222222
