1 0.5979924111935103 0.3793796791376822 0.00873638257342364 0.03299435642649069
1 0.3927721149277768 0.39236672710525344 0.015104781743586492 0.03473871285298138
1 0.6911378373333752 0.425779654527076 0.011246075934727706 0.04553982053311341
2 0.5580885389930491 0.4327691035900038 0.015696777594401645 0.04255121285298138
1 0.5462523124382658 0.38322374465623066 0.01174298340326061 0.03152278463973612
0 0.22364360662940702 0.38169731472712565 0.011742983403260432 0.03152278463973612
1 0.36410174065272305 0.44153165281121626 0.017140878424238615 0.041034176959604096
1 0.301198076335713 0.5104013247562555 0.0225387734452168 0.05054556927947225
1 0.7445704906527231 0.43046114284859344 0.011364475104890737 0.047102320533113404
2 0.1577189182424803 0.5933084161390514 0.028173466806520952 0.06318196159934023
1 0.42023334148256 0.4414574449727998 0.015815176764564676 0.04411371285298138
1 0.4805187234312836 0.4997269345479586 0.013400571785542858 0.05339778463973595
1 0.316125259324055 0.47800636190327406 0.0178512734452168 0.0504091769596041
1 0.6276780659627509 0.4814135405787378 0.01808807178554268 0.05353417695960409
1 0.45612237467603906 0.5027753782006101 0.012926975104890737 0.04714778463973594
1 0.3560505970816374 0.5477816528112163 0.016762370125868918 0.05661371285298138
1 0.6065367717716097 0.4929420739648327 0.0178512734452168 0.0504091769596041
1 0.44438031388815846 0.4828493231069029 0.014963071785542681 0.05344324874635884
1 0.6506042352541384 0.6109275443396616 0.019272063487172985 0.0691591769596041
1 0.803919412018703 0.5628129901038841 0.017117567636357835 0.06130121285298138
1 0.5857012856690569 0.6135955547645028 0.020834563487172986 0.06920464106622681
1 0.3845209844289458 0.42924460147843285 0.015341580083912554 0.03786371285298138
1 0.37348931866204316 0.39994354638472557 0.015104781743586492 0.03473871285298138
2 0.7541132792447869 0.31481341079528213 0.008499584233097402 0.02986935642649069
