1 0.4739305853755435 0.3383300837632266 0.009774989337999784 0.034921031570031145
1 0.41208456604072535 0.32379787592718856 0.008157945337363515 0.03014252630835923
1 0.5527822913749072 0.33823834947765496 0.012899989337999785 0.0351030420933748
1 0.4911726293761799 0.3440186416416169 0.009756808004454243 0.033358531570031144
2 0.4744487533815887 0.3828613337632266 0.012972714672181595 0.0413530420933748
1 0.5104680693825432 0.3919857047816791 0.014535214672181596 0.04144404735504672
1 0.32149702339272457 0.45592856548854943 0.01938634667409058 0.05577956314006212
1 0.5272737613780889 0.3601742626600694 0.014462489337999785 0.03519404735504663
1 0.2803714893777707 0.3434516813159173 0.014480670671545237 0.03675654735504663
1 0.661939662714816 0.3930007151638485 0.016079533338636053 0.03997255261671846
1 0.7168907920512249 0.4188421493223632 0.016152258672817867 0.04622255261671846
1 0.4150646627148159 0.3786218838196963 0.011373852005090512 0.038137036831702886
1 0.7086692120464524 0.38323087301400394 0.016134077339272503 0.04466005261671846
0 0.9276373880489978 0.4147216096480628 0.019277258672817866 0.04640456314006212
1 0.7054907627307243 0.5126453572289884 0.022456802673454134 0.05127407366340577
1 0.6226777153882702 0.44068008099121625 0.019331802673454135 0.051092063140062295
1 0.5419180640515431 0.4109933100151161 0.016134077339272503 0.04466005261671846
1 0.22216918539145186 0.44077473137238704 0.01787839067472685 0.0603760578783902
2 0.026787244111994846 0.8260010578783904 0.035574968013999356 0.10512711575678076
1 0.2684998400699968 0.5309138839608707 0.024019302673454222 0.05136507892507787
1 0.23347195408972315 0.6740877603115821 0.03228633601209037 0.09088260523343691
2 0.6220044587046346 0.3157255836220522 0.01137385200509069 0.038137036831702976
1 0.5137016100413617 0.3344007179358587 0.016024989337999784 0.03528505261671846
1 0.3068158107097253 0.33484252076433874 0.011410214672181595 0.04126203683170297
