1 0.5498269112869771 0.7369465230520342 0.013955492142117266 0.03212408514929379
2 0.31908633353671806 0.7317134477900975 0.01112159057054054 0.038155563861970346
1 0.4508436017336831 0.718344352501345 0.010684942927905361 0.02878056386197052
1 0.4240627779123655 0.7117994215590955 0.017226041356328815 0.035467606436617415
2 0.5095978635205074 0.6757305176041527 0.011267139784752267 0.04128056386197052
1 0.6049489048768363 0.7166611562238568 0.011121590570540718 0.03815556386197052
1 0.4317832326270953 0.693650355099235 0.014392139784752267 0.04149908514929379
1 0.46519289205655473 0.658608719581624 0.014683238213175898 0.04774908514929379
1 0.6252614048768363 0.7180815445914593 0.011267139784752444 0.04128056386197052
1 0.33645146194893083 0.6698525861577 0.013047963606069857 0.04607732450563216
1 0.549077740484978 0.670704164017527 0.011412688998963994 0.04440556386197052
1 0.21957217700274273 0.6515564182049008 0.01155823821317572 0.04753056386197052
1 0.231213844290085 0.5838443943196874 0.0182448858558109 0.05734260643661741
1 0.6725644363083676 0.5967964064759583 0.015265435070022449 0.06024908514929379
1 0.45975837530733166 0.6255230679724697 0.014828787427387446 0.05087408514929379
1 0.4412074284504849 0.6117665705703598 0.016682385855810722 0.0572333457929556
1 0.7127185554149555 0.6229654225675016 0.015265435070022449 0.06024908514929379
1 0.6947990012383451 0.539169576774546 0.021660984284234176 0.06381112772394086
1 0.29235889784752295 0.4253706126408036 0.02246150496239867 0.08099862772394087
1 0.8439513229927481 0.36426740178438133 0.026387025640563166 0.0984046490112643
1 0.43191166521591845 0.7131269747774042 0.012538541356328814 0.035139824505632154
1 0.5233735731976358 0.7374328421097849 0.010976041356328991 0.03503056386197052
2 0.8842081418516669 0.29232669980690984 0.036344222497410074 0.11156021287323466
