1 0.628125 0.39765625 0.00703125 0.0328125
1 0.4234375 0.4046875 0.01328125 0.034375
1 0.725 0.446875 0.0078125 0.0453125
2 0.5921875 0.45 0.0125 0.0421875
1 0.5765625 0.4 0.009375 0.03125
0 0.253125 0.3890625 0.00859375 0.03046875
1 0.3984375 0.453125 0.0140625 0.040625
1 0.340625 0.5203125 0.01953125 0.05
1 0.77890625 0.453125 0.0078125 0.046875
2 0.203125 0.59921875 0.0234375 0.06328125
1 0.4546875 0.4546875 0.0125 0.04296875
1 0.51953125 0.51484375 0.01015625 0.05234375
1 0.353125 0.48828125 0.0140625 0.05078125
1 0.665625 0.50078125 0.0140625 0.053125
1 0.4953125 0.5171875 0.009375 0.046875
1 0.3984375 0.559375 0.01171875 0.05546875
1 0.6453125 0.51171875 0.0140625 0.05078125
1 0.48203125 0.496875 0.0109375 0.05234375
1 0.6984375 0.63125 0.0140625 0.06875
1 0.8484375 0.5875 0.01171875 0.0609375
1 0.63359375 0.63203125 0.01640625 0.06953125
1 0.41796875 0.44140625 0.01328125 0.0375
1 0.4046875 0.41171875 0.01171875 0.03515625
2 0.7796875 0.3375 0.00703125 0.0296875
