1 0.70078125 0.5171875 0.03125 0.0125
2 0.71171875 0.2859375 0.0375 0.009375
1 0.6890625 0.41875 0.028125 0.009375
1 0.684375 0.3921875 0.034375 0.015625
2 0.6421875 0.4796875 0.040625 0.009375
1 0.6765625 0.5734375 0.0375 0.009375
1 0.665625 0.40078125 0.040625 0.0125
1 0.628125 0.4359375 0.046875 0.0125
1 0.6765625 0.59375 0.040625 0.009375
1 0.6484375 0.30625 0.0453125 0.009375
1 0.634375 0.51953125 0.04375 0.009375
0 0.63125 0.98125 0.05 0.0109375
1 0.63828125 0.18984375 0.046875 0.009375
1 0.56953125 0.2046875 0.05625 0.015625
1 0.5515625 0.646875 0.059375 0.0125
1 0.5953125 0.43203125 0.05 0.0125
1 0.5828125 0.4140625 0.05625 0.0140625
1 0.575 0.6859375 0.059375 0.0125
1 0.4921875 0.671875 0.0625 0.01875
1 0.40625 0.2734375 0.0796875 0.01875
1 0.30625 0.8296875 0.096875 0.021875
1 0.68515625 0.4 0.034375 0.0109375
1 0.703125 0.490625 0.034375 0.0109375
2 0.23125 0.8734375 0.109375 0.03125
