1 0.5296875 0.3109375 0.009375 0.03359375
1 0.59140625 0.3 0.0078125 0.0296875
1 0.45078125 0.30625 0.01328125 0.03359375
1 0.5125 0.315625 0.01015625 0.0328125
2 0.5296875 0.35546875 0.01328125 0.04140625
1 0.49375 0.3625 0.0140625 0.040625
1 0.68359375 0.4375 0.01875 0.0546875
1 0.4765625 0.3296875 0.0140625 0.03359375
1 0.7234375 0.32734375 0.0140625 0.0359375
1 0.3421875 0.3546875 0.01484375 0.0390625
1 0.2875 0.37734375 0.015625 0.0453125
1 0.5890625 0.3546875 0.01015625 0.0375
1 0.2953125 0.3421875 0.01484375 0.04453125
0 0.0765625 0.3609375 0.01875 0.0453125
1 0.3 0.471875 0.021875 0.05
1 0.38203125 0.4046875 0.01796875 0.04921875
1 0.4625 0.3796875 0.01484375 0.04453125
1 0.7828125 0.428125 0.0171875 0.05859375
2 0.9828125 0.825 0.034375 0.10234375
1 0.7375 0.515625 0.02421875 0.05078125
1 0.77421875 0.6609375 0.03046875 0.0890625
2 0.38125 0.2796875 0.0109375 0.03671875
1 0.48984375 0.3046875 0.01640625 0.03515625
1 0.696875 0.3171875 0.0109375 0.04140625
