1 0.4193155022779001 0.3765021493873157 0.033176521046687314 0.006631808004454331
1 0.43826844155691236 0.5812714653882702 0.0351030420933748 0.012899989337999785
1 0.4628919260542454 0.2801998613939972 0.04576752630835923 0.008339758672817865
2 0.47375237329635256 0.4130487240610881 0.0429155420933748 0.012990896005726959
1 0.424662425913071 0.42809192138763386 0.03179603157003115 0.009738626670908879
0 0.43256301507914385 0.7514021520528157 0.03179603157003115 0.009738626670909056
1 0.48816202574366196 0.606835086728179 0.04144404735504672 0.014535214672181596
1 0.5587167204255203 0.665429384070633 0.051092063140062295 0.019331802673454135
1 0.4660022445265667 0.22636633672817902 0.04733002630835923 0.008357940006363408
2 0.6456314334526431 0.8038475414146781 0.06386507892507769 0.02416475334181776
1 0.48644833632347534 0.5506032680617243 0.0444780420933748 0.013009077339272323
1 0.5428278679640937 0.48645949940322397 0.05367103157003115 0.009993165340545219
1 0.5259574283321455 0.6525566667329515 0.05081904735504672 0.014644302673454134
1 0.5202563759977756 0.34020211740131506 0.05394404735504672 0.01468066534054513
1 0.5465821995200073 0.5107055214035422 0.04742103157003115 0.009920440006363407
1 0.5944120257436618 0.6080714174092693 0.0569780420933748 0.013154528007635946
1 0.5323769443995097 0.3606418867361332 0.05081904735504672 0.014644302673454224
1 0.527043244244218 0.5237504140674515 0.053762036831702886 0.011555665340545218
1 0.6488140155026668 0.3089077587523597 0.06956904735504672 0.014862478675999569
1 0.5963275103821694 0.15839868141308724 0.061665542093374805 0.013209072008272349
1 0.6533719838620486 0.3737605994191324 0.06966005261671845 0.01642497867599957
1 0.4753057099727638 0.5871674767265882 0.038228042093374805 0.01293635200509069
1 0.44639175469697445 0.6001032813892248 0.03510304209337463 0.012899989337999785
2 0.3503317418957307 0.22423966804581608 0.0300515210466874 0.0065954453373634255
